Vertex Count: 288

Data:

36 12.6865 -282.227 0.266388 0.0898765 0.204124 -0.408248 0.353553
36 22.6865 -270.68 0.28398 0.0798556 0.204124 -0.408248 0.353553
26 12.6865 -276.453 0.278373 0.0996535 0.204124 -0.408248 0.353553
36 12.6865 -282.227 0.266388 0.0898765 0.204124 -0.408248 0.353553
26 12.6865 -276.453 0.278373 0.0996535 0.204124 -0.408248 0.353553
26 2.68652 -288 0.260781 0.109674 0.204124 -0.408248 0.353553
36 12.6865 -282.227 0.266388 0.0898765 0.433013 -0.288675 0.25
46 22.6865 -288 0.260944 0.0716925 0.433013 -0.288675 0.25
36 22.6865 -270.68 0.28398 0.0798556 0.433013 -0.288675 0.25
46 22.6865 -288 0.260944 0.0716925 0.474826 -0.180886 0.274141
42 26.1865 -278.762 0.274658 0.0716925 0.474826 -0.180886 0.274141
36 22.6865 -270.68 0.28398 0.0798556 0.474826 -0.180886 0.274141
42 26.1865 -278.762 0.235124 0.105347 0.190094 0.4345 0.329252
32 29.6865 -277.608 0.235636 0.119718 0.190094 0.4345 0.329252
26 26.1865 -269.525 0.223949 0.127692 0.190094 0.4345 0.329252
42 26.1865 -278.762 0.235124 0.105347 0.190094 0.4345 0.329252
26 26.1865 -269.525 0.223949 0.127692 0.190094 0.4345 0.329252
36 22.6865 -270.68 0.223438 0.113321 0.190094 0.4345 0.329252
42 26.1865 -278.762 0.235124 0.105347 0.19868 0.529813 0.114708
38 29.6865 -288 0.248208 0.110446 0.19868 0.529813 0.114708
32 29.6865 -277.608 0.235636 0.119718 0.19868 0.529813 0.114708
36 12.6865 -293.773 0.310168 0.0894345 0.408248 -0.408248 -8.42937e-08
46 22.6865 -288 0.323438 0.073826 0.408248 -0.408248 -8.42937e-08
36 12.6865 -282.227 0.323438 0.0926417 0.408248 -0.408248 -8.42937e-08
36 12.6865 -293.773 0.310168 0.0894345 0.408248 -0.408248 -8.42937e-08
36 12.6865 -282.227 0.323438 0.0926417 0.408248 -0.408248 -8.42937e-08
26 2.68652 -288 0.310168 0.10825 0.408248 -0.408248 -8.42937e-08
36 12.6865 -293.773 0.310168 0.0894345 0.433013 -0.288675 -0.25
36 22.6865 -305.32 0.296898 0.073826 0.433013 -0.288675 -0.25
46 22.6865 -288 0.323438 0.073826 0.433013 -0.288675 -0.25
36 22.6865 -305.32 0.296898 0.073826 0.474826 -0.180886 -0.274141
42 26.1865 -297.238 0.310168 0.0688441 0.474826 -0.180886 -0.274141
46 22.6865 -288 0.323438 0.073826 0.474826 -0.180886 -0.274141
42 26.1865 -297.238 0.257476 0.102966 0.380188 0.4345 -7.00892e-08
38 29.6865 -288 0.248208 0.110446 0.380188 0.4345 -7.00892e-08
42 26.1865 -278.762 0.235124 0.105347 0.380188 0.4345 -7.00892e-08
42 26.1865 -297.238 0.257476 0.102966 0.380188 0.4345 -7.00892e-08
42 26.1865 -278.762 0.235124 0.105347 0.380188 0.4345 -7.00892e-08
46 22.6865 -288 0.244392 0.0978668 0.380188 0.4345 -7.00892e-08
42 26.1865 -297.238 0.257476 0.102966 0.19868 0.529813 -0.114708
32 29.6865 -298.392 0.260781 0.11704 0.19868 0.529813 -0.114708
38 29.6865 -288 0.248208 0.110446 0.19868 0.529813 -0.114708
26 12.6865 -299.547 0.296898 0.0926417 0.204124 -0.408248 -0.353553
36 22.6865 -305.32 0.296898 0.073826 0.204124 -0.408248 -0.353553
36 12.6865 -293.773 0.310168 0.0894345 0.204124 -0.408248 -0.353553
26 12.6865 -299.547 0.296898 0.0926417 0.204124 -0.408248 -0.353553
36 12.6865 -293.773 0.310168 0.0894345 0.204124 -0.408248 -0.353553
26 2.68652 -288 0.310168 0.10825 0.204124 -0.408248 -0.353553
26 12.6865 -299.547 0.278373 0.137635 0 -0.288675 -0.5
16 22.6865 -305.32 0.28398 0.117837 0 -0.288675 -0.5
36 22.6865 -305.32 0.296898 0.139005 0 -0.288675 -0.5
16 22.6865 -305.32 0.28398 0.117837 -6.41932e-08 -0.180886 -0.548282
26 26.1865 -306.475 0.293833 0.125318 -6.41932e-08 -0.180886 -0.548282
36 22.6865 -305.32 0.296898 0.139005 -6.41932e-08 -0.180886 -0.548282
26 26.1865 -306.475 0.23029 0.0853142 0.190094 0.4345 -0.329252
32 29.6865 -298.392 0.244206 0.0868832 0.190094 0.4345 -0.329252
42 26.1865 -297.238 0.249124 0.0978668 0.190094 0.4345 -0.329252
26 26.1865 -306.475 0.23029 0.0853142 0.190094 0.4345 -0.329252
42 26.1865 -297.238 0.249124 0.0978668 0.190094 0.4345 -0.329252
36 22.6865 -305.32 0.235209 0.0962977 0.190094 0.4345 -0.329252
26 26.1865 -306.475 0.23029 0.0853142 0 0.529813 -0.229416
20 29.6865 -298.392 0.237143 0.0727615 0 0.529813 -0.229416
32 29.6865 -298.392 0.244206 0.0868832 0 0.529813 -0.229416
16 12.6865 -293.773 0.266388 0.127858 -0.204124 -0.408248 -0.353553
16 22.6865 -305.32 0.28398 0.117837 -0.204124 -0.408248 -0.353553
26 12.6865 -299.547 0.278373 0.137635 -0.204124 -0.408248 -0.353553
16 12.6865 -293.773 0.266388 0.127858 -0.204124 -0.408248 -0.353553
26 12.6865 -299.547 0.278373 0.137635 -0.204124 -0.408248 -0.353553
26 2.68652 -288 0.260781 0.147656 -0.204124 -0.408248 -0.353553
16 12.6865 -293.773 0.266388 0.127858 -0.433013 -0.288675 -0.25
6 22.6865 -288 0.260944 0.109674 -0.433013 -0.288675 -0.25
16 22.6865 -305.32 0.28398 0.117837 -0.433013 -0.288675 -0.25
6 22.6865 -288 0.260944 0.109674 -0.474827 -0.180886 -0.274141
10 26.1865 -297.238 0.274658 0.109674 -0.474827 -0.180886 -0.274141
16 22.6865 -305.32 0.28398 0.117837 -0.474827 -0.180886 -0.274141
10 26.1865 -297.238 0.23029 0.0602089 -0.190094 0.4345 -0.329252
20 29.6865 -298.392 0.237143 0.0727615 -0.190094 0.4345 -0.329252
26 26.1865 -306.475 0.23029 0.0853142 -0.190094 0.4345 -0.329252
10 26.1865 -297.238 0.23029 0.0602089 -0.190094 0.4345 -0.329252
26 26.1865 -306.475 0.23029 0.0853142 -0.190094 0.4345 -0.329252
16 22.6865 -305.32 0.223438 0.0727615 -0.190094 0.4345 -0.329252
10 26.1865 -297.238 0.23029 0.0602089 -0.19868 0.529813 -0.114708
14 29.6865 -288 0.244206 0.0586398 -0.19868 0.529813 -0.114708
20 29.6865 -298.392 0.237143 0.0727615 -0.19868 0.529813 -0.114708
16 12.6865 -282.227 0.310168 0.128841 -0.408248 -0.408248 -0
6 22.6865 -288 0.323438 0.113232 -0.408248 -0.408248 -0
16 12.6865 -293.773 0.323438 0.132048 -0.408248 -0.408248 -0
16 12.6865 -282.227 0.310168 0.128841 -0.408248 -0.408248 -0
16 12.6865 -293.773 0.323438 0.132048 -0.408248 -0.408248 -0
26 2.68652 -288 0.310168 0.147656 -0.408248 -0.408248 -0
16 12.6865 -282.227 0.310168 0.128841 -0.433013 -0.288675 0.25
16 22.6865 -270.68 0.296898 0.113232 -0.433013 -0.288675 0.25
6 22.6865 -288 0.323438 0.113232 -0.433013 -0.288675 0.25
16 22.6865 -270.68 0.296898 0.113232 -0.474826 -0.180887 0.274141
10 26.1865 -278.762 0.310168 0.10825 -0.474826 -0.180887 0.274141
6 22.6865 -288 0.323438 0.113232 -0.474826 -0.180887 0.274141
10 26.1865 -278.762 0.249124 0.0476562 -0.380188 0.4345 8.76115e-08
14 29.6865 -288 0.244206 0.0586398 -0.380188 0.4345 8.76115e-08
10 26.1865 -297.238 0.23029 0.0602089 -0.380188 0.4345 8.76115e-08
10 26.1865 -278.762 0.249124 0.0476562 -0.380188 0.4345 8.76115e-08
10 26.1865 -297.238 0.23029 0.0602089 -0.380188 0.4345 8.76115e-08
6 22.6865 -288 0.235209 0.0492253 -0.380188 0.4345 8.76115e-08
10 26.1865 -278.762 0.235124 0.147656 -0.19868 0.529813 0.114708
20 29.6865 -277.608 0.235636 0.135584 -0.19868 0.529813 0.114708
14 29.6865 -288 0.248208 0.142178 -0.19868 0.529813 0.114708
26 12.6865 -276.453 0.296898 0.132048 -0.204124 -0.408248 0.353553
16 22.6865 -270.68 0.296898 0.113232 -0.204124 -0.408248 0.353553
16 12.6865 -282.227 0.310168 0.128841 -0.204124 -0.408248 0.353553
26 12.6865 -276.453 0.296898 0.132048 -0.204124 -0.408248 0.353553
16 12.6865 -282.227 0.310168 0.128841 -0.204124 -0.408248 0.353553
26 2.68652 -288 0.310168 0.147656 -0.204124 -0.408248 0.353553
26 12.6865 -276.453 0.278373 0.0996535 0 -0.288675 0.5
36 22.6865 -270.68 0.28398 0.0798556 0 -0.288675 0.5
16 22.6865 -270.68 0.296898 0.101024 0 -0.288675 0.5
36 22.6865 -270.68 0.28398 0.0798556 6.41932e-08 -0.180886 0.548282
26 26.1865 -269.525 0.293833 0.0873357 6.41932e-08 -0.180886 0.548282
16 22.6865 -270.68 0.296898 0.101024 6.41932e-08 -0.180886 0.548282
26 26.1865 -269.525 0.223949 0.127692 -0.190094 0.4345 0.329252
20 29.6865 -277.608 0.235636 0.135584 -0.190094 0.4345 0.329252
10 26.1865 -278.762 0.235124 0.147656 -0.190094 0.4345 0.329252
26 26.1865 -269.525 0.223949 0.127692 -0.190094 0.4345 0.329252
10 26.1865 -278.762 0.235124 0.147656 -0.190094 0.4345 0.329252
16 22.6865 -270.68 0.223438 0.139764 -0.190094 0.4345 0.329252
26 26.1865 -269.525 0.223949 0.127692 0 0.529813 0.229416
32 29.6865 -277.608 0.235636 0.119718 0 0.529813 0.229416
20 29.6865 -277.608 0.235636 0.135584 0 0.529813 0.229416
32 29.6865 -277.608 0.235636 0.119718 0 0.57735 -0
26 29.6865 -288 0.248208 0.126312 0 0.57735 -0
20 29.6865 -277.608 0.235636 0.135584 0 0.57735 -0
26 29.6865 -288 0.248208 0.126312 0 0.57735 -0
32 29.6865 -277.608 0.235636 0.119718 0 0.57735 -0
38 29.6865 -288 0.248208 0.110446 0 0.57735 -0
26 29.6865 -288 0.248208 0.126312 0 0.57735 -0
38 29.6865 -288 0.248208 0.110446 0 0.57735 -0
32 29.6865 -298.392 0.260781 0.11704 0 0.57735 -0
26 29.6865 -288 0.248208 0.126312 0 0.57735 -0
32 29.6865 -298.392 0.260781 0.11704 0 0.57735 -0
20 29.6865 -298.392 0.260781 0.132906 0 0.57735 -0
26 29.6865 -288 0.248208 0.126312 0 0.57735 -0
20 29.6865 -298.392 0.260781 0.132906 0 0.57735 -0
14 29.6865 -288 0.248208 0.142178 1.10379e-07 0.57735 -0
26 29.6865 -288 0.248208 0.126312 0 0.57735 -0
14 29.6865 -288 0.248208 0.142178 1.10379e-07 0.57735 -0
20 29.6865 -277.608 0.235636 0.135584 0 0.57735 -0
35.8 22.6916 -271.026 0.28398 0.0798556 -0.20415 0.408196 -0.353599
35.7528 12.9668 -282.369 0.266388 0.0898765 -0.20415 0.408196 -0.353599
26 3.08652 -288 0.260781 0.109674 -0.20415 0.408196 -0.353599
35.8 22.6916 -271.026 0.28398 0.0798556 -0.20415 0.408196 -0.353599
26 3.08652 -288 0.260781 0.109674 -0.20415 0.408196 -0.353599
26 12.9668 -276.738 0.278373 0.0996535 -0.20415 0.408196 -0.353599
45.6 22.6916 -288 0.260944 0.0716925 -0.431121 0.292426 -0.248908
35.7528 12.9668 -282.369 0.266388 0.0898765 -0.431121 0.292426 -0.248908
35.8 22.6916 -271.026 0.28398 0.0798556 -0.431121 0.292426 -0.248908
41.6876 26.0137 -278.943 0.274658 0.0716925 -0.472915 0.187445 -0.273037
45.6 22.6916 -288 0.260944 0.0716925 -0.472915 0.187445 -0.273037
35.8 22.6916 -271.026 0.28398 0.0798556 -0.472915 0.187445 -0.273037
31.9297 29.3121 -277.729 0.235636 0.119718 -0.187632 -0.43876 -0.324988
41.6876 26.0137 -278.943 0.235124 0.105347 -0.187632 -0.43876 -0.324988
35.8 22.6916 -271.026 0.223438 0.113321 -0.187632 -0.43876 -0.324988
31.9297 29.3121 -277.729 0.235636 0.119718 -0.187632 -0.43876 -0.324988
35.8 22.6916 -271.026 0.223438 0.113321 -0.187632 -0.43876 -0.324988
26 26.0137 -269.885 0.223949 0.127692 -0.187632 -0.43876 -0.324988
37.8593 29.3121 -288 0.248208 0.110446 -0.193811 -0.532212 -0.111896
41.6876 26.0137 -278.943 0.235124 0.105347 -0.193811 -0.532212 -0.111896
31.9297 29.3121 -277.729 0.235636 0.119718 -0.193811 -0.532212 -0.111896
45.6 22.6916 -288 0.323438 0.073826 -0.4083 0.408196 -0
35.7528 12.9668 -293.631 0.310168 0.0894345 -0.4083 0.408196 -0
26 3.08652 -288 0.310168 0.10825 -0.4083 0.408196 -0
45.6 22.6916 -288 0.323438 0.073826 -0.4083 0.408196 -0
26 3.08652 -288 0.310168 0.10825 -0.4083 0.408196 -0
35.7528 12.9668 -282.369 0.323438 0.0926417 -0.4083 0.408196 -0
35.8 22.6916 -304.974 0.296898 0.073826 -0.431121 0.292426 0.248908
35.7528 12.9668 -293.631 0.310168 0.0894345 -0.431121 0.292426 0.248908
45.6 22.6916 -288 0.323438 0.073826 -0.431121 0.292426 0.248908
41.6876 26.0137 -297.057 0.310168 0.0688441 -0.472915 0.187444 0.273037
35.8 22.6916 -304.974 0.296898 0.073826 -0.472915 0.187444 0.273037
45.6 22.6916 -288 0.323438 0.073826 -0.472915 0.187444 0.273037
37.8593 29.3121 -288 0.248208 0.110446 -0.375264 -0.43876 -0
41.6876 26.0137 -297.057 0.257476 0.102966 -0.375264 -0.43876 -0
45.6 22.6916 -288 0.244392 0.0978668 -0.375264 -0.43876 -0
37.8593 29.3121 -288 0.248208 0.110446 -0.375264 -0.43876 -0
45.6 22.6916 -288 0.244392 0.0978668 -0.375264 -0.43876 -0
41.6876 26.0137 -278.943 0.235124 0.105347 -0.375264 -0.43876 -0
31.9297 29.3121 -298.271 0.260781 0.11704 -0.19381 -0.532212 0.111897
41.6876 26.0137 -297.057 0.257476 0.102966 -0.19381 -0.532212 0.111897
37.8593 29.3121 -288 0.248208 0.110446 -0.19381 -0.532212 0.111897
35.8 22.6916 -304.974 0.296898 0.073826 -0.20415 0.408196 0.353599
26 12.9668 -299.262 0.296898 0.0926417 -0.20415 0.408196 0.353599
26 3.08652 -288 0.310168 0.10825 -0.20415 0.408196 0.353599
35.8 22.6916 -304.974 0.296898 0.073826 -0.20415 0.408196 0.353599
26 3.08652 -288 0.310168 0.10825 -0.20415 0.408196 0.353599
35.7528 12.9668 -293.631 0.310168 0.0894345 -0.20415 0.408196 0.353599
16.2 22.6916 -304.974 0.28398 0.117837 6.2269e-08 0.292426 0.497816
26 12.9668 -299.262 0.278373 0.137635 6.2269e-08 0.292426 0.497816
35.8 22.6916 -304.974 0.296898 0.139005 6.2269e-08 0.292426 0.497816
26 26.0137 -306.115 0.293833 0.125318 6.98191e-08 0.187444 0.546075
16.2 22.6916 -304.974 0.28398 0.117837 6.98191e-08 0.187444 0.546075
35.8 22.6916 -304.974 0.296898 0.139005 6.98191e-08 0.187444 0.546075
31.9297 29.3121 -298.271 0.244206 0.0868832 -0.187632 -0.43876 0.324988
26 26.0137 -306.115 0.23029 0.0853142 -0.187632 -0.43876 0.324988
35.8 22.6916 -304.974 0.235209 0.0962977 -0.187632 -0.43876 0.324988
31.9297 29.3121 -298.271 0.244206 0.0868832 -0.187632 -0.43876 0.324988
35.8 22.6916 -304.974 0.235209 0.0962977 -0.187632 -0.43876 0.324988
41.6876 26.0137 -297.057 0.249124 0.0978668 -0.187632 -0.43876 0.324988
20.0703 29.3121 -298.271 0.237143 0.0727615 0 -0.532212 0.223793
26 26.0137 -306.115 0.23029 0.0853142 0 -0.532212 0.223793
31.9297 29.3121 -298.271 0.244206 0.0868832 0 -0.532212 0.223793
16.2 22.6916 -304.974 0.28398 0.117837 0.20415 0.408196 0.353599
16.2472 12.9668 -293.631 0.266388 0.127858 0.20415 0.408196 0.353599
26 3.08652 -288 0.260781 0.147656 0.20415 0.408196 0.353599
16.2 22.6916 -304.974 0.28398 0.117837 0.20415 0.408196 0.353599
26 3.08652 -288 0.260781 0.147656 0.20415 0.408196 0.353599
26 12.9668 -299.262 0.278373 0.137635 0.20415 0.408196 0.353599
6.39996 22.6916 -288 0.260944 0.109674 0.431121 0.292426 0.248908
16.2472 12.9668 -293.631 0.266388 0.127858 0.431121 0.292426 0.248908
16.2 22.6916 -304.974 0.28398 0.117837 0.431121 0.292426 0.248908
10.3124 26.0137 -297.057 0.274658 0.109674 0.472915 0.187445 0.273037
6.39996 22.6916 -288 0.260944 0.109674 0.472915 0.187445 0.273037
16.2 22.6916 -304.974 0.28398 0.117837 0.472915 0.187445 0.273037
20.0703 29.3121 -298.271 0.237143 0.0727615 0.187632 -0.43876 0.324988
10.3124 26.0137 -297.057 0.23029 0.0602089 0.187632 -0.43876 0.324988
16.2 22.6916 -304.974 0.223438 0.0727615 0.187632 -0.43876 0.324988
20.0703 29.3121 -298.271 0.237143 0.0727615 0.187632 -0.43876 0.324988
16.2 22.6916 -304.974 0.223438 0.0727615 0.187632 -0.43876 0.324988
26 26.0137 -306.115 0.23029 0.0853142 0.187632 -0.43876 0.324988
14.1407 29.3121 -288 0.244206 0.0586398 0.19381 -0.532212 0.111896
10.3124 26.0137 -297.057 0.23029 0.0602089 0.19381 -0.532212 0.111896
20.0703 29.3121 -298.271 0.237143 0.0727615 0.19381 -0.532212 0.111896
6.39996 22.6916 -288 0.323438 0.113232 0.4083 0.408196 -0
16.2472 12.9668 -282.369 0.310168 0.128841 0.4083 0.408196 -0
26 3.08652 -288 0.310168 0.147656 0.4083 0.408196 -0
6.39996 22.6916 -288 0.323438 0.113232 0.4083 0.408196 -0
26 3.08652 -288 0.310168 0.147656 0.4083 0.408196 -0
16.2472 12.9668 -293.631 0.323438 0.132048 0.4083 0.408196 -0
16.2 22.6916 -271.026 0.296898 0.113232 0.431121 0.292426 -0.248908
16.2472 12.9668 -282.369 0.310168 0.128841 0.431121 0.292426 -0.248908
6.39996 22.6916 -288 0.323438 0.113232 0.431121 0.292426 -0.248908
10.3124 26.0137 -278.943 0.310168 0.10825 0.472915 0.187445 -0.273037
16.2 22.6916 -271.026 0.296898 0.113232 0.472915 0.187445 -0.273037
6.39996 22.6916 -288 0.323438 0.113232 0.472915 0.187445 -0.273037
14.1407 29.3121 -288 0.244206 0.0586398 0.375264 -0.43876 -0
10.3124 26.0137 -278.943 0.249124 0.0476562 0.375264 -0.43876 -0
6.39996 22.6916 -288 0.235209 0.0492253 0.375264 -0.43876 -0
14.1407 29.3121 -288 0.244206 0.0586398 0.375264 -0.43876 -0
6.39996 22.6916 -288 0.235209 0.0492253 0.375264 -0.43876 -0
10.3124 26.0137 -297.057 0.23029 0.0602089 0.375264 -0.43876 -0
20.0703 29.3121 -277.729 0.235636 0.135584 0.19381 -0.532212 -0.111897
10.3124 26.0137 -278.943 0.235124 0.147656 0.19381 -0.532212 -0.111897
14.1407 29.3121 -288 0.248208 0.142178 0.19381 -0.532212 -0.111897
16.2 22.6916 -271.026 0.296898 0.113232 0.20415 0.408196 -0.353599
26 12.9668 -276.738 0.296898 0.132048 0.20415 0.408196 -0.353599
26 3.08652 -288 0.310168 0.147656 0.20415 0.408196 -0.353599
16.2 22.6916 -271.026 0.296898 0.113232 0.20415 0.408196 -0.353599
26 3.08652 -288 0.310168 0.147656 0.20415 0.408196 -0.353599
16.2472 12.9668 -282.369 0.310168 0.128841 0.20415 0.408196 -0.353599
35.8 22.6916 -271.026 0.28398 0.0798556 -6.2269e-08 0.292426 -0.497816
26 12.9668 -276.738 0.278373 0.0996535 -6.2269e-08 0.292426 -0.497816
16.2 22.6916 -271.026 0.296898 0.101024 -6.2269e-08 0.292426 -0.497816
26 26.0137 -269.885 0.293833 0.0873357 -6.98191e-08 0.187444 -0.546075
35.8 22.6916 -271.026 0.28398 0.0798556 -6.98191e-08 0.187444 -0.546075
16.2 22.6916 -271.026 0.296898 0.101024 -6.98191e-08 0.187444 -0.546075
20.0703 29.3121 -277.729 0.235636 0.135584 0.187632 -0.43876 -0.324988
26 26.0137 -269.885 0.223949 0.127692 0.187632 -0.43876 -0.324988
16.2 22.6916 -271.026 0.223438 0.139764 0.187632 -0.43876 -0.324988
20.0703 29.3121 -277.729 0.235636 0.135584 0.187632 -0.43876 -0.324988
16.2 22.6916 -271.026 0.223438 0.139764 0.187632 -0.43876 -0.324988
10.3124 26.0137 -278.943 0.235124 0.147656 0.187632 -0.43876 -0.324988
31.9297 29.3121 -277.729 0.235636 0.119718 0 -0.532212 -0.223793
26 26.0137 -269.885 0.223949 0.127692 0 -0.532212 -0.223793
20.0703 29.3121 -277.729 0.235636 0.135584 0 -0.532212 -0.223793
26 29.2865 -288 0.248208 0.126312 0 -0.577348 0.00143699
31.9297 29.3121 -277.729 0.235636 0.119718 0 -0.577348 0.00143699
20.0703 29.3121 -277.729 0.235636 0.135584 0 -0.577348 0.00143699
31.9297 29.3121 -277.729 0.235636 0.119718 0 -0.577348 0.00143699
26 29.2865 -288 0.248208 0.126312 0 -0.577348 0.00143699
37.8593 29.3121 -288 0.248208 0.110446 0.0012445 -0.577348 0.000718494
37.8593 29.3121 -288 0.248208 0.110446 0.0012445 -0.577348 0.000718494
26 29.2865 -288 0.248208 0.126312 0 -0.577348 0.00143699
31.9297 29.3121 -298.271 0.260781 0.11704 0.0012445 -0.577348 -0.000718494
31.9297 29.3121 -298.271 0.260781 0.11704 0.0012445 -0.577348 -0.000718494
26 29.2865 -288 0.248208 0.126312 0 -0.577348 0.00143699
20.0703 29.3121 -298.271 0.260781 0.132906 0 -0.577348 -0.00143699
20.0703 29.3121 -298.271 0.260781 0.132906 0 -0.577348 -0.00143699
26 29.2865 -288 0.248208 0.126312 0 -0.577348 0.00143699
14.1407 29.3121 -288 0.248208 0.142178 -0.00124455 -0.577348 -0.000718494
14.1407 29.3121 -288 0.248208 0.142178 -0.00124455 -0.577348 -0.000718494
26 29.2865 -288 0.248208 0.126312 0 -0.577348 0.00143699
20.0703 29.3121 -277.729 0.235636 0.135584 0 -0.577348 0.00143699
