Vertex Count: 288

Data:

249 12.6865 -253.227 0.266388 0.0898765 0.204124 -0.408248 0.353553
249 22.6865 -241.68 0.28398 0.0798556 0.204124 -0.408248 0.353553
239 12.6865 -247.453 0.278373 0.0996535 0.204124 -0.408248 0.353553
249 12.6865 -253.227 0.266388 0.0898765 0.204124 -0.408248 0.353553
239 12.6865 -247.453 0.278373 0.0996535 0.204124 -0.408248 0.353553
239 2.68652 -259 0.260781 0.109674 0.204124 -0.408248 0.353553
249 12.6865 -253.227 0.266388 0.0898765 0.433013 -0.288675 0.25
259 22.6865 -259 0.260944 0.0716925 0.433013 -0.288675 0.25
249 22.6865 -241.68 0.28398 0.0798556 0.433013 -0.288675 0.25
259 22.6865 -259 0.260944 0.0716925 0.474826 -0.180886 0.274141
255 26.1865 -249.762 0.274658 0.0716925 0.474826 -0.180886 0.274141
249 22.6865 -241.68 0.28398 0.0798556 0.474826 -0.180886 0.274141
255 26.1865 -249.762 0.235124 0.105347 0.190094 0.4345 0.329252
245 29.6865 -248.608 0.235636 0.119718 0.190094 0.4345 0.329252
239 26.1865 -240.525 0.223949 0.127692 0.190094 0.4345 0.329252
255 26.1865 -249.762 0.235124 0.105347 0.190094 0.4345 0.329252
239 26.1865 -240.525 0.223949 0.127692 0.190094 0.4345 0.329252
249 22.6865 -241.68 0.223438 0.113321 0.190094 0.4345 0.329252
255 26.1865 -249.762 0.235124 0.105347 0.19868 0.529813 0.114708
251 29.6865 -259 0.248208 0.110446 0.19868 0.529813 0.114708
245 29.6865 -248.608 0.235636 0.119718 0.19868 0.529813 0.114708
249 12.6865 -264.773 0.310168 0.0894345 0.408248 -0.408248 -8.42937e-08
259 22.6865 -259 0.323438 0.073826 0.408248 -0.408248 -8.42937e-08
249 12.6865 -253.227 0.323438 0.0926417 0.408248 -0.408248 -8.42937e-08
249 12.6865 -264.773 0.310168 0.0894345 0.408248 -0.408248 -8.42937e-08
249 12.6865 -253.227 0.323438 0.0926417 0.408248 -0.408248 -8.42937e-08
239 2.68652 -259 0.310168 0.10825 0.408248 -0.408248 -8.42937e-08
249 12.6865 -264.773 0.310168 0.0894345 0.433013 -0.288675 -0.25
249 22.6865 -276.32 0.296898 0.073826 0.433013 -0.288675 -0.25
259 22.6865 -259 0.323438 0.073826 0.433013 -0.288675 -0.25
249 22.6865 -276.32 0.296898 0.073826 0.474826 -0.180886 -0.274141
255 26.1865 -268.238 0.310168 0.0688441 0.474826 -0.180886 -0.274141
259 22.6865 -259 0.323438 0.073826 0.474826 -0.180886 -0.274141
255 26.1865 -268.238 0.257476 0.102966 0.380188 0.4345 -7.00892e-08
251 29.6865 -259 0.248208 0.110446 0.380188 0.4345 -7.00892e-08
255 26.1865 -249.762 0.235124 0.105347 0.380188 0.4345 -7.00892e-08
255 26.1865 -268.238 0.257476 0.102966 0.380188 0.4345 -7.00892e-08
255 26.1865 -249.762 0.235124 0.105347 0.380188 0.4345 -7.00892e-08
259 22.6865 -259 0.244392 0.0978668 0.380188 0.4345 -7.00892e-08
255 26.1865 -268.238 0.257476 0.102966 0.19868 0.529813 -0.114708
245 29.6865 -269.392 0.260781 0.11704 0.19868 0.529813 -0.114708
251 29.6865 -259 0.248208 0.110446 0.19868 0.529813 -0.114708
239 12.6865 -270.547 0.296898 0.0926417 0.204124 -0.408248 -0.353553
249 22.6865 -276.32 0.296898 0.073826 0.204124 -0.408248 -0.353553
249 12.6865 -264.773 0.310168 0.0894345 0.204124 -0.408248 -0.353553
239 12.6865 -270.547 0.296898 0.0926417 0.204124 -0.408248 -0.353553
249 12.6865 -264.773 0.310168 0.0894345 0.204124 -0.408248 -0.353553
239 2.68652 -259 0.310168 0.10825 0.204124 -0.408248 -0.353553
239 12.6865 -270.547 0.278373 0.137635 0 -0.288675 -0.5
229 22.6865 -276.32 0.28398 0.117837 0 -0.288675 -0.5
249 22.6865 -276.32 0.296898 0.139005 0 -0.288675 -0.5
229 22.6865 -276.32 0.28398 0.117837 -6.41932e-08 -0.180886 -0.548282
239 26.1865 -277.475 0.293833 0.125318 -6.41932e-08 -0.180886 -0.548282
249 22.6865 -276.32 0.296898 0.139005 -6.41932e-08 -0.180886 -0.548282
239 26.1865 -277.475 0.23029 0.0853142 0.190094 0.4345 -0.329252
245 29.6865 -269.392 0.244206 0.0868832 0.190094 0.4345 -0.329252
255 26.1865 -268.238 0.249124 0.0978668 0.190094 0.4345 -0.329252
239 26.1865 -277.475 0.23029 0.0853142 0.190094 0.4345 -0.329252
255 26.1865 -268.238 0.249124 0.0978668 0.190094 0.4345 -0.329252
249 22.6865 -276.32 0.235209 0.0962977 0.190094 0.4345 -0.329252
239 26.1865 -277.475 0.23029 0.0853142 0 0.529813 -0.229416
233 29.6865 -269.392 0.237143 0.0727615 0 0.529813 -0.229416
245 29.6865 -269.392 0.244206 0.0868832 0 0.529813 -0.229416
229 12.6865 -264.773 0.266388 0.127858 -0.204124 -0.408248 -0.353553
229 22.6865 -276.32 0.28398 0.117837 -0.204124 -0.408248 -0.353553
239 12.6865 -270.547 0.278373 0.137635 -0.204124 -0.408248 -0.353553
229 12.6865 -264.773 0.266388 0.127858 -0.204124 -0.408248 -0.353553
239 12.6865 -270.547 0.278373 0.137635 -0.204124 -0.408248 -0.353553
239 2.68652 -259 0.260781 0.147656 -0.204124 -0.408248 -0.353553
229 12.6865 -264.773 0.266388 0.127858 -0.433013 -0.288675 -0.25
219 22.6865 -259 0.260944 0.109674 -0.433013 -0.288675 -0.25
229 22.6865 -276.32 0.28398 0.117837 -0.433013 -0.288675 -0.25
219 22.6865 -259 0.260944 0.109674 -0.474827 -0.180886 -0.274141
223 26.1865 -268.238 0.274658 0.109674 -0.474827 -0.180886 -0.274141
229 22.6865 -276.32 0.28398 0.117837 -0.474827 -0.180886 -0.274141
223 26.1865 -268.238 0.23029 0.0602089 -0.190094 0.4345 -0.329252
233 29.6865 -269.392 0.237143 0.0727615 -0.190094 0.4345 -0.329252
239 26.1865 -277.475 0.23029 0.0853142 -0.190094 0.4345 -0.329252
223 26.1865 -268.238 0.23029 0.0602089 -0.190094 0.4345 -0.329252
239 26.1865 -277.475 0.23029 0.0853142 -0.190094 0.4345 -0.329252
229 22.6865 -276.32 0.223438 0.0727615 -0.190094 0.4345 -0.329252
223 26.1865 -268.238 0.23029 0.0602089 -0.19868 0.529813 -0.114708
227 29.6865 -259 0.244206 0.0586398 -0.19868 0.529813 -0.114708
233 29.6865 -269.392 0.237143 0.0727615 -0.19868 0.529813 -0.114708
229 12.6865 -253.227 0.310168 0.128841 -0.408248 -0.408248 -0
219 22.6865 -259 0.323438 0.113232 -0.408248 -0.408248 -0
229 12.6865 -264.773 0.323438 0.132048 -0.408248 -0.408248 -0
229 12.6865 -253.227 0.310168 0.128841 -0.408248 -0.408248 -0
229 12.6865 -264.773 0.323438 0.132048 -0.408248 -0.408248 -0
239 2.68652 -259 0.310168 0.147656 -0.408248 -0.408248 -0
229 12.6865 -253.227 0.310168 0.128841 -0.433013 -0.288675 0.25
229 22.6865 -241.68 0.296898 0.113232 -0.433013 -0.288675 0.25
219 22.6865 -259 0.323438 0.113232 -0.433013 -0.288675 0.25
229 22.6865 -241.68 0.296898 0.113232 -0.474826 -0.180887 0.274141
223 26.1865 -249.762 0.310168 0.10825 -0.474826 -0.180887 0.274141
219 22.6865 -259 0.323438 0.113232 -0.474826 -0.180887 0.274141
223 26.1865 -249.762 0.249124 0.0476562 -0.380188 0.4345 8.76115e-08
227 29.6865 -259 0.244206 0.0586398 -0.380188 0.4345 8.76115e-08
223 26.1865 -268.238 0.23029 0.0602089 -0.380188 0.4345 8.76115e-08
223 26.1865 -249.762 0.249124 0.0476562 -0.380188 0.4345 8.76115e-08
223 26.1865 -268.238 0.23029 0.0602089 -0.380188 0.4345 8.76115e-08
219 22.6865 -259 0.235209 0.0492253 -0.380188 0.4345 8.76115e-08
223 26.1865 -249.762 0.235124 0.147656 -0.19868 0.529813 0.114708
233 29.6865 -248.608 0.235636 0.135584 -0.19868 0.529813 0.114708
227 29.6865 -259 0.248208 0.142178 -0.19868 0.529813 0.114708
239 12.6865 -247.453 0.296898 0.132048 -0.204124 -0.408248 0.353553
229 22.6865 -241.68 0.296898 0.113232 -0.204124 -0.408248 0.353553
229 12.6865 -253.227 0.310168 0.128841 -0.204124 -0.408248 0.353553
239 12.6865 -247.453 0.296898 0.132048 -0.204124 -0.408248 0.353553
229 12.6865 -253.227 0.310168 0.128841 -0.204124 -0.408248 0.353553
239 2.68652 -259 0.310168 0.147656 -0.204124 -0.408248 0.353553
239 12.6865 -247.453 0.278373 0.0996535 0 -0.288675 0.5
249 22.6865 -241.68 0.28398 0.0798556 0 -0.288675 0.5
229 22.6865 -241.68 0.296898 0.101024 0 -0.288675 0.5
249 22.6865 -241.68 0.28398 0.0798556 6.41932e-08 -0.180886 0.548282
239 26.1865 -240.525 0.293833 0.0873357 6.41932e-08 -0.180886 0.548282
229 22.6865 -241.68 0.296898 0.101024 6.41932e-08 -0.180886 0.548282
239 26.1865 -240.525 0.223949 0.127692 -0.190094 0.4345 0.329252
233 29.6865 -248.608 0.235636 0.135584 -0.190094 0.4345 0.329252
223 26.1865 -249.762 0.235124 0.147656 -0.190094 0.4345 0.329252
239 26.1865 -240.525 0.223949 0.127692 -0.190094 0.4345 0.329252
223 26.1865 -249.762 0.235124 0.147656 -0.190094 0.4345 0.329252
229 22.6865 -241.68 0.223438 0.139764 -0.190094 0.4345 0.329252
239 26.1865 -240.525 0.223949 0.127692 0 0.529813 0.229416
245 29.6865 -248.608 0.235636 0.119718 0 0.529813 0.229416
233 29.6865 -248.608 0.235636 0.135584 0 0.529813 0.229416
245 29.6865 -248.608 0.235636 0.119718 0 0.57735 -0
239 29.6865 -259 0.248208 0.126312 0 0.57735 -0
233 29.6865 -248.608 0.235636 0.135584 0 0.57735 -0
239 29.6865 -259 0.248208 0.126312 0 0.57735 -0
245 29.6865 -248.608 0.235636 0.119718 0 0.57735 -0
251 29.6865 -259 0.248208 0.110446 0 0.57735 -0
239 29.6865 -259 0.248208 0.126312 0 0.57735 -0
251 29.6865 -259 0.248208 0.110446 0 0.57735 -0
245 29.6865 -269.392 0.260781 0.11704 0 0.57735 -0
239 29.6865 -259 0.248208 0.126312 0 0.57735 -0
245 29.6865 -269.392 0.260781 0.11704 0 0.57735 -0
233 29.6865 -269.392 0.260781 0.132906 0 0.57735 -0
239 29.6865 -259 0.248208 0.126312 0 0.57735 -0
233 29.6865 -269.392 0.260781 0.132906 0 0.57735 -0
227 29.6865 -259 0.248208 0.142178 1.10379e-07 0.57735 -0
239 29.6865 -259 0.248208 0.126312 0 0.57735 -0
227 29.6865 -259 0.248208 0.142178 1.10379e-07 0.57735 -0
233 29.6865 -248.608 0.235636 0.135584 0 0.57735 -0
248.8 22.6916 -242.026 0.28398 0.0798556 -0.20415 0.408196 -0.353599
248.753 12.9668 -253.369 0.266388 0.0898765 -0.20415 0.408196 -0.353599
239 3.08652 -259 0.260781 0.109674 -0.20415 0.408196 -0.353599
248.8 22.6916 -242.026 0.28398 0.0798556 -0.20415 0.408196 -0.353599
239 3.08652 -259 0.260781 0.109674 -0.20415 0.408196 -0.353599
239 12.9668 -247.738 0.278373 0.0996535 -0.20415 0.408196 -0.353599
258.6 22.6916 -259 0.260944 0.0716925 -0.431121 0.292426 -0.248908
248.753 12.9668 -253.369 0.266388 0.0898765 -0.431121 0.292426 -0.248908
248.8 22.6916 -242.026 0.28398 0.0798556 -0.431121 0.292426 -0.248908
254.688 26.0137 -249.943 0.274658 0.0716925 -0.472915 0.187445 -0.273037
258.6 22.6916 -259 0.260944 0.0716925 -0.472915 0.187445 -0.273037
248.8 22.6916 -242.026 0.28398 0.0798556 -0.472915 0.187445 -0.273037
244.93 29.3121 -248.73 0.235636 0.119718 -0.187632 -0.43876 -0.324988
254.688 26.0137 -249.943 0.235124 0.105347 -0.187632 -0.43876 -0.324988
248.8 22.6916 -242.026 0.223438 0.113321 -0.187632 -0.43876 -0.324988
244.93 29.3121 -248.73 0.235636 0.119718 -0.187632 -0.43876 -0.324988
248.8 22.6916 -242.026 0.223438 0.113321 -0.187632 -0.43876 -0.324988
239 26.0137 -240.885 0.223949 0.127692 -0.187632 -0.43876 -0.324988
250.859 29.3121 -259 0.248208 0.110446 -0.193811 -0.532212 -0.111896
254.688 26.0137 -249.943 0.235124 0.105347 -0.193811 -0.532212 -0.111896
244.93 29.3121 -248.73 0.235636 0.119718 -0.193811 -0.532212 -0.111896
258.6 22.6916 -259 0.323438 0.073826 -0.4083 0.408196 -0
248.753 12.9668 -264.631 0.310168 0.0894345 -0.4083 0.408196 -0
239 3.08652 -259 0.310168 0.10825 -0.4083 0.408196 -0
258.6 22.6916 -259 0.323438 0.073826 -0.4083 0.408196 -0
239 3.08652 -259 0.310168 0.10825 -0.4083 0.408196 -0
248.753 12.9668 -253.369 0.323438 0.0926417 -0.4083 0.408196 -0
248.8 22.6916 -275.974 0.296898 0.073826 -0.431121 0.292426 0.248908
248.753 12.9668 -264.631 0.310168 0.0894345 -0.431121 0.292426 0.248908
258.6 22.6916 -259 0.323438 0.073826 -0.431121 0.292426 0.248908
254.688 26.0137 -268.057 0.310168 0.0688441 -0.472915 0.187444 0.273037
248.8 22.6916 -275.974 0.296898 0.073826 -0.472915 0.187444 0.273037
258.6 22.6916 -259 0.323438 0.073826 -0.472915 0.187444 0.273037
250.859 29.3121 -259 0.248208 0.110446 -0.375264 -0.43876 -0
254.688 26.0137 -268.057 0.257476 0.102966 -0.375264 -0.43876 -0
258.6 22.6916 -259 0.244392 0.0978668 -0.375264 -0.43876 -0
250.859 29.3121 -259 0.248208 0.110446 -0.375264 -0.43876 -0
258.6 22.6916 -259 0.244392 0.0978668 -0.375264 -0.43876 -0
254.688 26.0137 -249.943 0.235124 0.105347 -0.375264 -0.43876 -0
244.93 29.3121 -269.271 0.260781 0.11704 -0.19381 -0.532212 0.111897
254.688 26.0137 -268.057 0.257476 0.102966 -0.19381 -0.532212 0.111897
250.859 29.3121 -259 0.248208 0.110446 -0.19381 -0.532212 0.111897
248.8 22.6916 -275.974 0.296898 0.073826 -0.20415 0.408196 0.353599
239 12.9668 -270.262 0.296898 0.0926417 -0.20415 0.408196 0.353599
239 3.08652 -259 0.310168 0.10825 -0.20415 0.408196 0.353599
248.8 22.6916 -275.974 0.296898 0.073826 -0.20415 0.408196 0.353599
239 3.08652 -259 0.310168 0.10825 -0.20415 0.408196 0.353599
248.753 12.9668 -264.631 0.310168 0.0894345 -0.20415 0.408196 0.353599
229.2 22.6916 -275.974 0.28398 0.117837 6.2269e-08 0.292426 0.497816
239 12.9668 -270.262 0.278373 0.137635 6.2269e-08 0.292426 0.497816
248.8 22.6916 -275.974 0.296898 0.139005 6.2269e-08 0.292426 0.497816
239 26.0137 -277.115 0.293833 0.125318 6.98191e-08 0.187444 0.546075
229.2 22.6916 -275.974 0.28398 0.117837 6.98191e-08 0.187444 0.546075
248.8 22.6916 -275.974 0.296898 0.139005 6.98191e-08 0.187444 0.546075
244.93 29.3121 -269.271 0.244206 0.0868832 -0.187632 -0.43876 0.324988
239 26.0137 -277.115 0.23029 0.0853142 -0.187632 -0.43876 0.324988
248.8 22.6916 -275.974 0.235209 0.0962977 -0.187632 -0.43876 0.324988
244.93 29.3121 -269.271 0.244206 0.0868832 -0.187632 -0.43876 0.324988
248.8 22.6916 -275.974 0.235209 0.0962977 -0.187632 -0.43876 0.324988
254.688 26.0137 -268.057 0.249124 0.0978668 -0.187632 -0.43876 0.324988
233.07 29.3121 -269.271 0.237143 0.0727615 0 -0.532212 0.223793
239 26.0137 -277.115 0.23029 0.0853142 0 -0.532212 0.223793
244.93 29.3121 -269.271 0.244206 0.0868832 0 -0.532212 0.223793
229.2 22.6916 -275.974 0.28398 0.117837 0.20415 0.408196 0.353599
229.247 12.9668 -264.631 0.266388 0.127858 0.20415 0.408196 0.353599
239 3.08652 -259 0.260781 0.147656 0.20415 0.408196 0.353599
229.2 22.6916 -275.974 0.28398 0.117837 0.20415 0.408196 0.353599
239 3.08652 -259 0.260781 0.147656 0.20415 0.408196 0.353599
239 12.9668 -270.262 0.278373 0.137635 0.20415 0.408196 0.353599
219.4 22.6916 -259 0.260944 0.109674 0.431121 0.292426 0.248908
229.247 12.9668 -264.631 0.266388 0.127858 0.431121 0.292426 0.248908
229.2 22.6916 -275.974 0.28398 0.117837 0.431121 0.292426 0.248908
223.312 26.0137 -268.057 0.274658 0.109674 0.472915 0.187445 0.273037
219.4 22.6916 -259 0.260944 0.109674 0.472915 0.187445 0.273037
229.2 22.6916 -275.974 0.28398 0.117837 0.472915 0.187445 0.273037
233.07 29.3121 -269.271 0.237143 0.0727615 0.187632 -0.43876 0.324988
223.312 26.0137 -268.057 0.23029 0.0602089 0.187632 -0.43876 0.324988
229.2 22.6916 -275.974 0.223438 0.0727615 0.187632 -0.43876 0.324988
233.07 29.3121 -269.271 0.237143 0.0727615 0.187632 -0.43876 0.324988
229.2 22.6916 -275.974 0.223438 0.0727615 0.187632 -0.43876 0.324988
239 26.0137 -277.115 0.23029 0.0853142 0.187632 -0.43876 0.324988
227.141 29.3121 -259 0.244206 0.0586398 0.19381 -0.532212 0.111896
223.312 26.0137 -268.057 0.23029 0.0602089 0.19381 -0.532212 0.111896
233.07 29.3121 -269.271 0.237143 0.0727615 0.19381 -0.532212 0.111896
219.4 22.6916 -259 0.323438 0.113232 0.4083 0.408196 -0
229.247 12.9668 -253.369 0.310168 0.128841 0.4083 0.408196 -0
239 3.08652 -259 0.310168 0.147656 0.4083 0.408196 -0
219.4 22.6916 -259 0.323438 0.113232 0.4083 0.408196 -0
239 3.08652 -259 0.310168 0.147656 0.4083 0.408196 -0
229.247 12.9668 -264.631 0.323438 0.132048 0.4083 0.408196 -0
229.2 22.6916 -242.026 0.296898 0.113232 0.431121 0.292426 -0.248908
229.247 12.9668 -253.369 0.310168 0.128841 0.431121 0.292426 -0.248908
219.4 22.6916 -259 0.323438 0.113232 0.431121 0.292426 -0.248908
223.312 26.0137 -249.943 0.310168 0.10825 0.472915 0.187445 -0.273037
229.2 22.6916 -242.026 0.296898 0.113232 0.472915 0.187445 -0.273037
219.4 22.6916 -259 0.323438 0.113232 0.472915 0.187445 -0.273037
227.141 29.3121 -259 0.244206 0.0586398 0.375264 -0.43876 -0
223.312 26.0137 -249.943 0.249124 0.0476562 0.375264 -0.43876 -0
219.4 22.6916 -259 0.235209 0.0492253 0.375264 -0.43876 -0
227.141 29.3121 -259 0.244206 0.0586398 0.375264 -0.43876 -0
219.4 22.6916 -259 0.235209 0.0492253 0.375264 -0.43876 -0
223.312 26.0137 -268.057 0.23029 0.0602089 0.375264 -0.43876 -0
233.07 29.3121 -248.73 0.235636 0.135584 0.19381 -0.532212 -0.111897
223.312 26.0137 -249.943 0.235124 0.147656 0.19381 -0.532212 -0.111897
227.141 29.3121 -259 0.248208 0.142178 0.19381 -0.532212 -0.111897
229.2 22.6916 -242.026 0.296898 0.113232 0.20415 0.408196 -0.353599
239 12.9668 -247.738 0.296898 0.132048 0.20415 0.408196 -0.353599
239 3.08652 -259 0.310168 0.147656 0.20415 0.408196 -0.353599
229.2 22.6916 -242.026 0.296898 0.113232 0.20415 0.408196 -0.353599
239 3.08652 -259 0.310168 0.147656 0.20415 0.408196 -0.353599
229.247 12.9668 -253.369 0.310168 0.128841 0.20415 0.408196 -0.353599
248.8 22.6916 -242.026 0.28398 0.0798556 -6.2269e-08 0.292426 -0.497816
239 12.9668 -247.738 0.278373 0.0996535 -6.2269e-08 0.292426 -0.497816
229.2 22.6916 -242.026 0.296898 0.101024 -6.2269e-08 0.292426 -0.497816
239 26.0137 -240.885 0.293833 0.0873357 -6.98191e-08 0.187444 -0.546075
248.8 22.6916 -242.026 0.28398 0.0798556 -6.98191e-08 0.187444 -0.546075
229.2 22.6916 -242.026 0.296898 0.101024 -6.98191e-08 0.187444 -0.546075
233.07 29.3121 -248.73 0.235636 0.135584 0.187632 -0.43876 -0.324988
239 26.0137 -240.885 0.223949 0.127692 0.187632 -0.43876 -0.324988
229.2 22.6916 -242.026 0.223438 0.139764 0.187632 -0.43876 -0.324988
233.07 29.3121 -248.73 0.235636 0.135584 0.187632 -0.43876 -0.324988
229.2 22.6916 -242.026 0.223438 0.139764 0.187632 -0.43876 -0.324988
223.312 26.0137 -249.943 0.235124 0.147656 0.187632 -0.43876 -0.324988
244.93 29.3121 -248.73 0.235636 0.119718 0 -0.532212 -0.223793
239 26.0137 -240.885 0.223949 0.127692 0 -0.532212 -0.223793
233.07 29.3121 -248.73 0.235636 0.135584 0 -0.532212 -0.223793
239 29.2865 -259 0.248208 0.126312 0 -0.577348 0.00143699
244.93 29.3121 -248.73 0.235636 0.119718 0 -0.577348 0.00143699
233.07 29.3121 -248.73 0.235636 0.135584 0 -0.577348 0.00143699
244.93 29.3121 -248.73 0.235636 0.119718 0 -0.577348 0.00143699
239 29.2865 -259 0.248208 0.126312 0 -0.577348 0.00143699
250.859 29.3121 -259 0.248208 0.110446 0.0012445 -0.577348 0.000718494
250.859 29.3121 -259 0.248208 0.110446 0.0012445 -0.577348 0.000718494
239 29.2865 -259 0.248208 0.126312 0 -0.577348 0.00143699
244.93 29.3121 -269.271 0.260781 0.11704 0.0012445 -0.577348 -0.000718494
244.93 29.3121 -269.271 0.260781 0.11704 0.0012445 -0.577348 -0.000718494
239 29.2865 -259 0.248208 0.126312 0 -0.577348 0.00143699
233.07 29.3121 -269.271 0.260781 0.132906 0 -0.577348 -0.00143699
233.07 29.3121 -269.271 0.260781 0.132906 0 -0.577348 -0.00143699
239 29.2865 -259 0.248208 0.126312 0 -0.577348 0.00143699
227.141 29.3121 -259 0.248208 0.142178 -0.00124455 -0.577348 -0.000718494
227.141 29.3121 -259 0.248208 0.142178 -0.00124455 -0.577348 -0.000718494
239 29.2865 -259 0.248208 0.126312 0 -0.577348 0.00143699
233.07 29.3121 -248.73 0.235636 0.135584 0 -0.577348 0.00143699
