Vertex Count: 288

Data:

226.7 12.6865 -68.6265 0.266388 0.0898765 0.204124 -0.408248 0.353553
226.7 22.6865 -57.0795 0.28398 0.0798556 0.204124 -0.408248 0.353553
216.7 12.6865 -62.853 0.278373 0.0996535 0.204124 -0.408248 0.353553
226.7 12.6865 -68.6265 0.266388 0.0898765 0.204124 -0.408248 0.353553
216.7 12.6865 -62.853 0.278373 0.0996535 0.204124 -0.408248 0.353553
216.7 2.68652 -74.4 0.260781 0.109674 0.204124 -0.408248 0.353553
226.7 12.6865 -68.6265 0.266388 0.0898765 0.433013 -0.288675 0.25
236.7 22.6865 -74.4 0.260944 0.0716925 0.433013 -0.288675 0.25
226.7 22.6865 -57.0795 0.28398 0.0798556 0.433013 -0.288675 0.25
236.7 22.6865 -74.4 0.260944 0.0716925 0.474826 -0.180886 0.274141
232.7 26.1865 -65.1624 0.274658 0.0716925 0.474826 -0.180886 0.274141
226.7 22.6865 -57.0795 0.28398 0.0798556 0.474826 -0.180886 0.274141
232.7 26.1865 -65.1624 0.235124 0.105347 0.190094 0.4345 0.329252
222.7 29.6865 -64.0077 0.235636 0.119718 0.190094 0.4345 0.329252
216.7 26.1865 -55.9248 0.223949 0.127692 0.190094 0.4345 0.329252
232.7 26.1865 -65.1624 0.235124 0.105347 0.190094 0.4345 0.329252
216.7 26.1865 -55.9248 0.223949 0.127692 0.190094 0.4345 0.329252
226.7 22.6865 -57.0795 0.223438 0.113321 0.190094 0.4345 0.329252
232.7 26.1865 -65.1624 0.235124 0.105347 0.19868 0.529813 0.114708
228.7 29.6865 -74.4 0.248208 0.110446 0.19868 0.529813 0.114708
222.7 29.6865 -64.0077 0.235636 0.119718 0.19868 0.529813 0.114708
226.7 12.6865 -80.1735 0.310168 0.0894345 0.408248 -0.408248 -8.42937e-08
236.7 22.6865 -74.4 0.323438 0.073826 0.408248 -0.408248 -8.42937e-08
226.7 12.6865 -68.6265 0.323438 0.0926417 0.408248 -0.408248 -8.42937e-08
226.7 12.6865 -80.1735 0.310168 0.0894345 0.408248 -0.408248 -8.42937e-08
226.7 12.6865 -68.6265 0.323438 0.0926417 0.408248 -0.408248 -8.42937e-08
216.7 2.68652 -74.4 0.310168 0.10825 0.408248 -0.408248 -8.42937e-08
226.7 12.6865 -80.1735 0.310168 0.0894345 0.433013 -0.288675 -0.25
226.7 22.6865 -91.7205 0.296898 0.073826 0.433013 -0.288675 -0.25
236.7 22.6865 -74.4 0.323438 0.073826 0.433013 -0.288675 -0.25
226.7 22.6865 -91.7205 0.296898 0.073826 0.474826 -0.180886 -0.274141
232.7 26.1865 -83.6376 0.310168 0.0688441 0.474826 -0.180886 -0.274141
236.7 22.6865 -74.4 0.323438 0.073826 0.474826 -0.180886 -0.274141
232.7 26.1865 -83.6376 0.257476 0.102966 0.380188 0.4345 -7.00892e-08
228.7 29.6865 -74.4 0.248208 0.110446 0.380188 0.4345 -7.00892e-08
232.7 26.1865 -65.1624 0.235124 0.105347 0.380188 0.4345 -7.00892e-08
232.7 26.1865 -83.6376 0.257476 0.102966 0.380188 0.4345 -7.00892e-08
232.7 26.1865 -65.1624 0.235124 0.105347 0.380188 0.4345 -7.00892e-08
236.7 22.6865 -74.4 0.244392 0.0978668 0.380188 0.4345 -7.00892e-08
232.7 26.1865 -83.6376 0.257476 0.102966 0.19868 0.529813 -0.114708
222.7 29.6865 -84.7923 0.260781 0.11704 0.19868 0.529813 -0.114708
228.7 29.6865 -74.4 0.248208 0.110446 0.19868 0.529813 -0.114708
216.7 12.6865 -85.947 0.296898 0.0926417 0.204124 -0.408248 -0.353553
226.7 22.6865 -91.7205 0.296898 0.073826 0.204124 -0.408248 -0.353553
226.7 12.6865 -80.1735 0.310168 0.0894345 0.204124 -0.408248 -0.353553
216.7 12.6865 -85.947 0.296898 0.0926417 0.204124 -0.408248 -0.353553
226.7 12.6865 -80.1735 0.310168 0.0894345 0.204124 -0.408248 -0.353553
216.7 2.68652 -74.4 0.310168 0.10825 0.204124 -0.408248 -0.353553
216.7 12.6865 -85.947 0.278373 0.137635 0 -0.288675 -0.5
206.7 22.6865 -91.7205 0.28398 0.117837 0 -0.288675 -0.5
226.7 22.6865 -91.7205 0.296898 0.139005 0 -0.288675 -0.5
206.7 22.6865 -91.7205 0.28398 0.117837 -6.41932e-08 -0.180886 -0.548282
216.7 26.1865 -92.8752 0.293833 0.125318 -6.41932e-08 -0.180886 -0.548282
226.7 22.6865 -91.7205 0.296898 0.139005 -6.41932e-08 -0.180886 -0.548282
216.7 26.1865 -92.8752 0.23029 0.0853142 0.190094 0.4345 -0.329252
222.7 29.6865 -84.7923 0.244206 0.0868832 0.190094 0.4345 -0.329252
232.7 26.1865 -83.6376 0.249124 0.0978668 0.190094 0.4345 -0.329252
216.7 26.1865 -92.8752 0.23029 0.0853142 0.190094 0.4345 -0.329252
232.7 26.1865 -83.6376 0.249124 0.0978668 0.190094 0.4345 -0.329252
226.7 22.6865 -91.7205 0.235209 0.0962977 0.190094 0.4345 -0.329252
216.7 26.1865 -92.8752 0.23029 0.0853142 0 0.529813 -0.229416
210.7 29.6865 -84.7923 0.237143 0.0727615 0 0.529813 -0.229416
222.7 29.6865 -84.7923 0.244206 0.0868832 0 0.529813 -0.229416
206.7 12.6865 -80.1735 0.266388 0.127858 -0.204124 -0.408248 -0.353553
206.7 22.6865 -91.7205 0.28398 0.117837 -0.204124 -0.408248 -0.353553
216.7 12.6865 -85.947 0.278373 0.137635 -0.204124 -0.408248 -0.353553
206.7 12.6865 -80.1735 0.266388 0.127858 -0.204124 -0.408248 -0.353553
216.7 12.6865 -85.947 0.278373 0.137635 -0.204124 -0.408248 -0.353553
216.7 2.68652 -74.4 0.260781 0.147656 -0.204124 -0.408248 -0.353553
206.7 12.6865 -80.1735 0.266388 0.127858 -0.433013 -0.288675 -0.25
196.7 22.6865 -74.4 0.260944 0.109674 -0.433013 -0.288675 -0.25
206.7 22.6865 -91.7205 0.28398 0.117837 -0.433013 -0.288675 -0.25
196.7 22.6865 -74.4 0.260944 0.109674 -0.474827 -0.180886 -0.274141
200.7 26.1865 -83.6376 0.274658 0.109674 -0.474827 -0.180886 -0.274141
206.7 22.6865 -91.7205 0.28398 0.117837 -0.474827 -0.180886 -0.274141
200.7 26.1865 -83.6376 0.23029 0.0602089 -0.190094 0.4345 -0.329252
210.7 29.6865 -84.7923 0.237143 0.0727615 -0.190094 0.4345 -0.329252
216.7 26.1865 -92.8752 0.23029 0.0853142 -0.190094 0.4345 -0.329252
200.7 26.1865 -83.6376 0.23029 0.0602089 -0.190094 0.4345 -0.329252
216.7 26.1865 -92.8752 0.23029 0.0853142 -0.190094 0.4345 -0.329252
206.7 22.6865 -91.7205 0.223438 0.0727615 -0.190094 0.4345 -0.329252
200.7 26.1865 -83.6376 0.23029 0.0602089 -0.19868 0.529813 -0.114708
204.7 29.6865 -74.4 0.244206 0.0586398 -0.19868 0.529813 -0.114708
210.7 29.6865 -84.7923 0.237143 0.0727615 -0.19868 0.529813 -0.114708
206.7 12.6865 -68.6265 0.310168 0.128841 -0.408248 -0.408248 -0
196.7 22.6865 -74.4 0.323438 0.113232 -0.408248 -0.408248 -0
206.7 12.6865 -80.1735 0.323438 0.132048 -0.408248 -0.408248 -0
206.7 12.6865 -68.6265 0.310168 0.128841 -0.408248 -0.408248 -0
206.7 12.6865 -80.1735 0.323438 0.132048 -0.408248 -0.408248 -0
216.7 2.68652 -74.4 0.310168 0.147656 -0.408248 -0.408248 -0
206.7 12.6865 -68.6265 0.310168 0.128841 -0.433013 -0.288675 0.25
206.7 22.6865 -57.0795 0.296898 0.113232 -0.433013 -0.288675 0.25
196.7 22.6865 -74.4 0.323438 0.113232 -0.433013 -0.288675 0.25
206.7 22.6865 -57.0795 0.296898 0.113232 -0.474826 -0.180887 0.274141
200.7 26.1865 -65.1624 0.310168 0.10825 -0.474826 -0.180887 0.274141
196.7 22.6865 -74.4 0.323438 0.113232 -0.474826 -0.180887 0.274141
200.7 26.1865 -65.1624 0.249124 0.0476562 -0.380188 0.4345 8.76115e-08
204.7 29.6865 -74.4 0.244206 0.0586398 -0.380188 0.4345 8.76115e-08
200.7 26.1865 -83.6376 0.23029 0.0602089 -0.380188 0.4345 8.76115e-08
200.7 26.1865 -65.1624 0.249124 0.0476562 -0.380188 0.4345 8.76115e-08
200.7 26.1865 -83.6376 0.23029 0.0602089 -0.380188 0.4345 8.76115e-08
196.7 22.6865 -74.4 0.235209 0.0492253 -0.380188 0.4345 8.76115e-08
200.7 26.1865 -65.1624 0.235124 0.147656 -0.19868 0.529813 0.114708
210.7 29.6865 -64.0077 0.235636 0.135584 -0.19868 0.529813 0.114708
204.7 29.6865 -74.4 0.248208 0.142178 -0.19868 0.529813 0.114708
216.7 12.6865 -62.853 0.296898 0.132048 -0.204124 -0.408248 0.353553
206.7 22.6865 -57.0795 0.296898 0.113232 -0.204124 -0.408248 0.353553
206.7 12.6865 -68.6265 0.310168 0.128841 -0.204124 -0.408248 0.353553
216.7 12.6865 -62.853 0.296898 0.132048 -0.204124 -0.408248 0.353553
206.7 12.6865 -68.6265 0.310168 0.128841 -0.204124 -0.408248 0.353553
216.7 2.68652 -74.4 0.310168 0.147656 -0.204124 -0.408248 0.353553
216.7 12.6865 -62.853 0.278373 0.0996535 0 -0.288675 0.5
226.7 22.6865 -57.0795 0.28398 0.0798556 0 -0.288675 0.5
206.7 22.6865 -57.0795 0.296898 0.101024 0 -0.288675 0.5
226.7 22.6865 -57.0795 0.28398 0.0798556 6.41932e-08 -0.180886 0.548282
216.7 26.1865 -55.9248 0.293833 0.0873357 6.41932e-08 -0.180886 0.548282
206.7 22.6865 -57.0795 0.296898 0.101024 6.41932e-08 -0.180886 0.548282
216.7 26.1865 -55.9248 0.223949 0.127692 -0.190094 0.4345 0.329252
210.7 29.6865 -64.0077 0.235636 0.135584 -0.190094 0.4345 0.329252
200.7 26.1865 -65.1624 0.235124 0.147656 -0.190094 0.4345 0.329252
216.7 26.1865 -55.9248 0.223949 0.127692 -0.190094 0.4345 0.329252
200.7 26.1865 -65.1624 0.235124 0.147656 -0.190094 0.4345 0.329252
206.7 22.6865 -57.0795 0.223438 0.139764 -0.190094 0.4345 0.329252
216.7 26.1865 -55.9248 0.223949 0.127692 0 0.529813 0.229416
222.7 29.6865 -64.0077 0.235636 0.119718 0 0.529813 0.229416
210.7 29.6865 -64.0077 0.235636 0.135584 0 0.529813 0.229416
222.7 29.6865 -64.0077 0.235636 0.119718 0 0.57735 -0
216.7 29.6865 -74.4 0.248208 0.126312 0 0.57735 -0
210.7 29.6865 -64.0077 0.235636 0.135584 0 0.57735 -0
216.7 29.6865 -74.4 0.248208 0.126312 0 0.57735 -0
222.7 29.6865 -64.0077 0.235636 0.119718 0 0.57735 -0
228.7 29.6865 -74.4 0.248208 0.110446 0 0.57735 -0
216.7 29.6865 -74.4 0.248208 0.126312 0 0.57735 -0
228.7 29.6865 -74.4 0.248208 0.110446 0 0.57735 -0
222.7 29.6865 -84.7923 0.260781 0.11704 0 0.57735 -0
216.7 29.6865 -74.4 0.248208 0.126312 0 0.57735 -0
222.7 29.6865 -84.7923 0.260781 0.11704 0 0.57735 -0
210.7 29.6865 -84.7923 0.260781 0.132906 0 0.57735 -0
216.7 29.6865 -74.4 0.248208 0.126312 0 0.57735 -0
210.7 29.6865 -84.7923 0.260781 0.132906 0 0.57735 -0
204.7 29.6865 -74.4 0.248208 0.142178 1.10379e-07 0.57735 -0
216.7 29.6865 -74.4 0.248208 0.126312 0 0.57735 -0
204.7 29.6865 -74.4 0.248208 0.142178 1.10379e-07 0.57735 -0
210.7 29.6865 -64.0077 0.235636 0.135584 0 0.57735 -0
226.5 22.6916 -57.4259 0.28398 0.0798556 -0.20415 0.408196 -0.353599
226.453 12.9668 -68.7692 0.266388 0.0898765 -0.20415 0.408196 -0.353599
216.7 3.08652 -74.4 0.260781 0.109674 -0.20415 0.408196 -0.353599
226.5 22.6916 -57.4259 0.28398 0.0798556 -0.20415 0.408196 -0.353599
216.7 3.08652 -74.4 0.260781 0.109674 -0.20415 0.408196 -0.353599
216.7 12.9668 -63.1384 0.278373 0.0996535 -0.20415 0.408196 -0.353599
236.3 22.6916 -74.4 0.260944 0.0716925 -0.431121 0.292426 -0.248908
226.453 12.9668 -68.7692 0.266388 0.0898765 -0.431121 0.292426 -0.248908
226.5 22.6916 -57.4259 0.28398 0.0798556 -0.431121 0.292426 -0.248908
232.388 26.0137 -65.3428 0.274658 0.0716925 -0.472915 0.187445 -0.273037
236.3 22.6916 -74.4 0.260944 0.0716925 -0.472915 0.187445 -0.273037
226.5 22.6916 -57.4259 0.28398 0.0798556 -0.472915 0.187445 -0.273037
222.63 29.3121 -64.1295 0.235636 0.119718 -0.187632 -0.43876 -0.324988
232.388 26.0137 -65.3428 0.235124 0.105347 -0.187632 -0.43876 -0.324988
226.5 22.6916 -57.4259 0.223438 0.113321 -0.187632 -0.43876 -0.324988
222.63 29.3121 -64.1295 0.235636 0.119718 -0.187632 -0.43876 -0.324988
226.5 22.6916 -57.4259 0.223438 0.113321 -0.187632 -0.43876 -0.324988
216.7 26.0137 -56.2855 0.223949 0.127692 -0.187632 -0.43876 -0.324988
228.559 29.3121 -74.4 0.248208 0.110446 -0.193811 -0.532212 -0.111896
232.388 26.0137 -65.3428 0.235124 0.105347 -0.193811 -0.532212 -0.111896
222.63 29.3121 -64.1295 0.235636 0.119718 -0.193811 -0.532212 -0.111896
236.3 22.6916 -74.4 0.323438 0.073826 -0.4083 0.408196 -0
226.453 12.9668 -80.0308 0.310168 0.0894345 -0.4083 0.408196 -0
216.7 3.08652 -74.4 0.310168 0.10825 -0.4083 0.408196 -0
236.3 22.6916 -74.4 0.323438 0.073826 -0.4083 0.408196 -0
216.7 3.08652 -74.4 0.310168 0.10825 -0.4083 0.408196 -0
226.453 12.9668 -68.7692 0.323438 0.0926417 -0.4083 0.408196 -0
226.5 22.6916 -91.3741 0.296898 0.073826 -0.431121 0.292426 0.248908
226.453 12.9668 -80.0308 0.310168 0.0894345 -0.431121 0.292426 0.248908
236.3 22.6916 -74.4 0.323438 0.073826 -0.431121 0.292426 0.248908
232.388 26.0137 -83.4572 0.310168 0.0688441 -0.472915 0.187444 0.273037
226.5 22.6916 -91.3741 0.296898 0.073826 -0.472915 0.187444 0.273037
236.3 22.6916 -74.4 0.323438 0.073826 -0.472915 0.187444 0.273037
228.559 29.3121 -74.4 0.248208 0.110446 -0.375264 -0.43876 -0
232.388 26.0137 -83.4572 0.257476 0.102966 -0.375264 -0.43876 -0
236.3 22.6916 -74.4 0.244392 0.0978668 -0.375264 -0.43876 -0
228.559 29.3121 -74.4 0.248208 0.110446 -0.375264 -0.43876 -0
236.3 22.6916 -74.4 0.244392 0.0978668 -0.375264 -0.43876 -0
232.388 26.0137 -65.3428 0.235124 0.105347 -0.375264 -0.43876 -0
222.63 29.3121 -84.6705 0.260781 0.11704 -0.19381 -0.532212 0.111897
232.388 26.0137 -83.4572 0.257476 0.102966 -0.19381 -0.532212 0.111897
228.559 29.3121 -74.4 0.248208 0.110446 -0.19381 -0.532212 0.111897
226.5 22.6916 -91.3741 0.296898 0.073826 -0.20415 0.408196 0.353599
216.7 12.9668 -85.6616 0.296898 0.0926417 -0.20415 0.408196 0.353599
216.7 3.08652 -74.4 0.310168 0.10825 -0.20415 0.408196 0.353599
226.5 22.6916 -91.3741 0.296898 0.073826 -0.20415 0.408196 0.353599
216.7 3.08652 -74.4 0.310168 0.10825 -0.20415 0.408196 0.353599
226.453 12.9668 -80.0308 0.310168 0.0894345 -0.20415 0.408196 0.353599
206.9 22.6916 -91.3741 0.28398 0.117837 6.2269e-08 0.292426 0.497816
216.7 12.9668 -85.6616 0.278373 0.137635 6.2269e-08 0.292426 0.497816
226.5 22.6916 -91.3741 0.296898 0.139005 6.2269e-08 0.292426 0.497816
216.7 26.0137 -92.5145 0.293833 0.125318 6.98191e-08 0.187444 0.546075
206.9 22.6916 -91.3741 0.28398 0.117837 6.98191e-08 0.187444 0.546075
226.5 22.6916 -91.3741 0.296898 0.139005 6.98191e-08 0.187444 0.546075
222.63 29.3121 -84.6705 0.244206 0.0868832 -0.187632 -0.43876 0.324988
216.7 26.0137 -92.5145 0.23029 0.0853142 -0.187632 -0.43876 0.324988
226.5 22.6916 -91.3741 0.235209 0.0962977 -0.187632 -0.43876 0.324988
222.63 29.3121 -84.6705 0.244206 0.0868832 -0.187632 -0.43876 0.324988
226.5 22.6916 -91.3741 0.235209 0.0962977 -0.187632 -0.43876 0.324988
232.388 26.0137 -83.4572 0.249124 0.0978668 -0.187632 -0.43876 0.324988
210.77 29.3121 -84.6705 0.237143 0.0727615 0 -0.532212 0.223793
216.7 26.0137 -92.5145 0.23029 0.0853142 0 -0.532212 0.223793
222.63 29.3121 -84.6705 0.244206 0.0868832 0 -0.532212 0.223793
206.9 22.6916 -91.3741 0.28398 0.117837 0.20415 0.408196 0.353599
206.947 12.9668 -80.0308 0.266388 0.127858 0.20415 0.408196 0.353599
216.7 3.08652 -74.4 0.260781 0.147656 0.20415 0.408196 0.353599
206.9 22.6916 -91.3741 0.28398 0.117837 0.20415 0.408196 0.353599
216.7 3.08652 -74.4 0.260781 0.147656 0.20415 0.408196 0.353599
216.7 12.9668 -85.6616 0.278373 0.137635 0.20415 0.408196 0.353599
197.1 22.6916 -74.4 0.260944 0.109674 0.431121 0.292426 0.248908
206.947 12.9668 -80.0308 0.266388 0.127858 0.431121 0.292426 0.248908
206.9 22.6916 -91.3741 0.28398 0.117837 0.431121 0.292426 0.248908
201.012 26.0137 -83.4572 0.274658 0.109674 0.472915 0.187445 0.273037
197.1 22.6916 -74.4 0.260944 0.109674 0.472915 0.187445 0.273037
206.9 22.6916 -91.3741 0.28398 0.117837 0.472915 0.187445 0.273037
210.77 29.3121 -84.6705 0.237143 0.0727615 0.187632 -0.43876 0.324988
201.012 26.0137 -83.4572 0.23029 0.0602089 0.187632 -0.43876 0.324988
206.9 22.6916 -91.3741 0.223438 0.0727615 0.187632 -0.43876 0.324988
210.77 29.3121 -84.6705 0.237143 0.0727615 0.187632 -0.43876 0.324988
206.9 22.6916 -91.3741 0.223438 0.0727615 0.187632 -0.43876 0.324988
216.7 26.0137 -92.5145 0.23029 0.0853142 0.187632 -0.43876 0.324988
204.841 29.3121 -74.4 0.244206 0.0586398 0.19381 -0.532212 0.111896
201.012 26.0137 -83.4572 0.23029 0.0602089 0.19381 -0.532212 0.111896
210.77 29.3121 -84.6705 0.237143 0.0727615 0.19381 -0.532212 0.111896
197.1 22.6916 -74.4 0.323438 0.113232 0.4083 0.408196 -0
206.947 12.9668 -68.7692 0.310168 0.128841 0.4083 0.408196 -0
216.7 3.08652 -74.4 0.310168 0.147656 0.4083 0.408196 -0
197.1 22.6916 -74.4 0.323438 0.113232 0.4083 0.408196 -0
216.7 3.08652 -74.4 0.310168 0.147656 0.4083 0.408196 -0
206.947 12.9668 -80.0308 0.323438 0.132048 0.4083 0.408196 -0
206.9 22.6916 -57.4259 0.296898 0.113232 0.431121 0.292426 -0.248908
206.947 12.9668 -68.7692 0.310168 0.128841 0.431121 0.292426 -0.248908
197.1 22.6916 -74.4 0.323438 0.113232 0.431121 0.292426 -0.248908
201.012 26.0137 -65.3428 0.310168 0.10825 0.472915 0.187445 -0.273037
206.9 22.6916 -57.4259 0.296898 0.113232 0.472915 0.187445 -0.273037
197.1 22.6916 -74.4 0.323438 0.113232 0.472915 0.187445 -0.273037
204.841 29.3121 -74.4 0.244206 0.0586398 0.375264 -0.43876 -0
201.012 26.0137 -65.3428 0.249124 0.0476562 0.375264 -0.43876 -0
197.1 22.6916 -74.4 0.235209 0.0492253 0.375264 -0.43876 -0
204.841 29.3121 -74.4 0.244206 0.0586398 0.375264 -0.43876 -0
197.1 22.6916 -74.4 0.235209 0.0492253 0.375264 -0.43876 -0
201.012 26.0137 -83.4572 0.23029 0.0602089 0.375264 -0.43876 -0
210.77 29.3121 -64.1295 0.235636 0.135584 0.19381 -0.532212 -0.111897
201.012 26.0137 -65.3428 0.235124 0.147656 0.19381 -0.532212 -0.111897
204.841 29.3121 -74.4 0.248208 0.142178 0.19381 -0.532212 -0.111897
206.9 22.6916 -57.4259 0.296898 0.113232 0.20415 0.408196 -0.353599
216.7 12.9668 -63.1384 0.296898 0.132048 0.20415 0.408196 -0.353599
216.7 3.08652 -74.4 0.310168 0.147656 0.20415 0.408196 -0.353599
206.9 22.6916 -57.4259 0.296898 0.113232 0.20415 0.408196 -0.353599
216.7 3.08652 -74.4 0.310168 0.147656 0.20415 0.408196 -0.353599
206.947 12.9668 -68.7692 0.310168 0.128841 0.20415 0.408196 -0.353599
226.5 22.6916 -57.4259 0.28398 0.0798556 -6.2269e-08 0.292426 -0.497816
216.7 12.9668 -63.1384 0.278373 0.0996535 -6.2269e-08 0.292426 -0.497816
206.9 22.6916 -57.4259 0.296898 0.101024 -6.2269e-08 0.292426 -0.497816
216.7 26.0137 -56.2855 0.293833 0.0873357 -6.98191e-08 0.187444 -0.546075
226.5 22.6916 -57.4259 0.28398 0.0798556 -6.98191e-08 0.187444 -0.546075
206.9 22.6916 -57.4259 0.296898 0.101024 -6.98191e-08 0.187444 -0.546075
210.77 29.3121 -64.1295 0.235636 0.135584 0.187632 -0.43876 -0.324988
216.7 26.0137 -56.2855 0.223949 0.127692 0.187632 -0.43876 -0.324988
206.9 22.6916 -57.4259 0.223438 0.139764 0.187632 -0.43876 -0.324988
210.77 29.3121 -64.1295 0.235636 0.135584 0.187632 -0.43876 -0.324988
206.9 22.6916 -57.4259 0.223438 0.139764 0.187632 -0.43876 -0.324988
201.012 26.0137 -65.3428 0.235124 0.147656 0.187632 -0.43876 -0.324988
222.63 29.3121 -64.1295 0.235636 0.119718 0 -0.532212 -0.223793
216.7 26.0137 -56.2855 0.223949 0.127692 0 -0.532212 -0.223793
210.77 29.3121 -64.1295 0.235636 0.135584 0 -0.532212 -0.223793
216.7 29.2865 -74.4 0.248208 0.126312 0 -0.577348 0.00143699
222.63 29.3121 -64.1295 0.235636 0.119718 0 -0.577348 0.00143699
210.77 29.3121 -64.1295 0.235636 0.135584 0 -0.577348 0.00143699
222.63 29.3121 -64.1295 0.235636 0.119718 0 -0.577348 0.00143699
216.7 29.2865 -74.4 0.248208 0.126312 0 -0.577348 0.00143699
228.559 29.3121 -74.4 0.248208 0.110446 0.0012445 -0.577348 0.000718494
228.559 29.3121 -74.4 0.248208 0.110446 0.0012445 -0.577348 0.000718494
216.7 29.2865 -74.4 0.248208 0.126312 0 -0.577348 0.00143699
222.63 29.3121 -84.6705 0.260781 0.11704 0.0012445 -0.577348 -0.000718494
222.63 29.3121 -84.6705 0.260781 0.11704 0.0012445 -0.577348 -0.000718494
216.7 29.2865 -74.4 0.248208 0.126312 0 -0.577348 0.00143699
210.77 29.3121 -84.6705 0.260781 0.132906 0 -0.577348 -0.00143699
210.77 29.3121 -84.6705 0.260781 0.132906 0 -0.577348 -0.00143699
216.7 29.2865 -74.4 0.248208 0.126312 0 -0.577348 0.00143699
204.841 29.3121 -74.4 0.248208 0.142178 -0.00124455 -0.577348 -0.000718494
204.841 29.3121 -74.4 0.248208 0.142178 -0.00124455 -0.577348 -0.000718494
216.7 29.2865 -74.4 0.248208 0.126312 0 -0.577348 0.00143699
210.77 29.3121 -64.1295 0.235636 0.135584 0 -0.577348 0.00143699
