Vertex Count: 1266

Data:

112.877 16.3041 480.661 0.0961037 0.0747184 0.192794 -0.544187 -0.00493864
101.162 12.2432 470.805 0.0938611 0.0739039 0.192794 -0.544187 -0.00493864
135.039 24.3062 464.087 0.0960037 0.0695609 0.192794 -0.544187 -0.00493864
100.479 8.40236 452.427 0.0505153 0.101099 0.117993 -0.56495 0.0155691
66.7219 1.74842 466.815 0.0591578 0.0926651 0.117993 -0.56495 0.0155691
76.433 3.11698 442.878 0.0567157 0.0996547 0.117993 -0.56495 0.0155691
76.433 3.11698 442.878 0.0567157 0.0996547 0.117993 -0.56495 0.0155691
104.466 8.87274 433.877 0.0531605 0.106098 0.119601 -0.564712 0.0113878
100.479 8.40236 452.427 0.0505153 0.101099 0.117993 -0.56495 0.0155691
150.219 69.4055 415.595 0.0908453 0.0552676 0.391255 0.414411 0.092284
148.077 66.8211 436.283 0.0908453 0.0592551 0.391255 0.414411 0.092284
156.969 60.4761 427.076 0.089668 0.0577773 0.391255 0.414411 0.092284
110.116 24.1098 488.235 0.100478 0.0748324 0.212207 0.0728434 0.531973
119.004 38.545 482.713 0.103498 0.0735236 0.212207 0.0728434 0.531973
80.9547 38.0551 497.958 0.105571 0.0789874 0.212207 0.0728434 0.531973
112.877 16.3041 480.661 0.0864699 0.0514218 0.0547516 -0.55141 0.16212
92.2207 15.8855 486.213 0.0885743 0.0514218 0.0547516 -0.55141 0.16212
101.162 12.2432 470.805 0.0881661 0.0547001 0.0547516 -0.55141 0.16212
136.559 83.3717 424.219 0.116184 0.0538675 0.434685 0.368895 0.0910954
148.077 66.8211 436.283 0.113631 0.0539315 0.434685 0.368895 0.0910954
150.219 69.4055 415.595 0.113169 0.0490201 0.434685 0.368895 0.0910954
156.969 60.4761 427.076 0.112439 0.0520204 0.450249 0.243463 0.267085
148.077 66.8211 436.283 0.113631 0.0539315 0.450249 0.243463 0.267085
152.774 55.0698 439.076 0.10884 0.0554149 0.450249 0.243463 0.267085
150.219 69.4055 415.595 0.113169 0.0490201 0.481381 0.316632 -0.0367443
156.969 60.4761 427.076 0.112439 0.0520204 0.481381 0.316632 -0.0367443
158.306 56.9762 414.436 0.105692 0.0448178 0.481381 0.316632 -0.0367443
156.969 60.4761 427.076 0.112439 0.0520204 0.504232 0.144387 0.24132
152.774 55.0698 439.076 0.10884 0.0554149 0.504232 0.144387 0.24132
158.415 51.7997 429.246 0.10775 0.0523084 0.504232 0.144387 0.24132
150.219 69.4055 415.595 0.113169 0.0490201 0.365325 0.430894 -0.119167
131.903 79.9394 397.533 0.117907 0.0505354 0.365325 0.430894 -0.119167
136.559 83.3717 424.219 0.116184 0.0538675 0.365325 0.430894 -0.119167
158.415 51.7997 429.246 0.10775 0.0523084 0.567304 0.102459 0.0316473
158.306 56.9762 414.436 0.105692 0.0448178 0.567304 0.102459 0.0316473
156.969 60.4761 427.076 0.112439 0.0520204 0.567304 0.102459 0.0316473
152.774 55.0698 439.076 0.10884 0.0554149 0.45649 0.243401 0.256331
148.077 66.8211 436.283 0.113631 0.0539315 0.45649 0.243401 0.256331
142.944 53.5921 457.985 0.10809 0.0668745 0.45649 0.243401 0.256331
152.774 55.0698 439.076 0.10884 0.0554149 0.505738 0.126376 0.248176
154.142 40.3617 443.778 0.103908 0.0593723 0.505738 0.126376 0.248176
158.415 51.7997 429.246 0.10775 0.0523084 0.505738 0.126376 0.248176
154.142 40.3617 443.778 0.103908 0.0593723 0.562489 -0.085985 0.0977045
158.792 45.0847 421.168 0.102476 0.0499804 0.562489 -0.085985 0.0977045
158.415 51.7997 429.246 0.10775 0.0523084 0.562489 -0.085985 0.0977045
153.942 32.6872 438.306 0.0962118 0.0566245 0.4855 -0.309411 -0.0434469
150.362 27.5886 434.618 0.0931238 0.0587057 0.4855 -0.309411 -0.0434469
154.378 34.8186 427.999 0.0965061 0.0538507 0.4855 -0.309411 -0.0434469
157.413 48.917 399.761 0.102648 0.0436537 0.566868 -0.0849596 -0.0691008
157.053 37.3329 411.046 0.095953 0.051903 0.566868 -0.0849596 -0.0691008
155.147 37.5351 395.167 0.0975232 0.0433129 0.566868 -0.0849596 -0.0691008
153.37 31.4438 403.934 0.0911713 0.0473922 0.518534 -0.245329 -0.0653442
155.147 37.5351 395.167 0.0975232 0.0433129 0.518534 -0.245329 -0.0653442
157.053 37.3329 411.046 0.095953 0.051903 0.518534 -0.245329 -0.0653442
147.435 25.7283 401.345 0.042255 0.121139 0.416479 -0.387047 -0.100365
150.186 30.6579 393.753 0.0407659 0.12376 0.416479 -0.387047 -0.100365
153.37 31.4438 403.934 0.0390492 0.121007 0.416479 -0.387047 -0.100365
154.378 34.8186 427.999 0.0965061 0.0538507 0.542168 -0.184576 0.0729311
158.792 45.0847 421.168 0.102476 0.0499804 0.542168 -0.184576 0.0729311
154.142 40.3617 443.778 0.103908 0.0593723 0.542168 -0.184576 0.0729311
138.298 19.0216 444.852 0.0458973 0.105487 0.207053 -0.537881 -0.0338645
126.062 14.5758 440.649 0.0487999 0.107408 0.207053 -0.537881 -0.0338645
141.442 20.9117 434.054 0.0439548 0.11064 0.207053 -0.537881 -0.0338645
153.942 32.6872 438.306 0.0962118 0.0566245 0.576359 -0.0282755 0.0185301
154.378 34.8186 427.999 0.0965061 0.0538507 0.576359 -0.0282755 0.0185301
154.142 40.3617 443.778 0.103908 0.0593723 0.576359 -0.0282755 0.0185301
135.039 24.3062 464.087 0.0960037 0.0695609 0.367541 -0.236229 0.377415
110.116 24.1098 488.235 0.100478 0.0748324 0.367541 -0.236229 0.377415
112.877 16.3041 480.661 0.0961037 0.0747184 0.367541 -0.236229 0.377415
141.386 21.9121 450.872 0.0949261 0.0662152 0.405632 -0.323401 0.253393
149.556 28.2833 445.924 0.0973263 0.0603588 0.405632 -0.323401 0.253393
135.039 24.3062 464.087 0.0960037 0.0695609 0.405632 -0.323401 0.253393
158.792 45.0847 421.168 0.102476 0.0499804 0.576726 0.0263664 0.00498106
158.306 56.9762 414.436 0.105692 0.0448178 0.576726 0.0263664 0.00498106
158.415 51.7997 429.246 0.10775 0.0523084 0.576726 0.0263664 0.00498106
142.944 53.5921 457.985 0.10809 0.0668745 0.33623 0.178441 0.434099
119.004 38.545 482.713 0.103498 0.0735236 0.33623 0.178441 0.434099
139.084 36.6939 467.921 0.103445 0.0667171 0.33623 0.178441 0.434099
139.084 36.6939 467.921 0.103445 0.0667171 0.480894 0.0730245 0.311034
154.142 40.3617 443.778 0.103908 0.0593723 0.480894 0.0730245 0.311034
142.944 53.5921 457.985 0.10809 0.0668745 0.480894 0.0730245 0.311034
135.039 24.3062 464.087 0.0960037 0.0695609 0.464203 -0.230346 0.254537
154.142 40.3617 443.778 0.103908 0.0593723 0.464203 -0.230346 0.254537
139.084 36.6939 467.921 0.103445 0.0667171 0.464203 -0.230346 0.254537
80.9547 38.0551 497.958 0.105571 0.0789874 0.193426 0.0256182 0.543382
64.9092 19.3635 504.551 0.102143 0.0827415 0.193426 0.0256182 0.543382
110.116 24.1098 488.235 0.100478 0.0748324 0.193426 0.0256182 0.543382
149.556 28.2833 445.924 0.0973263 0.0603588 0.515739 -0.159445 0.204753
153.942 32.6872 438.306 0.0962118 0.0566245 0.515739 -0.159445 0.204753
154.142 40.3617 443.778 0.103908 0.0593723 0.515739 -0.159445 0.204753
126.394 15.9064 454.811 0.0467038 0.100752 0.182164 -0.545838 0.047016
126.062 14.5758 440.649 0.0487999 0.107408 0.182164 -0.545838 0.047016
138.298 19.0216 444.852 0.0458973 0.105487 0.182164 -0.545838 0.047016
148.193 26.5096 417.933 0.0402858 0.114348 0.346475 -0.461582 -0.0151961
150.362 27.5886 434.618 0.0402672 0.109667 0.346475 -0.461582 -0.0151961
141.442 20.9117 434.054 0.0439548 0.11064 0.346475 -0.461582 -0.0151961
150.362 27.5886 434.618 0.0402672 0.109667 0.346756 -0.459573 -0.0434308
145.76 23.3947 442.256 0.0428397 0.106842 0.346756 -0.459573 -0.0434308
141.442 20.9117 434.054 0.0439548 0.11064 0.346756 -0.459573 -0.0434308
103.204 8.31638 417.078 0.0560369 0.110131 0.168239 -0.552266 0.00564966
127.128 15.6638 422.887 0.0497928 0.110822 0.168239 -0.552266 0.00564966
104.466 8.87274 433.877 0.0531605 0.106098 0.168239 -0.552266 0.00564966
127.128 15.6638 422.887 0.0497928 0.110822 0.168239 -0.552266 0.00564966
103.204 8.31638 417.078 0.0560369 0.110131 0.168239 -0.552266 0.00564966
120.958 13.0675 407.838 0.054517 0.114101 0.162929 -0.553144 0.0286322
103.204 8.31638 417.078 0.0560369 0.110131 0.158926 -0.55468 0.0201513
103.736 7.67578 395.249 0.0587771 0.11773 0.158926 -0.55468 0.0201513
120.958 13.0675 407.838 0.054517 0.114101 0.158926 -0.55468 0.0201513
141.442 20.9117 434.054 0.0439548 0.11064 0.291281 -0.49848 -0.00244546
145.76 23.3947 442.256 0.0428397 0.106842 0.291281 -0.49848 -0.00244546
138.298 19.0216 444.852 0.0458973 0.105487 0.291281 -0.49848 -0.00244546
126.062 14.5758 440.649 0.0487999 0.107408 0.142528 -0.559239 0.0164545
100.479 8.40236 452.427 0.0505153 0.101099 0.142528 -0.559239 0.0164545
104.466 8.87274 433.877 0.0531605 0.106098 0.142528 -0.559239 0.0164545
127.128 15.6638 422.887 0.0497928 0.110822 0.212379 -0.536493 -0.0201124
141.442 20.9117 434.054 0.0439548 0.11064 0.212379 -0.536493 -0.0201124
126.062 14.5758 440.649 0.0487999 0.107408 0.212379 -0.536493 -0.0201124
97.1125 2.08545 373.847 0.0638283 0.122962 0.205544 -0.523114 0.13205
111.435 6.01088 367.104 0.0607054 0.125139 0.205544 -0.523114 0.13205
115.87 10.4877 377.935 0.056581 0.122822 0.205544 -0.523114 0.13205
115.87 10.4877 377.935 0.056581 0.122822 0.221628 -0.528572 0.0694725
103.736 7.67578 395.249 0.0587771 0.11773 0.221628 -0.528572 0.0694725
97.1125 2.08545 373.847 0.0638283 0.122962 0.221628 -0.528572 0.0694725
82.3379 0.966218 390.241 0.0650532 0.116546 0.14944 -0.549141 0.0971873
97.1125 2.08545 373.847 0.0638283 0.122962 0.14944 -0.549141 0.0971873
103.736 7.67578 395.249 0.0587771 0.11773 0.14944 -0.549141 0.0971873
103.736 7.67578 395.249 0.0587771 0.11773 0.14944 -0.549141 0.0971873
79.5972 2.88308 410.042 0.0604085 0.109898 0.155263 -0.551024 0.0748324
82.3379 0.966218 390.241 0.0650532 0.116546 0.14944 -0.549141 0.0971873
142.944 53.5921 457.985 0.10809 0.0668745 0.494537 0.131468 0.267361
154.142 40.3617 443.778 0.103908 0.0593723 0.494537 0.131468 0.267361
152.774 55.0698 439.076 0.10884 0.0554149 0.494537 0.131468 0.267361
55.9618 -0.179307 427.139 0.0632763 0.105248 0.0253434 -0.576636 0.0134758
22.0963 -1.89748 417.307 0.0783603 0.103959 0.0253434 -0.576636 0.0134758
55.231 -0.915301 397.019 0.0698206 0.112232 0.0253434 -0.576636 0.0134758
139.084 36.6939 467.921 0.103445 0.0667171 0.367389 -0.236723 0.377254
110.116 24.1098 488.235 0.100478 0.0748324 0.367389 -0.236723 0.377254
135.039 24.3062 464.087 0.0960037 0.0695609 0.367389 -0.236723 0.377254
103.204 8.31638 417.078 0.0560369 0.110131 0.116644 -0.565357 0.00995984
104.466 8.87274 433.877 0.0531605 0.106098 0.116644 -0.565357 0.00995984
83.3973 4.39582 426.501 0.0581149 0.1056 0.116644 -0.565357 0.00995984
76.433 3.11698 442.878 0.0567157 0.0996547 0.11797 -0.565137 0.00603724
83.3973 4.39582 426.501 0.0581149 0.1056 0.116644 -0.565357 0.00995984
104.466 8.87274 433.877 0.0531605 0.106098 0.116644 -0.565357 0.00995984
82.3379 0.966218 390.241 0.0650532 0.116546 0.0551786 -0.571346 0.0620696
55.231 -0.915301 397.019 0.0698206 0.112232 0.0551786 -0.571346 0.0620696
72.1205 -1.50042 376.619 0.0680916 0.120404 0.0551786 -0.571346 0.0620696
55.231 -0.915301 397.019 0.0698206 0.112232 0.0551786 -0.571346 0.0620696
82.3379 0.966218 390.241 0.0650532 0.116546 0.0551786 -0.571346 0.0620696
79.5972 2.88308 410.042 0.0604085 0.109898 0.0553943 -0.571227 0.0629652
127.128 15.6638 422.887 0.0497928 0.110822 0.247927 -0.515936 -0.0753386
148.193 26.5096 417.933 0.0402858 0.114348 0.247927 -0.515936 -0.0753386
141.442 20.9117 434.054 0.0439548 0.11064 0.247927 -0.515936 -0.0753386
136.856 19.4938 406.798 0.0482599 0.116472 0.271569 -0.507645 0.0433565
148.193 26.5096 417.933 0.0402858 0.114348 0.271569 -0.507645 0.0433565
127.128 15.6638 422.887 0.0497928 0.110822 0.271569 -0.507645 0.0433565
147.435 25.7283 401.345 0.042255 0.121139 0.400172 -0.416165 0.0013075
153.37 31.4438 403.934 0.0390492 0.121007 0.400172 -0.416165 0.0013075
148.193 26.5096 417.933 0.0402858 0.114348 0.400172 -0.416165 0.0013075
147.61 65.1983 393.348 0.110529 0.0433456 0.36797 0.427277 -0.123958
131.903 79.9394 397.533 0.115581 0.0459416 0.36797 0.427277 -0.123958
150.219 69.4055 415.595 0.113169 0.0490201 0.36797 0.427277 -0.123958
136.856 19.4938 406.798 0.0482599 0.116472 0.280484 -0.503645 -0.0316914
138.537 21.228 394.116 0.0484096 0.123838 0.280484 -0.503645 -0.0316914
147.435 25.7283 401.345 0.042255 0.121139 0.280484 -0.503645 -0.0316914
120.958 13.0675 407.838 0.054517 0.114101 0.214977 -0.535383 -0.0219817
125.3 15.4113 393.216 0.0519655 0.120468 0.214977 -0.535383 -0.0219817
136.856 19.4938 406.798 0.0482599 0.116472 0.214977 -0.535383 -0.0219817
148.193 26.5096 417.933 0.0402858 0.114348 0.296819 -0.495113 0.00975157
136.856 19.4938 406.798 0.0482599 0.116472 0.296819 -0.495113 0.00975157
147.435 25.7283 401.345 0.042255 0.121139 0.296819 -0.495113 0.00975157
141.253 67.5511 371.013 0.111881 0.0393074 0.446091 0.355416 -0.0895257
147.61 65.1983 393.348 0.110529 0.0433456 0.446091 0.355416 -0.0895257
152.374 55.6453 379.162 0.107673 0.039205 0.446091 0.355416 -0.0895257
158.306 56.9762 414.436 0.105692 0.0448178 0.576182 0.00280723 -0.0365996
158.792 45.0847 421.168 0.102476 0.0499804 0.576182 0.00280723 -0.0365996
157.413 48.917 399.761 0.102648 0.0436537 0.576182 0.00280723 -0.0365996
150.186 30.6579 393.753 0.0931237 0.044495 0.471356 -0.329295 -0.0521637
149.962 32.825 378.045 0.0949143 0.0390491 0.471356 -0.329295 -0.0521637
155.147 37.5351 395.167 0.0975232 0.0433129 0.471356 -0.329295 -0.0521637
157.053 37.3329 411.046 0.095953 0.051903 0.452149 -0.358559 0.0181667
154.378 34.8186 427.999 0.0965061 0.0538507 0.452149 -0.358559 0.0181667
148.193 26.5096 417.933 0.0911907 0.0542127 0.452149 -0.358559 0.0181667
143.908 26.0599 389.332 0.0918709 0.0431538 0.368389 -0.439634 -0.0659171
149.962 32.825 378.045 0.0949143 0.0390491 0.368389 -0.439634 -0.0659171
150.186 30.6579 393.753 0.0931237 0.044495 0.368389 -0.439634 -0.0659171
101.162 12.2432 470.805 0.0507497 0.0965532 0.153778 -0.545842 0.108364
66.7219 1.74842 466.815 0.0591578 0.0926651 0.153778 -0.545842 0.108364
100.479 8.40236 452.427 0.0505153 0.101099 0.153778 -0.545842 0.108364
72.1732 9.93143 484.523 0.0954892 0.0807322 0.137985 -0.52236 0.203552
101.162 12.2432 470.805 0.0938611 0.0739039 0.137985 -0.52236 0.203552
92.2207 15.8855 486.213 0.0969523 0.0775191 0.137985 -0.52236 0.203552
158.306 56.9762 414.436 0.105692 0.0448178 0.469317 0.316058 -0.114811
147.61 65.1983 393.348 0.110529 0.0433456 0.469317 0.316058 -0.114811
150.219 69.4055 415.595 0.113169 0.0490201 0.469317 0.316058 -0.114811
157.413 48.917 399.761 0.102648 0.0436537 0.571632 -0.0649827 -0.0484426
158.792 45.0847 421.168 0.102476 0.0499804 0.571632 -0.0649827 -0.0484426
157.053 37.3329 411.046 0.095953 0.051903 0.571632 -0.0649827 -0.0484426
92.2207 15.8855 486.213 0.0969523 0.0775191 0.122815 -0.491895 0.276206
64.9092 19.3635 504.551 0.102143 0.0827415 0.122815 -0.491895 0.276206
72.1732 9.93143 484.523 0.0954892 0.0807322 0.122815 -0.491895 0.276206
149.556 28.2833 445.924 0.0973263 0.0603588 0.451331 -0.355966 0.0540504
150.362 27.5886 434.618 0.0931238 0.0587057 0.451331 -0.355966 0.0540504
153.942 32.6872 438.306 0.0962118 0.0566245 0.451331 -0.355966 0.0540504
153.37 31.4438 403.934 0.127057 0.0549517 0.469221 -0.313281 -0.122554
150.186 30.6579 393.753 0.124853 0.0536151 0.469221 -0.313281 -0.122554
155.147 37.5351 395.167 0.127057 0.0502802 0.469221 -0.313281 -0.122554
125.3 15.4113 393.216 0.0519655 0.120468 0.234014 -0.526208 -0.0409369
138.537 21.228 394.116 0.0484096 0.123838 0.234014 -0.526208 -0.0409369
136.856 19.4938 406.798 0.0482599 0.116472 0.234014 -0.526208 -0.0409369
100.479 8.40236 452.427 0.0505153 0.101099 0.15591 -0.553792 0.0483791
126.062 14.5758 440.649 0.0487999 0.107408 0.15591 -0.553792 0.0483791
126.394 15.9064 454.811 0.0467038 0.100752 0.15591 -0.553792 0.0483791
149.556 28.2833 445.924 0.0973263 0.0603588 0.433653 -0.377295 0.0541018
145.76 23.3947 442.256 0.0941636 0.0620661 0.433653 -0.377295 0.0541018
150.362 27.5886 434.618 0.0931238 0.0587057 0.433653 -0.377295 0.0541018
154.378 34.8186 427.999 0.0965061 0.0538507 0.48565 -0.309217 -0.0431446
150.362 27.5886 434.618 0.0931238 0.0587057 0.48565 -0.309217 -0.0431446
148.193 26.5096 417.933 0.0911907 0.0542127 0.48565 -0.309217 -0.0431446
149.556 28.2833 445.924 0.0973263 0.0603588 0.454121 -0.112306 0.338371
154.142 40.3617 443.778 0.103908 0.0593723 0.454121 -0.112306 0.338371
135.039 24.3062 464.087 0.0960037 0.0695609 0.454121 -0.112306 0.338371
136.856 19.4938 406.798 0.0482599 0.116472 0.216566 -0.535182 0.00354243
127.128 15.6638 422.887 0.0497928 0.110822 0.216566 -0.535182 0.00354243
120.958 13.0675 407.838 0.054517 0.114101 0.216566 -0.535182 0.00354243
83.3973 4.39582 426.501 0.0581149 0.1056 0.122736 -0.563665 0.0234679
79.5972 2.88308 410.042 0.0604085 0.109898 0.122736 -0.563665 0.0234679
103.204 8.31638 417.078 0.0560369 0.110131 0.122736 -0.563665 0.0234679
79.5972 2.88308 410.042 0.0604085 0.109898 0.122736 -0.563665 0.0234679
103.736 7.67578 395.249 0.0587771 0.11773 0.123878 -0.563565 0.0195579
103.204 8.31638 417.078 0.0560369 0.110131 0.122736 -0.563665 0.0234679
101.162 12.2432 470.805 0.0938611 0.0739039 0.217605 -0.481318 0.233056
126.394 15.9064 454.811 0.0927452 0.068915 0.217605 -0.481318 0.233056
135.039 24.3062 464.087 0.0960037 0.0695609 0.217605 -0.481318 0.233056
104.466 8.87274 433.877 0.0531605 0.106098 0.154529 -0.555735 -0.0247639
127.128 15.6638 422.887 0.0497928 0.110822 0.154529 -0.555735 -0.0247639
126.062 14.5758 440.649 0.0487999 0.107408 0.154529 -0.555735 -0.0247639
55.231 -0.915301 397.019 0.0698206 0.112232 0.0826657 -0.571277 0.0119541
79.5972 2.88308 410.042 0.0604085 0.109898 0.0826657 -0.571277 0.0119541
55.9618 -0.179307 427.139 0.0632763 0.105248 0.0826657 -0.571277 0.0119541
157.053 37.3329 411.046 0.095953 0.051903 0.459851 -0.345757 0.0481941
148.193 26.5096 417.933 0.0911907 0.0542127 0.459851 -0.345757 0.0481941
153.37 31.4438 403.934 0.0911713 0.0473922 0.459851 -0.345757 0.0481941
110.116 24.1098 488.235 0.100478 0.0748324 0.121993 -0.370171 0.42594
92.2207 15.8855 486.213 0.0969523 0.0775191 0.121993 -0.370171 0.42594
112.877 16.3041 480.661 0.0961037 0.0747184 0.121993 -0.370171 0.42594
110.116 24.1098 488.235 0.100478 0.0748324 0.166045 -0.442746 0.331268
64.9092 19.3635 504.551 0.102143 0.0827415 0.166045 -0.442746 0.331268
92.2207 15.8855 486.213 0.0969523 0.0775191 0.166045 -0.442746 0.331268
154.378 34.8186 427.999 0.0965061 0.0538507 0.540532 -0.194882 0.0563868
157.053 37.3329 411.046 0.095953 0.051903 0.540532 -0.194882 0.0563868
158.792 45.0847 421.168 0.102476 0.0499804 0.540532 -0.194882 0.0563868
101.162 12.2432 470.805 0.0507497 0.0965532 0.148443 -0.54722 0.10885
100.479 8.40236 452.427 0.0505153 0.101099 0.148443 -0.54722 0.10885
126.394 15.9064 454.811 0.0467038 0.100752 0.148443 -0.54722 0.10885
141.386 21.9121 450.872 0.0949261 0.0662152 0.392784 -0.402633 0.130156
145.76 23.3947 442.256 0.0941636 0.0620661 0.392784 -0.402633 0.130156
149.556 28.2833 445.924 0.0973263 0.0603588 0.392784 -0.402633 0.130156
55.231 -0.915301 397.019 0.0698206 0.112232 0.0166729 -0.576312 0.0303331
52.5794 -2.52021 367.984 0.0733868 0.118011 0.0166729 -0.576312 0.0303331
72.1205 -1.50042 376.619 0.0680916 0.120404 0.0166729 -0.576312 0.0303331
37.8014 8.17494 318.406 0.0864699 0.058342 -0.060611 -0.431862 -0.378358
39.2517 21.8071 302.614 0.089668 0.0547001 -0.060611 -0.431862 -0.378358
55.1401 11.2535 312.115 0.089668 0.0592551 -0.060611 -0.431862 -0.378358
2.64122 13.7063 315.655 0.0707325 0.0839143 -0.430512 -0.293638 -0.248534
-10.9958 15.7838 336.823 0.0742715 0.07973 -0.430512 -0.293638 -0.248534
-6.64246 37.1111 304.084 0.0759196 0.0852025 -0.430512 -0.293638 -0.248534
-10.9958 15.7838 336.823 0.0742715 0.07973 -0.430512 -0.293638 -0.248534
-23.4293 43.7939 326.381 0.0800423 0.0807323 -0.438236 -0.285624 -0.244339
-6.64246 37.1111 304.084 0.0759196 0.0852025 -0.430512 -0.293638 -0.248534
71.6646 8.90318 312.022 0.0421881 0.0505465 -0.0627215 -0.425791 -0.38484
55.1401 11.2535 312.115 0.0480531 0.0464419 -0.0627215 -0.425791 -0.38484
68.4168 17.5981 302.931 0.0443171 0.0527306 -0.0627215 -0.425791 -0.38484
18.9512 10.6283 305.957 0.0872749 0.131756 -0.0179991 -0.570742 -0.085221
37.8014 8.17494 318.406 0.0829111 0.132837 -0.0179991 -0.570742 -0.085221
21.0574 7.44097 326.858 0.0843573 0.13077 -0.0179991 -0.570742 -0.085221
139.293 46.4241 336.852 0.047129 0.0707291 0.488923 0.300357 -0.0638227
124.809 65.2532 314.504 0.053932 0.0681288 0.488923 0.300357 -0.0638227
119.88 79.3536 343.105 0.0589204 0.0718631 0.488923 0.300357 -0.0638227
-16.2111 75.4628 317.56 0.0656668 0.0407599 -0.316682 0.247356 -0.414562
8.50362 83.5334 303.496 0.065644 0.0485047 -0.316682 0.247356 -0.414562
-4.58808 63.451 301.514 0.0631895 0.0415741 -0.316682 0.247356 -0.414562
80.9547 38.0551 497.958 0.0864699 0.0761048 -0.00456385 0.195521 0.543217
51.2525 49.7183 493.511 0.0902443 0.0709635 -0.00456385 0.195521 0.543217
64.9092 19.3635 504.551 0.0902443 0.0777731 -0.00456385 0.195521 0.543217
55.0891 -3.50149 341.445 0.0768984 0.127592 -0.136714 -0.548177 -0.118929
33.8851 -1.36779 355.985 0.080913 0.122969 -0.136714 -0.548177 -0.118929
37.4503 2.05581 336.106 0.0815567 0.128303 -0.136714 -0.548177 -0.118929
-5.39455 -2.35882 437.471 0.137916 0.059188 -0.0775197 -0.57187 0.0169883
11.1333 -3.87943 461.702 0.137634 0.066406 -0.0775197 -0.57187 0.0169883
-22.0789 0.453963 456.023 0.133496 0.0582139 -0.0775197 -0.57187 0.0169883
19.1976 52.7255 288.025 0.0564816 0.0418609 -0.0564532 -0.274736 -0.504645
64.9857 40.5889 289.51 0.0516258 0.0520871 -0.0564532 -0.274736 -0.504645
39.2517 21.8071 302.614 0.053012 0.045162 -0.0564532 -0.274736 -0.504645
37.4503 2.05581 336.106 0.0815567 0.128303 -0.107986 -0.531889 -0.196891
60.4789 2.75317 321.592 0.079542 0.131939 -0.107986 -0.531889 -0.196891
55.0891 -3.50149 341.445 0.0768984 0.127592 -0.107986 -0.531889 -0.196891
39.4669 -5.15842 461.372 0.0673222 0.0972496 0.0985099 -0.566098 -0.0562324
32.166 -4.61561 443.117 0.0705609 0.101504 0.0985099 -0.566098 -0.0562324
52.9591 -1.54059 448.586 0.0649751 0.100895 0.0985099 -0.566098 -0.0562324
103.324 84.8496 310.289 0.0588973 0.0625925 0.0480576 0.396475 -0.416931
75.2052 79.8151 302.261 0.0618739 0.055518 0.0480576 0.396475 -0.416931
79.1828 97.5432 319.577 0.0631833 0.0635866 0.0480576 0.396475 -0.416931
104.226 2.24825 353.21 0.0659485 0.128796 0.213992 -0.52743 -0.0967411
83.8929 -1.7008 329.763 0.074017 0.129454 0.213992 -0.52743 -0.0967411
115.459 9.47727 338.646 0.0592562 0.131896 0.213992 -0.52743 -0.0967411
139.519 21.8746 356.811 0.0391558 0.0750947 0.446495 -0.330488 -0.157331
129.512 18.9173 334.621 0.0404809 0.0669688 0.446495 -0.330488 -0.157331
139.714 29.4683 341.412 0.0431736 0.071527 0.446495 -0.330488 -0.157331
6.31244 100.648 324.764 0.124316 0.0916764 -0.205186 0.309878 -0.441823
-16.2111 75.4628 317.56 0.132051 0.088533 -0.205186 0.309878 -0.441823
-31.7778 78.2721 326.76 0.131574 0.0934309 -0.205186 0.309878 -0.441823
139.519 21.8746 356.811 0.049489 0.131738 0.340101 -0.461177 0.0705707
149.962 32.825 378.045 0.04338 0.130713 0.340101 -0.461177 0.0705707
132.591 20.0536 378.3 0.0493477 0.127735 0.340101 -0.461177 0.0705707
49.4895 11.0092 492.386 0.132489 0.0832266 0.0673701 -0.508951 0.264129
72.1732 9.93143 484.523 0.134891 0.0881935 0.0673701 -0.508951 0.264129
64.9092 19.3635 504.551 0.128266 0.0867563 0.0673701 -0.508951 0.264129
-55.4688 34.3591 342.413 0.0812709 0.0720112 -0.440546 -0.00414184 -0.373142
-66.8414 39.6064 355.782 0.0831969 0.0680405 -0.440546 -0.00414184 -0.373142
-45.6952 59.639 330.593 0.0854617 0.0760546 -0.440546 -0.00414184 -0.373142
37.7591 1.88622 478.191 0.137916 0.0794519 0.102664 -0.512753 0.244699
49.4895 11.0092 492.386 0.132489 0.0832266 0.102664 -0.512753 0.244699
29.1659 9.35587 497.448 0.1325 0.079563 0.102664 -0.512753 0.244699
149.962 32.825 378.045 0.0395947 0.0808376 0.524017 -0.242058 -0.0121455
150.747 35.5983 356.629 0.0429979 0.0772703 0.524017 -0.242058 -0.0121455
156.436 47.444 365.999 0.0481659 0.0801744 0.524017 -0.242058 -0.0121455
156.436 47.444 365.999 0.0481659 0.0801744 0.524017 -0.242058 -0.0121455
155.483 44.4769 383.718 0.0453941 0.082984 0.523936 -0.24222 -0.012386
149.962 32.825 378.045 0.0395947 0.0808376 0.524017 -0.242058 -0.0121455
138.537 21.228 394.116 0.0484096 0.123838 0.323281 -0.466056 -0.107772
143.908 26.0599 389.332 0.0432395 0.126403 0.323281 -0.466056 -0.107772
147.435 25.7283 401.345 0.042255 0.121139 0.323281 -0.466056 -0.107772
139.519 21.8746 356.811 0.049489 0.131738 0.304848 -0.484862 -0.0728716
115.459 9.47727 338.646 0.0592562 0.131896 0.304848 -0.484862 -0.0728716
129.512 18.9173 334.621 0.0567009 0.135978 0.304848 -0.484862 -0.0728716
139.714 29.4683 341.412 0.0431736 0.071527 0.477264 -0.0732746 -0.316518
139.293 46.4241 336.852 0.047129 0.0707291 0.477264 -0.0732746 -0.316518
150.747 35.5983 356.629 0.0429979 0.0772703 0.477264 -0.0732746 -0.316518
125.3 15.4113 393.216 0.0519655 0.120468 0.234221 -0.525423 -0.0490371
132.591 20.0536 378.3 0.0493477 0.127735 0.234221 -0.525423 -0.0490371
138.537 21.228 394.116 0.0484096 0.123838 0.234221 -0.525423 -0.0490371
68.4168 17.5981 302.931 0.0443171 0.0527306 0.0706415 -0.280982 -0.499392
64.9857 40.5889 289.51 0.0516258 0.0520871 0.0706415 -0.280982 -0.499392
94.7074 22.8758 303.681 0.0455961 0.0561994 0.0706415 -0.280982 -0.499392
132.591 20.0536 378.3 0.0493477 0.127735 0.282468 -0.496869 0.0816476
115.87 10.4877 377.935 0.056581 0.122822 0.282468 -0.496869 0.0816476
121.869 11.3453 362.4 0.0545871 0.128128 0.282468 -0.496869 0.0816476
-11.0531 2.51471 470.517 0.132609 0.0647724 -0.0457979 -0.544599 0.186141
1.73923 4.02376 478.08 0.134855 0.0696114 -0.0457979 -0.544599 0.186141
-12.7765 6.56129 481.932 0.129575 0.0682211 -0.0457979 -0.544599 0.186141
5.75806 4.60101 341.75 0.089484 0.121423 -0.0749512 -0.543231 -0.180599
2.64122 13.7063 315.655 0.0910235 0.128845 -0.0749512 -0.543231 -0.180599
21.0574 7.44097 326.858 0.0843573 0.13077 -0.0749512 -0.543231 -0.180599
149.962 32.825 378.045 0.04338 0.130713 0.336435 -0.459487 -0.0949558
143.908 26.0599 389.332 0.0432395 0.126403 0.336435 -0.459487 -0.0949558
132.591 20.0536 378.3 0.0493477 0.127735 0.336435 -0.459487 -0.0949558
132.591 20.0536 378.3 0.0493477 0.127735 0.336435 -0.459487 -0.0949558
143.908 26.0599 389.332 0.0432395 0.126403 0.336435 -0.459487 -0.0949558
138.537 21.228 394.116 0.0484096 0.123838 0.334165 -0.461873 -0.0913283
90.8606 7.50958 317.279 0.0693564 0.133572 0.0395159 -0.504467 -0.278002
60.4789 2.75317 321.592 0.079542 0.131939 0.0395159 -0.504467 -0.278002
71.6646 8.90318 312.022 0.0740367 0.136665 0.0395159 -0.504467 -0.278002
100.145 14.2068 313.186 0.0390492 0.0577753 0.0953974 -0.392506 -0.412519
94.7074 22.8758 303.681 0.0455961 0.0561994 0.0953974 -0.392506 -0.412519
113.108 16.5961 313.911 0.0407495 0.0599767 0.0953974 -0.392506 -0.412519
-67.798 36.7227 426.712 0.081918 0.0534884 -0.537558 -0.203146 -0.0556431
-62.7417 30.2564 401.471 0.0804008 0.0588568 -0.537558 -0.203146 -0.0556431
-61.6667 18.7562 433.071 0.0756364 0.0518135 -0.537558 -0.203146 -0.0556431
68.4168 17.5981 302.931 0.0443171 0.0527306 -0.0371283 -0.294588 -0.495149
39.2517 21.8071 302.614 0.053012 0.045162 -0.0371283 -0.294588 -0.495149
64.9857 40.5889 289.51 0.0516258 0.0520871 -0.0371283 -0.294588 -0.495149
18.9512 10.6283 305.957 0.0691438 0.0867229 -0.277088 -0.366451 -0.349671
2.64122 13.7063 315.655 0.0707325 0.0839143 -0.277088 -0.366451 -0.349671
10.7973 25.7526 296.568 0.0723394 0.0868604 -0.277088 -0.366451 -0.349671
21.0574 7.44097 326.858 0.0843573 0.13077 -0.071415 -0.541032 -0.188462
37.8014 8.17494 318.406 0.0829111 0.132837 -0.071415 -0.541032 -0.188462
37.4503 2.05581 336.106 0.0815567 0.128303 -0.071415 -0.541032 -0.188462
41.5418 21.9824 506.967 0.127013 0.0826092 0.128696 -0.413761 0.38154
29.1659 9.35587 497.448 0.1325 0.079563 0.128696 -0.413761 0.38154
49.4895 11.0092 492.386 0.132489 0.0832266 0.128696 -0.413761 0.38154
18.9512 10.6283 305.957 0.0517198 0.0413395 0.0687025 -0.275147 -0.502899
10.7973 25.7526 296.568 0.0555132 0.0404873 0.0687025 -0.275147 -0.502899
39.2517 21.8071 302.614 0.053012 0.045162 0.0687025 -0.275147 -0.502899
113.852 13.2936 322.396 0.0611302 0.135813 0.28368 -0.482563 -0.141393
129.512 18.9173 334.621 0.0567009 0.135978 0.28368 -0.482563 -0.141393
115.459 9.47727 338.646 0.0592562 0.131896 0.28368 -0.482563 -0.141393
125.715 27.3393 306.84 0.0457186 0.062587 0.182497 -0.434062 -0.334094
126.074 16.9222 320.57 0.0421703 0.0634623 0.182497 -0.434062 -0.334094
113.108 16.5961 313.911 0.0407495 0.0599767 0.182497 -0.434062 -0.334094
113.108 16.5961 313.911 0.0632006 0.139049 0.108737 -0.525116 -0.213922
113.852 13.2936 322.396 0.0611302 0.135813 0.108737 -0.525116 -0.213922
100.145 14.2068 313.186 0.0655082 0.137886 0.108737 -0.525116 -0.213922
150.747 35.5983 356.629 0.0429979 0.0772703 0.446019 -0.365297 -0.0309611
149.962 32.825 378.045 0.0395947 0.0808376 0.446019 -0.365297 -0.0309611
139.519 21.8746 356.811 0.0391558 0.0750947 0.446019 -0.365297 -0.0309611
147.435 25.7283 401.345 0.042255 0.121139 0.387706 -0.409101 -0.125113
143.908 26.0599 389.332 0.0432395 0.126403 0.387706 -0.409101 -0.125113
150.186 30.6579 393.753 0.0407659 0.12376 0.387706 -0.409101 -0.125113
157.413 48.917 399.761 0.102648 0.0436537 0.500712 0.238003 -0.161167
147.61 65.1983 393.348 0.110529 0.0433456 0.500712 0.238003 -0.161167
158.306 56.9762 414.436 0.105692 0.0448178 0.500712 0.238003 -0.161167
21.0574 7.44097 326.858 0.0843573 0.13077 -0.0632192 -0.548274 -0.169508
21.7143 1.56755 345.611 0.0857179 0.123875 -0.0632192 -0.548274 -0.169508
5.75806 4.60101 341.75 0.089484 0.121423 -0.0632192 -0.548274 -0.169508
155.483 44.4769 383.718 0.0453941 0.082984 0.557136 0.114765 -0.0988011
152.374 55.6453 379.162 0.0517537 0.0844964 0.557136 0.114765 -0.0988011
157.413 48.917 399.761 0.0477245 0.0868604 0.557136 0.114765 -0.0988011
9.34548 70.809 294.134 0.130958 0.0511769 -0.0506515 0.338666 -0.464837
8.50362 83.5334 303.496 0.130958 0.0549517 -0.0506515 0.338666 -0.464837
26.2784 75.8159 295.937 0.129452 0.0519595 -0.0506515 0.338666 -0.464837
155.147 37.5351 395.167 0.0427386 0.084824 0.531114 -0.200147 -0.105791
149.962 32.825 378.045 0.0395947 0.0808376 0.531114 -0.200147 -0.105791
155.483 44.4769 383.718 0.0453941 0.082984 0.531114 -0.200147 -0.105791
121.869 11.3453 362.4 0.0545871 0.128128 0.286242 -0.499961 -0.0379232
115.459 9.47727 338.646 0.0592562 0.131896 0.286242 -0.499961 -0.0379232
139.519 21.8746 356.811 0.049489 0.131738 0.286242 -0.499961 -0.0379232
111.435 6.01088 367.104 0.0607054 0.125139 0.176475 -0.546806 0.0565134
97.1125 2.08545 373.847 0.0638283 0.122962 0.176475 -0.546806 0.0565134
104.226 2.24825 353.21 0.0659485 0.128796 0.176475 -0.546806 0.0565134
71.6646 8.90318 312.022 0.0421881 0.0505465 0.0814007 -0.398259 -0.409997
68.4168 17.5981 302.931 0.0443171 0.0527306 0.0814007 -0.398259 -0.409997
85.3156 13.673 310.099 0.0404635 0.0529381 0.0814007 -0.398259 -0.409997
85.3156 13.673 310.099 0.0404635 0.0529381 0.0814007 -0.398259 -0.409997
68.4168 17.5981 302.931 0.0443171 0.0527306 0.0814007 -0.398259 -0.409997
94.7074 22.8758 303.681 0.0455961 0.0561994 0.0892438 -0.384766 -0.421099
60.4789 2.75317 321.592 0.079542 0.131939 -0.101921 -0.536464 -0.187488
37.4503 2.05581 336.106 0.0815567 0.128303 -0.101921 -0.536464 -0.187488
37.8014 8.17494 318.406 0.0829111 0.132837 -0.101921 -0.536464 -0.187488
47.8339 71.3676 298.46 0.0608213 0.0510716 0.0692424 0.195292 -0.538888
64.9857 40.5889 289.51 0.0516258 0.0520871 0.0692424 0.195292 -0.538888
19.1976 52.7255 288.025 0.0564816 0.0418609 0.0692424 0.195292 -0.538888
19.1976 52.7255 288.025 0.0564816 0.0418609 0.0865856 -0.196689 -0.535864
39.2517 21.8071 302.614 0.053012 0.045162 0.0865856 -0.196689 -0.535864
10.7973 25.7526 296.568 0.0555132 0.0404873 0.0865856 -0.196689 -0.535864
55.1401 11.2535 312.115 0.0480531 0.0464419 -0.0579205 -0.430047 -0.380839
39.2517 21.8071 302.614 0.053012 0.045162 -0.0579205 -0.430047 -0.380839
68.4168 17.5981 302.931 0.0443171 0.0527306 -0.0579205 -0.430047 -0.380839
-10.9958 15.7838 336.823 0.0742715 0.07973 -0.131368 -0.535735 -0.170482
-11.3186 6.47941 366.311 0.0680182 0.0690313 -0.131368 -0.535735 -0.170482
-35.8495 16.8675 352.569 0.0764639 0.0731776 -0.131368 -0.535735 -0.170482
5.75806 4.60101 341.75 0.0694238 0.0766498 -0.138111 -0.558044 -0.0533474
13.5008 0.492431 364.683 0.066407 0.0752224 -0.138111 -0.558044 -0.0533474
-11.3186 6.47941 366.311 0.0680182 0.0690313 -0.138111 -0.558044 -0.0533474
55.1401 11.2535 312.115 0.0799461 0.135831 -0.0543731 -0.442775 -0.366506
60.4789 2.75317 321.592 0.079542 0.131939 -0.0543731 -0.442775 -0.366506
37.8014 8.17494 318.406 0.0829111 0.132837 -0.0543731 -0.442775 -0.366506
10.7973 25.7526 296.568 0.0723394 0.0868604 -0.348097 -0.307583 -0.342862
2.64122 13.7063 315.655 0.0707325 0.0839143 -0.348097 -0.307583 -0.342862
-6.64246 37.1111 304.084 0.0759196 0.0852025 -0.348097 -0.307583 -0.342862
152.374 55.6453 379.162 0.0517537 0.0844964 0.546648 0.176181 0.0588988
155.483 44.4769 383.718 0.0453941 0.082984 0.546648 0.176181 0.0588988
156.436 47.444 365.999 0.0481659 0.0801744 0.546648 0.176181 0.0588988
-10.9958 15.7838 336.823 0.0742715 0.07973 -0.283583 -0.484405 -0.135153
2.64122 13.7063 315.655 0.0707325 0.0839143 -0.283583 -0.484405 -0.135153
5.75806 4.60101 341.75 0.0694238 0.0766498 -0.283583 -0.484405 -0.135153
4.83088 2.3083 390.292 0.0845357 0.113874 -0.0637555 -0.573502 0.0190812
13.5008 0.492431 364.683 0.0868798 0.119683 -0.0637555 -0.573502 0.0190812
29.9343 -0.720665 383.132 0.0783128 0.113994 -0.0637555 -0.573502 0.0190812
76.6905 -3.53446 355.016 0.0715506 0.124224 0.005562 -0.57467 0.055285
72.1205 -1.50042 376.619 0.0680916 0.120404 0.005562 -0.57467 0.055285
52.5794 -2.52021 367.984 0.0733868 0.118011 0.005562 -0.57467 0.055285
-23.4293 43.7939 326.381 0.0800423 0.0807323 -0.106616 -0.369581 -0.430554
-35.8495 16.8675 352.569 0.0764639 0.0731776 -0.106616 -0.369581 -0.430554
-55.4688 34.3591 342.413 0.0812709 0.0720112 -0.106616 -0.369581 -0.430554
94.7074 22.8758 303.681 0.0455961 0.0561994 0.100116 -0.390455 -0.413347
100.145 14.2068 313.186 0.0390492 0.0577753 0.100116 -0.390455 -0.413347
85.3156 13.673 310.099 0.0404635 0.0529381 0.100116 -0.390455 -0.413347
125.715 27.3393 306.84 0.0457186 0.062587 0.0982779 -0.388747 -0.415392
113.108 16.5961 313.911 0.0407495 0.0599767 0.0982779 -0.388747 -0.415392
94.7074 22.8758 303.681 0.0455961 0.0561994 0.100116 -0.390455 -0.413347
126.074 16.9222 320.57 0.0599652 0.138836 0.169039 -0.550819 0.0368504
129.512 18.9173 334.621 0.0567009 0.135978 0.169039 -0.550819 0.0368504
113.852 13.2936 322.396 0.0611302 0.135813 0.169039 -0.550819 0.0368504
135.971 28.9788 321.747 0.0460107 0.066987 0.446763 -0.361063 -0.0580417
129.512 18.9173 334.621 0.0404809 0.0669688 0.446763 -0.361063 -0.0580417
126.074 16.9222 320.57 0.0421703 0.0634623 0.446763 -0.361063 -0.0580417
129.512 18.9173 334.621 0.0404809 0.0669688 0.446763 -0.361063 -0.0580417
135.971 28.9788 321.747 0.0460107 0.066987 0.446763 -0.361063 -0.0580417
139.714 29.4683 341.412 0.0431736 0.071527 0.434569 -0.372946 -0.0734469
18.9512 10.6283 305.957 0.0872749 0.131756 -0.146085 -0.554186 -0.0697893
21.0574 7.44097 326.858 0.0843573 0.13077 -0.146085 -0.554186 -0.0697893
2.64122 13.7063 315.655 0.0910235 0.128845 -0.146085 -0.554186 -0.0697893
125.715 27.3393 306.84 0.0457186 0.062587 0.41394 -0.315358 -0.250072
135.971 28.9788 321.747 0.0460107 0.066987 0.41394 -0.315358 -0.250072
126.074 16.9222 320.57 0.0421703 0.0634623 0.41394 -0.315358 -0.250072
13.5008 0.492431 364.683 0.0868798 0.119683 -0.0497257 -0.575169 0.00647406
33.8851 -1.36779 355.985 0.080913 0.122969 -0.0497257 -0.575169 0.00647406
29.9343 -0.720665 383.132 0.0783128 0.113994 -0.0497257 -0.575169 0.00647406
90.8606 7.50958 317.279 0.0693564 0.133572 0.100035 -0.390987 -0.412863
85.3156 13.673 310.099 0.0707614 0.138 0.100035 -0.390987 -0.412863
100.145 14.2068 313.186 0.0655082 0.137886 0.100035 -0.390987 -0.412863
145.11 59.4966 359.662 0.0554011 0.077469 0.44758 0.351476 -0.097313
141.253 67.5511 371.013 0.0560635 0.0838866 0.44758 0.351476 -0.097313
152.374 55.6453 379.162 0.0517537 0.0844964 0.44758 0.351476 -0.097313
139.519 21.8746 356.811 0.049489 0.131738 0.307743 -0.485026 0.0581172
132.591 20.0536 378.3 0.0493477 0.127735 0.307743 -0.485026 0.0581172
121.869 11.3453 362.4 0.0545871 0.128128 0.307743 -0.485026 0.0581172
-23.4293 43.7939 326.381 0.0800423 0.0807323 -0.210261 -0.158888 -0.513691
-55.4688 34.3591 342.413 0.0812709 0.0720112 -0.210261 -0.158888 -0.513691
-45.6952 59.639 330.593 0.0854617 0.0760546 -0.210261 -0.158888 -0.513691
104.226 2.24825 353.21 0.0659485 0.128796 0.278589 -0.504441 -0.0355055
115.459 9.47727 338.646 0.0592562 0.131896 0.278589 -0.504441 -0.0355055
121.869 11.3453 362.4 0.0545871 0.128128 0.278589 -0.504441 -0.0355055
115.87 10.4877 377.935 0.056581 0.122822 0.286843 -0.500809 -0.0156543
132.591 20.0536 378.3 0.0493477 0.127735 0.286843 -0.500809 -0.0156543
125.3 15.4113 393.216 0.0519655 0.120468 0.286843 -0.500809 -0.0156543
141.253 67.5511 371.013 0.0560635 0.0838866 0.351879 0.450894 -0.0787959
119.88 79.3536 343.105 0.0589204 0.0718631 0.351879 0.450894 -0.0787959
128.619 78.2019 375.539 0.0603436 0.081879 0.351879 0.450894 -0.0787959
145.11 59.4966 359.662 0.0554011 0.077469 0.412914 0.295588 -0.274704
139.293 46.4241 336.852 0.047129 0.0707291 0.412914 0.295588 -0.274704
119.88 79.3536 343.105 0.0589204 0.0718631 0.412914 0.295588 -0.274704
145.11 59.4966 359.662 0.0554011 0.077469 0.40054 0.391042 -0.141374
119.88 79.3536 343.105 0.0589204 0.0718631 0.40054 0.391042 -0.141374
141.253 67.5511 371.013 0.0560635 0.0838866 0.40054 0.391042 -0.141374
145.11 59.4966 359.662 0.0554011 0.077469 0.435806 0.269782 -0.265753
156.436 47.444 365.999 0.0481659 0.0801744 0.435806 0.269782 -0.265753
139.293 46.4241 336.852 0.047129 0.0707291 0.435806 0.269782 -0.265753
10.7973 25.7526 296.568 0.0555132 0.0404873 -0.267896 -0.0767201 -0.505647
-6.64246 37.1111 304.084 0.0596491 0.0396438 -0.267896 -0.0767201 -0.505647
19.1976 52.7255 288.025 0.0564816 0.0418609 -0.267896 -0.0767201 -0.505647
-22.0789 0.453963 456.023 0.133496 0.0582139 -0.191977 -0.506232 0.200518
-33.1421 11.6276 473.641 0.127947 0.0624815 -0.191977 -0.506232 0.200518
-40.184 8.79365 459.744 0.129038 0.057971 -0.191977 -0.506232 0.200518
-45.6952 59.639 330.593 0.0854617 0.0760546 -0.179296 -0.108942 -0.537883
-16.2111 75.4628 317.56 0.0819191 0.0832576 -0.179296 -0.108942 -0.537883
-23.4293 43.7939 326.381 0.0800423 0.0807323 -0.179296 -0.108942 -0.537883
-40.184 8.79365 459.744 0.0737028 0.0445689 -0.227158 -0.525736 0.0730392
-40.5688 6.63056 442.978 0.0726518 0.048527 -0.227158 -0.525736 0.0730392
-22.0789 0.453963 456.023 0.0693187 0.0447656 -0.227158 -0.525736 0.0730392
13.5008 0.492431 364.683 0.0868798 0.119683 -0.0802241 -0.567862 -0.0665597
21.7143 1.56755 345.611 0.0857179 0.123875 -0.0802241 -0.567862 -0.0665597
33.8851 -1.36779 355.985 0.080913 0.122969 -0.0802241 -0.567862 -0.0665597
-31.7778 78.2721 326.76 0.0864699 0.0791544 -0.275088 0.103222 -0.496996
-16.2111 75.4628 317.56 0.0819191 0.0832576 -0.275088 0.103222 -0.496996
-45.6952 59.639 330.593 0.0854617 0.0760546 -0.275088 0.103222 -0.496996
13.5008 0.492431 364.683 0.0868798 0.119683 -0.0904267 -0.565808 -0.0708376
5.75806 4.60101 341.75 0.089484 0.121423 -0.0904267 -0.565808 -0.0708376
21.7143 1.56755 345.611 0.0857179 0.123875 -0.0904267 -0.565808 -0.0708376
-61.6667 18.7562 433.071 0.0756364 0.0518135 -0.426489 -0.38094 0.0795291
-58.7203 21.8025 463.462 0.0783839 0.0449386 -0.426489 -0.38094 0.0795291
-73.6732 35.6373 449.543 0.081854 0.0484668 -0.426489 -0.38094 0.0795291
55.0891 -3.50149 341.445 0.0768984 0.127592 -0.0463031 -0.575243 0.0168903
52.5794 -2.52021 367.984 0.0733868 0.118011 -0.0463031 -0.575243 0.0168903
33.8851 -1.36779 355.985 0.080913 0.122969 -0.0463031 -0.575243 0.0168903
-40.5688 6.63056 442.978 0.0726518 0.048527 -0.190169 -0.543265 -0.0450859
-24.4561 2.06912 429.979 0.0679149 0.0514499 -0.190169 -0.543265 -0.0450859
-23.9481 0.913379 441.762 0.0676799 0.0473323 -0.190169 -0.543265 -0.0450859
41.5418 21.9824 506.967 0.104359 0.0860264 0.104064 0.217978 0.524395
51.2525 49.7183 493.511 0.110229 0.080551 0.104064 0.217978 0.524395
18.2792 34.7009 506.296 0.109289 0.0881935 0.104064 0.217978 0.524395
76.6905 -3.53446 355.016 0.0715506 0.124224 -0.0134793 -0.576845 0.0200534
52.5794 -2.52021 367.984 0.0733868 0.118011 -0.0134793 -0.576845 0.0200534
55.0891 -3.50149 341.445 0.0768984 0.127592 -0.0134793 -0.576845 0.0200534
55.231 -0.915301 397.019 0.0698206 0.112232 -0.0230633 -0.57589 0.0339388
29.9343 -0.720665 383.132 0.0783128 0.113994 -0.0230633 -0.57589 0.0339388
52.5794 -2.52021 367.984 0.0733868 0.118011 -0.0134793 -0.576845 0.0200534
83.8929 -1.7008 329.763 0.074017 0.129454 0.0215326 -0.575845 -0.0356721
76.6905 -3.53446 355.016 0.0715506 0.124224 0.0215326 -0.575845 -0.0356721
55.0891 -3.50149 341.445 0.0768984 0.127592 0.0215326 -0.575845 -0.0356721
150.747 35.5983 356.629 0.0429979 0.0772703 0.497733 -0.00767962 -0.292465
139.293 46.4241 336.852 0.047129 0.0707291 0.497733 -0.00767962 -0.292465
156.436 47.444 365.999 0.0481659 0.0801744 0.497733 -0.00767962 -0.292465
157.413 48.917 399.761 0.0477245 0.0868604 0.567751 -0.0961986 -0.0416897
155.147 37.5351 395.167 0.0427386 0.084824 0.567751 -0.0961986 -0.0416897
155.483 44.4769 383.718 0.0453941 0.082984 0.567751 -0.0961986 -0.0416897
52.5794 -2.52021 367.984 0.0733868 0.118011 -0.0405259 -0.575873 0.00782974
29.9343 -0.720665 383.132 0.0783128 0.113994 -0.0405259 -0.575873 0.00782974
33.8851 -1.36779 355.985 0.080913 0.122969 -0.0405259 -0.575873 0.00782974
-58.7203 21.8025 463.462 0.0783839 0.0449386 -0.320004 -0.475616 0.0687042
-40.5688 6.63056 442.978 0.0726518 0.048527 -0.320004 -0.475616 0.0687042
-40.184 8.79365 459.744 0.0737028 0.0445689 -0.320004 -0.475616 0.0687042
-40.5688 6.63056 442.978 0.0726518 0.048527 -0.320004 -0.475616 0.0687042
-58.7203 21.8025 463.462 0.0783839 0.0449386 -0.320004 -0.475616 0.0687042
-61.6667 18.7562 433.071 0.0756364 0.0518135 -0.31223 -0.479284 0.0783097
-6.64246 37.1111 304.084 0.0759196 0.0852025 -0.460941 0.00203075 -0.347653
-23.4293 43.7939 326.381 0.0800423 0.0807323 -0.460941 0.00203075 -0.347653
-4.58808 63.451 301.514 0.0796656 0.0853767 -0.460941 0.00203075 -0.347653
39.2517 21.8071 302.614 0.053012 0.045162 0.175933 -0.424146 -0.349973
37.8014 8.17494 318.406 0.0490287 0.044619 0.175933 -0.424146 -0.349973
18.9512 10.6283 305.957 0.0517198 0.0413395 0.175933 -0.424146 -0.349973
-16.2111 75.4628 317.56 0.0819191 0.0832576 -0.463899 0.0100498 -0.343555
-4.58808 63.451 301.514 0.0796656 0.0853767 -0.463899 0.0100498 -0.343555
-23.4293 43.7939 326.381 0.0800423 0.0807323 -0.463899 0.0100498 -0.343555
-5.39455 -2.35882 437.471 0.137916 0.059188 -0.101399 -0.568354 -0.00501909
-22.0789 0.453963 456.023 0.133496 0.0582139 -0.101399 -0.568354 -0.00501909
-23.9481 0.913379 441.762 0.135823 0.0557383 -0.101399 -0.568354 -0.00501909
152.374 55.6453 379.162 0.0517537 0.0844964 0.438648 0.364073 -0.0914977
156.436 47.444 365.999 0.0481659 0.0801744 0.438648 0.364073 -0.0914977
145.11 59.4966 359.662 0.0554011 0.077469 0.438648 0.364073 -0.0914977
-4.58808 63.451 301.514 0.0631895 0.0415741 -0.341831 0.260861 -0.385274
8.50362 83.5334 303.496 0.065644 0.0485047 -0.341831 0.260861 -0.385274
9.34548 70.809 294.134 0.0622369 0.0457801 -0.341831 0.260861 -0.385274
141.386 21.9121 450.872 0.0949261 0.0662152 0.246286 -0.480149 0.205264
135.039 24.3062 464.087 0.0960037 0.0695609 0.246286 -0.480149 0.205264
126.394 15.9064 454.811 0.0927452 0.068915 0.246286 -0.480149 0.205264
139.519 21.8746 356.811 0.0391558 0.0750947 0.426488 -0.351135 -0.167767
139.714 29.4683 341.412 0.0431736 0.071527 0.426488 -0.351135 -0.167767
150.747 35.5983 356.629 0.0429979 0.0772703 0.426488 -0.351135 -0.167767
125.715 27.3393 306.84 0.0457186 0.062587 0.208965 -0.120178 -0.524618
100.06 54.2116 290.465 0.0533583 0.0587773 0.208965 -0.120178 -0.524618
115.861 60.4983 295.319 0.0522278 0.0614461 0.208965 -0.120178 -0.524618
4.42751 11.6793 494.347 0.128322 0.0731813 -0.259715 -0.237374 0.45775
-18.5208 24.0992 487.768 0.123364 0.0678803 -0.259715 -0.237374 0.45775
-12.7765 6.56129 481.932 0.129575 0.0682211 -0.259715 -0.237374 0.45775
-18.5208 24.0992 487.768 0.123364 0.0678803 -0.259715 -0.237374 0.45775
-33.1421 11.6276 473.641 0.127947 0.0624815 -0.247985 -0.235927 0.464946
-12.7765 6.56129 481.932 0.129575 0.0682211 -0.259715 -0.237374 0.45775
8.50362 83.5334 303.496 0.121606 0.0885783 -0.30505 0.366058 -0.326004
-16.2111 75.4628 317.56 0.132051 0.088533 -0.30505 0.366058 -0.326004
6.31244 100.648 324.764 0.124316 0.0916764 -0.30505 0.366058 -0.326004
83.8929 -1.7008 329.763 0.074017 0.129454 0.0265166 -0.471072 -0.332749
60.4789 2.75317 321.592 0.079542 0.131939 0.0265166 -0.471072 -0.332749
90.8606 7.50958 317.279 0.0693564 0.133572 0.0265166 -0.471072 -0.332749
113.852 13.2936 322.396 0.0611302 0.135813 0.18286 -0.446911 -0.316491
90.8606 7.50958 317.279 0.0693564 0.133572 0.18286 -0.446911 -0.316491
100.145 14.2068 313.186 0.0655082 0.137886 0.18286 -0.446911 -0.316491
9.34548 70.809 294.134 0.0622369 0.0457801 -0.278034 0.0193318 -0.505625
19.1976 52.7255 288.025 0.0564816 0.0418609 -0.278034 0.0193318 -0.505625
-4.58808 63.451 301.514 0.0631895 0.0415741 -0.278034 0.0193318 -0.505625
-10.9958 15.7838 336.823 0.0742715 0.07973 -0.276405 -0.482517 -0.155278
5.75806 4.60101 341.75 0.0694238 0.0766498 -0.276405 -0.482517 -0.155278
-11.3186 6.47941 366.311 0.0680182 0.0690313 -0.276405 -0.482517 -0.155278
-4.58808 63.451 301.514 0.0631895 0.0415741 -0.293223 -0.0255918 -0.496688
19.1976 52.7255 288.025 0.0564816 0.0418609 -0.293223 -0.0255918 -0.496688
-6.64246 37.1111 304.084 0.0596491 0.0396438 -0.293223 -0.0255918 -0.496688
21.0574 7.44097 326.858 0.0843573 0.13077 -0.0845409 -0.545858 -0.168004
37.4503 2.05581 336.106 0.0815567 0.128303 -0.0845409 -0.545858 -0.168004
21.7143 1.56755 345.611 0.0857179 0.123875 -0.0845409 -0.545858 -0.168004
26.2784 75.8159 295.937 0.0614129 0.047884 0.0965909 0.157773 -0.546911
47.8339 71.3676 298.46 0.0608213 0.0510716 0.0965909 0.157773 -0.546911
19.1976 52.7255 288.025 0.0564816 0.0418609 0.0965909 0.157773 -0.546911
13.5008 0.492431 364.683 0.0868798 0.119683 -0.135761 -0.561128 -0.00617369
4.83088 2.3083 390.292 0.0845357 0.113874 -0.135761 -0.561128 -0.00617369
-11.3186 6.47941 366.311 0.090309 0.113785 -0.135761 -0.561128 -0.00617369
46.1488 93.2376 315.441 0.0664027 0.0569981 0.124179 0.351724 -0.440685
47.8339 71.3676 298.46 0.0608213 0.0510716 0.124179 0.351724 -0.440685
26.2784 75.8159 295.937 0.0614129 0.047884 0.124179 0.351724 -0.440685
49.4895 11.0092 492.386 0.132489 0.0832266 -0.016906 -0.465499 0.341113
64.9092 19.3635 504.551 0.128266 0.0867563 -0.016906 -0.465499 0.341113
41.5418 21.9824 506.967 0.127013 0.0826092 -0.016906 -0.465499 0.341113
-12.7765 6.56129 481.932 0.129575 0.0682211 -0.0248775 -0.520316 0.248969
1.73923 4.02376 478.08 0.134855 0.0696114 -0.0248775 -0.520316 0.248969
4.42751 11.6793 494.347 0.128322 0.0731813 -0.0248775 -0.520316 0.248969
-12.7765 6.56129 481.932 0.129575 0.0682211 -0.193077 -0.521365 0.155671
-33.1421 11.6276 473.641 0.127947 0.0624815 -0.193077 -0.521365 0.155671
-11.0531 2.51471 470.517 0.132609 0.0647724 -0.193077 -0.521365 0.155671
-23.9481 0.913379 441.762 0.0676799 0.0473323 -0.187328 -0.546071 0.00696116
-22.0789 0.453963 456.023 0.0693187 0.0447656 -0.187328 -0.546071 0.00696116
-40.5688 6.63056 442.978 0.0726518 0.048527 -0.187328 -0.546071 0.00696116
-23.9481 0.913379 441.762 0.0884602 0.0919549 -0.111211 -0.564278 -0.0505509
-24.4561 2.06912 429.979 0.0894064 0.0961369 -0.111211 -0.564278 -0.0505509
-5.39455 -2.35882 437.471 0.0850376 0.0927397 -0.111211 -0.564278 -0.0505509
-22.0789 0.453963 456.023 0.133496 0.0582139 -0.0975625 -0.548321 0.152182
11.1333 -3.87943 461.702 0.137634 0.066406 -0.0975625 -0.548321 0.152182
-11.0531 2.51471 470.517 0.132609 0.0647724 -0.0975625 -0.548321 0.152182
-61.6667 18.7562 433.071 0.0756364 0.0518135 -0.512154 -0.22522 -0.142502
-73.6732 35.6373 449.543 0.081854 0.0484668 -0.512154 -0.22522 -0.142502
-67.798 36.7227 426.712 0.081918 0.0534884 -0.512154 -0.22522 -0.142502
-62.7417 30.2564 401.471 0.0804008 0.0588568 -0.316906 -0.456867 -0.155488
-37.0952 8.2126 413.971 0.0720143 0.055849 -0.316906 -0.456867 -0.155488
-61.6667 18.7562 433.071 0.0756364 0.0518135 -0.316906 -0.456867 -0.155488
-61.6667 18.7562 433.071 0.0756364 0.0518135 -0.264898 -0.50953 -0.0595115
-37.0952 8.2126 413.971 0.0720143 0.055849 -0.264898 -0.50953 -0.0595115
-40.5688 6.63056 442.978 0.0726518 0.048527 -0.264898 -0.50953 -0.0595115
-40.184 8.79365 459.744 0.129038 0.057971 -0.272303 -0.453906 0.230551
-33.1421 11.6276 473.641 0.127947 0.0624815 -0.272303 -0.453906 0.230551
-58.7203 21.8025 463.462 0.124191 0.058445 -0.272303 -0.453906 0.230551
52.9591 -1.54059 448.586 0.0649751 0.100895 0.0904379 -0.569739 -0.0234998
32.166 -4.61561 443.117 0.0705609 0.101504 0.0904379 -0.569739 -0.0234998
55.9618 -0.179307 427.139 0.0632763 0.105248 0.0904379 -0.569739 -0.0234998
29.1659 9.35587 497.448 0.1325 0.079563 -0.0415101 -0.542887 0.192052
17.048 4.74737 481.802 0.133834 0.0755157 -0.0415101 -0.542887 0.192052
37.7591 1.88622 478.191 0.137916 0.0794519 -0.0415101 -0.542887 0.192052
145.76 23.3947 442.256 0.0428397 0.106842 0.308374 -0.482524 0.0735503
141.386 21.9121 450.872 0.0445307 0.102986 0.308374 -0.482524 0.0735503
138.298 19.0216 444.852 0.0458973 0.105487 0.308374 -0.482524 0.0735503
126.394 15.9064 454.811 0.0927452 0.068915 0.237443 -0.511486 0.123838
138.298 19.0216 444.852 0.0932226 0.0646565 0.237443 -0.511486 0.123838
141.386 21.9121 450.872 0.0949261 0.0662152 0.237443 -0.511486 0.123838
41.5418 21.9824 506.967 0.104359 0.0860264 0.0796842 0.226775 0.524935
64.9092 19.3635 504.551 0.102143 0.0827415 0.0796842 0.226775 0.524935
51.2525 49.7183 493.511 0.110229 0.080551 0.0796842 0.226775 0.524935
139.293 46.4241 336.852 0.047129 0.0707291 0.437195 0.195773 -0.322284
135.971 28.9788 321.747 0.0460107 0.066987 0.437195 0.195773 -0.322284
125.715 27.3393 306.84 0.0457186 0.062587 0.437195 0.195773 -0.322284
103.324 84.8496 310.289 0.0588973 0.0625925 0.373827 0.353506 -0.261955
124.809 65.2532 314.504 0.053932 0.0681288 0.373827 0.353506 -0.261955
115.861 60.4983 295.319 0.0522278 0.0614461 0.373827 0.353506 -0.261955
83.8929 -1.7008 329.763 0.074017 0.129454 -0.0400465 -0.546136 -0.182935
55.0891 -3.50149 341.445 0.0768984 0.127592 -0.0400465 -0.546136 -0.182935
60.4789 2.75317 321.592 0.079542 0.131939 -0.0400465 -0.546136 -0.182935
100.06 54.2116 290.465 0.0533583 0.0587773 0.0867562 -0.234328 -0.520478
125.715 27.3393 306.84 0.0457186 0.062587 0.0867562 -0.234328 -0.520478
94.7074 22.8758 303.681 0.0455961 0.0561994 0.0867562 -0.234328 -0.520478
90.8606 7.50958 317.279 0.0693564 0.133572 0.0825409 -0.400534 -0.407545
71.6646 8.90318 312.022 0.0740367 0.136665 0.0825409 -0.400534 -0.407545
85.3156 13.673 310.099 0.0707614 0.138 0.0825409 -0.400534 -0.407545
139.714 29.4683 341.412 0.0431736 0.071527 0.567044 -0.0148579 -0.107581
135.971 28.9788 321.747 0.0460107 0.066987 0.567044 -0.0148579 -0.107581
139.293 46.4241 336.852 0.047129 0.0707291 0.567044 -0.0148579 -0.107581
115.861 60.4983 295.319 0.0522278 0.0614461 0.513794 0.063926 -0.255464
124.809 65.2532 314.504 0.053932 0.0681288 0.513794 0.063926 -0.255464
125.715 27.3393 306.84 0.0457186 0.062587 0.513794 0.063926 -0.255464
-33.1421 11.6276 473.641 0.127947 0.0624815 -0.179762 -0.507332 0.208886
-22.0789 0.453963 456.023 0.133496 0.0582139 -0.179762 -0.507332 0.208886
-11.0531 2.51471 470.517 0.132609 0.0647724 -0.179762 -0.507332 0.208886
121.869 11.3453 362.4 0.0545871 0.128128 0.263634 -0.513639 0.00230955
111.435 6.01088 367.104 0.0607054 0.125139 0.263634 -0.513639 0.00230955
104.226 2.24825 353.21 0.0659485 0.128796 0.263634 -0.513639 0.00230955
103.324 84.8496 310.289 0.0588973 0.0625925 0.0252137 0.311446 -0.485489
115.861 60.4983 295.319 0.0522278 0.0614461 0.0252137 0.311446 -0.485489
100.06 54.2116 290.465 0.0533583 0.0587773 0.0252137 0.311446 -0.485489
100.06 54.2116 290.465 0.0533583 0.0587773 0.0836566 0.304022 -0.483638
75.2052 79.8151 302.261 0.0618739 0.055518 0.0836566 0.304022 -0.483638
103.324 84.8496 310.289 0.0588973 0.0625925 0.0836566 0.304022 -0.483638
9.34548 70.809 294.134 0.0622369 0.0457801 0.00309526 0.18629 -0.546462
26.2784 75.8159 295.937 0.0614129 0.047884 0.00309526 0.18629 -0.546462
19.1976 52.7255 288.025 0.0564816 0.0418609 0.00309526 0.18629 -0.546462
90.8606 7.50958 317.279 0.0887837 0.0641421 0.232477 -0.478868 -0.223546
115.459 9.47727 338.646 0.0907175 0.0600744 0.232477 -0.478868 -0.223546
83.8929 -1.7008 329.763 0.0907175 0.0657282 0.232477 -0.478868 -0.223546
60.4789 2.75317 321.592 0.079542 0.131939 -0.0653037 -0.444837 -0.3622
55.1401 11.2535 312.115 0.0799461 0.135831 -0.0653037 -0.444837 -0.3622
71.6646 8.90318 312.022 0.0740367 0.136665 -0.0653037 -0.444837 -0.3622
115.459 9.47727 338.646 0.0592562 0.131896 0.166036 -0.534434 -0.141936
90.8606 7.50958 317.279 0.0693564 0.133572 0.166036 -0.534434 -0.141936
113.852 13.2936 322.396 0.0611302 0.135813 0.166036 -0.534434 -0.141936
125.715 27.3393 306.84 0.0457186 0.062587 0.50531 0.0668936 -0.271146
124.809 65.2532 314.504 0.053932 0.0681288 0.50531 0.0668936 -0.271146
139.293 46.4241 336.852 0.047129 0.0707291 0.50531 0.0668936 -0.271146
94.7074 22.8758 303.681 0.0455961 0.0561994 0.105637 -0.235795 -0.516309
64.9857 40.5889 289.51 0.0516258 0.0520871 0.105637 -0.235795 -0.516309
100.06 54.2116 290.465 0.0533583 0.0587773 0.105637 -0.235795 -0.516309
126.074 16.9222 320.57 0.0599652 0.138836 0.123 -0.521953 -0.213939
113.852 13.2936 322.396 0.0611302 0.135813 0.123 -0.521953 -0.213939
113.108 16.5961 313.911 0.0632006 0.139049 0.123 -0.521953 -0.213939
75.2052 79.8151 302.261 0.0618739 0.055518 0.0230532 0.172892 -0.550373
64.9857 40.5889 289.51 0.0516258 0.0520871 0.0230532 0.172892 -0.550373
47.8339 71.3676 298.46 0.0608213 0.0510716 0.0230532 0.172892 -0.550373
8.50362 83.5334 303.496 0.065644 0.0485047 0.0159932 0.42223 -0.393445
46.1488 93.2376 315.441 0.0664027 0.0569981 0.0159932 0.42223 -0.393445
26.2784 75.8159 295.937 0.0614129 0.047884 0.0159932 0.42223 -0.393445
47.8339 71.3676 298.46 0.0608213 0.0510716 -0.0449226 0.350836 -0.456322
46.1488 93.2376 315.441 0.0664027 0.0569981 -0.0449226 0.350836 -0.456322
75.2052 79.8151 302.261 0.0618739 0.055518 -0.0449226 0.350836 -0.456322
-2.55883 29.7001 496.108 0.123191 0.0727236 -0.256643 0.016227 0.516918
18.2792 34.7009 506.296 0.122995 0.0782374 -0.256643 0.016227 0.516918
-13.9447 48.1466 489.876 0.118281 0.0677762 -0.256643 0.016227 0.516918
141.253 67.5511 371.013 0.111881 0.0393074 0.358832 0.448961 -0.0548362
128.619 78.2019 375.539 0.115884 0.0406083 0.358832 0.448961 -0.0548362
147.61 65.1983 393.348 0.110529 0.0433456 0.358832 0.448961 -0.0548362
-38.8248 13.3097 381.333 0.0746959 0.0632336 -0.314392 -0.483106 0.0331583
-62.7417 30.2564 401.471 0.0804008 0.0588568 -0.314392 -0.483106 0.0331583
-60.4799 26.3282 365.684 0.0786824 0.0655869 -0.314392 -0.483106 0.0331583
17.048 4.74737 481.802 0.0684567 0.0868604 -0.0323611 -0.526203 0.235365
1.73923 4.02376 478.08 0.0745097 0.0881968 -0.0323611 -0.526203 0.235365
11.1333 -3.87943 461.702 0.0772154 0.0921117 -0.0323611 -0.526203 0.235365
18.2792 34.7009 506.296 0.122995 0.0782374 -0.145069 -0.238707 0.505279
29.1659 9.35587 497.448 0.1325 0.079563 -0.145069 -0.238707 0.505279
41.5418 21.9824 506.967 0.127013 0.0826092 -0.145069 -0.238707 0.505279
94.5238 97.3189 331.047 0.0981049 0.09387 0.0781015 0.570875 -0.0365366
71.4875 101.259 343.373 0.106007 0.0938739 0.0781015 0.570875 -0.0365366
98.4116 97.7874 346.676 0.0984594 0.0978177 0.0781015 0.570875 -0.0365366
94.5238 97.3189 331.047 0.0631108 0.0691956 0.361403 0.436808 -0.109177
119.88 79.3536 343.105 0.0589204 0.0718631 0.361403 0.436808 -0.109177
103.324 84.8496 310.289 0.0588973 0.0625925 0.361403 0.436808 -0.109177
79.1828 97.5432 319.577 0.102686 0.0904159 0.0603013 0.569969 -0.069513
71.4875 101.259 343.373 0.106007 0.0938739 0.0603013 0.569969 -0.069513
94.5238 97.3189 331.047 0.0981049 0.09387 0.0603013 0.569969 -0.069513
98.4116 97.7874 346.676 0.0984594 0.0978177 0.263496 0.512586 0.0340448
96 97.6846 366.888 0.100822 0.10496 0.263496 0.512586 0.0340448
111.551 89.979 362.545 0.0956915 0.101109 0.263496 0.512586 0.0340448
16.6387 115.16 349.554 0.11756 0.095407 0.0693727 0.481581 -0.310806
37.9238 104.166 337.27 0.112911 0.092612 0.0693727 0.481581 -0.310806
6.31244 100.648 324.764 0.124316 0.0916764 0.0693727 0.481581 -0.310806
124.809 65.2532 314.504 0.053932 0.0681288 0.39275 0.402476 -0.130742
103.324 84.8496 310.289 0.0588973 0.0625925 0.39275 0.402476 -0.130742
119.88 79.3536 343.105 0.0589204 0.0718631 0.39275 0.402476 -0.130742
114.915 87.9889 380.052 0.0952108 0.105752 0.333204 0.471381 -0.0104329
128.619 78.2019 375.539 0.0910235 0.105618 0.333204 0.471381 -0.0104329
111.551 89.979 362.545 0.0956915 0.101109 0.333204 0.471381 -0.0104329
71.4875 101.259 343.373 0.106007 0.0938739 0.0869103 0.522824 -0.228987
46.1488 93.2376 315.441 0.110221 0.0886041 0.0869103 0.522824 -0.228987
37.9238 104.166 337.27 0.112911 0.092612 0.0869103 0.522824 -0.228987
22.0963 -1.89748 417.307 0.0783603 0.103959 0.0522069 -0.569347 -0.0803273
55.9618 -0.179307 427.139 0.0632763 0.105248 0.0522069 -0.569347 -0.0803273
32.166 -4.61561 443.117 0.0705609 0.101504 0.0522069 -0.569347 -0.0803273
131.903 79.9394 397.533 0.0944284 0.114815 0.313234 0.477575 -0.0844992
128.619 78.2019 375.539 0.0910235 0.105618 0.313234 0.477575 -0.0844992
114.915 87.9889 380.052 0.0952108 0.105752 0.313234 0.477575 -0.0844992
147.61 65.1983 393.348 0.110529 0.0433456 0.377303 0.427615 -0.0901194
128.619 78.2019 375.539 0.115884 0.0406083 0.377303 0.427615 -0.0901194
131.903 79.9394 397.533 0.115581 0.0459416 0.377303 0.427615 -0.0901194
6.31244 100.648 324.764 0.124316 0.0916764 0.039337 0.520868 -0.245932
37.9238 104.166 337.27 0.112911 0.092612 0.039337 0.520868 -0.245932
46.1488 93.2376 315.441 0.110221 0.0886041 0.039337 0.520868 -0.245932
37.9238 104.166 337.27 0.112911 0.092612 0.0972213 0.47969 -0.306233
45.2055 116.28 358.558 0.112009 0.0989206 0.0972213 0.47969 -0.306233
71.4875 101.259 343.373 0.106007 0.0938739 0.0972213 0.47969 -0.306233
98.4116 97.7874 346.676 0.0642651 0.0709759 0.36017 0.439376 -0.102759
119.88 79.3536 343.105 0.0589204 0.0718631 0.36017 0.439376 -0.102759
94.5238 97.3189 331.047 0.0631108 0.0691956 0.36017 0.439376 -0.102759
4.42751 11.6793 494.347 0.128322 0.0731813 -0.0363205 -0.519026 0.250253
1.73923 4.02376 478.08 0.134855 0.0696114 -0.0363205 -0.519026 0.250253
17.048 4.74737 481.802 0.133834 0.0755157 -0.0363205 -0.519026 0.250253
-11.0531 2.51471 470.517 0.132609 0.0647724 -0.0662834 -0.530495 0.217979
11.1333 -3.87943 461.702 0.137634 0.066406 -0.0662834 -0.530495 0.217979
1.73923 4.02376 478.08 0.134855 0.0696114 -0.0662834 -0.530495 0.217979
-73.6732 35.6373 449.543 0.121619 0.0549517 -0.141433 0.313629 0.463645
-58.7203 21.8025 463.462 0.124191 0.058445 -0.141433 0.313629 0.463645
-60.9325 47.4492 445.439 0.117907 0.0567801 -0.141433 0.313629 0.463645
-66.8414 39.6064 355.782 0.0831969 0.0680405 -0.527066 -0.234403 0.0242889
-60.4799 26.3282 365.684 0.0786824 0.0655869 -0.527066 -0.234403 0.0242889
-70.2709 49.262 374.545 0.0848412 0.064511 -0.527066 -0.234403 0.0242889
-70.2709 49.262 374.545 0.139029 0.10571 -0.503407 0.282291 -0.0150291
-67.2226 56.7201 412.525 0.138197 0.114873 -0.503407 0.282291 -0.0150291
-57.9302 71.9696 387.702 0.135325 0.109365 -0.503407 0.282291 -0.0150291
-35.9452 95.8878 371.988 0.13177 0.105811 -0.380553 0.420594 0.107765
-57.9302 71.9696 387.702 0.135325 0.109365 -0.380553 0.420594 0.107765
-45.0865 77.6236 410.99 0.131639 0.113522 -0.380553 0.420594 0.107765
-55.4688 34.3591 342.413 0.0812709 0.0720112 -0.407767 -0.35124 -0.209019
-60.4799 26.3282 365.684 0.0786824 0.0655869 -0.407767 -0.35124 -0.209019
-66.8414 39.6064 355.782 0.0831969 0.0680405 -0.407767 -0.35124 -0.209019
-66.8414 39.6064 355.782 0.0864699 0.0838448 -0.391194 0.155855 -0.394981
-61.5596 75.2137 364.601 0.0904816 0.0811168 -0.391194 0.155855 -0.394981
-42.9856 76.9855 346.904 0.0904816 0.0868604 -0.391194 0.155855 -0.394981
14.5702 -5.23108 440.297 0.0756958 0.099853 -0.0852513 -0.570584 0.0223426
11.1333 -3.87943 461.702 0.0772154 0.0921117 -0.0852513 -0.570584 0.0223426
-5.39455 -2.35882 437.471 0.0850376 0.0927397 -0.0852513 -0.570584 0.0223426
-60.9325 47.4492 445.439 0.0864699 0.0701202 -0.402686 0.405042 -0.0843684
-67.798 36.7227 426.712 0.0899971 0.0657282 -0.402686 0.405042 -0.0843684
-73.6732 35.6373 449.543 0.0899971 0.0709635 -0.402686 0.405042 -0.0843684
-5.39455 -2.35882 437.471 0.0850376 0.0927397 -0.0722429 -0.561886 -0.111349
-8.71037 2.76562 413.763 0.0857368 0.10122 -0.0722429 -0.561886 -0.111349
22.0963 -1.89748 417.307 0.0783603 0.103959 -0.0722429 -0.561886 -0.111349
64.9857 40.5889 289.51 0.0516258 0.0520871 -0.0596437 0.191515 -0.541385
75.2052 79.8151 302.261 0.0618739 0.055518 -0.0596437 0.191515 -0.541385
100.06 54.2116 290.465 0.0533583 0.0587773 -0.0596437 0.191515 -0.541385
111.551 89.979 362.545 0.0956915 0.101109 0.365959 0.438765 -0.0830201
128.619 78.2019 375.539 0.0910235 0.105618 0.365959 0.438765 -0.0830201
119.88 79.3536 343.105 0.095067 0.0948291 0.365959 0.438765 -0.0830201
157.413 48.917 399.761 0.102648 0.0436537 0.498767 0.289502 -0.0274475
152.374 55.6453 379.162 0.107673 0.039205 0.498767 0.289502 -0.0274475
147.61 65.1983 393.348 0.110529 0.0433456 0.498767 0.289502 -0.0274475
104.226 2.24825 353.21 0.0659485 0.128796 0.12075 -0.563357 0.0371756
97.1125 2.08545 373.847 0.0638283 0.122962 0.12075 -0.563357 0.0371756
76.6905 -3.53446 355.016 0.0715506 0.124224 0.12075 -0.563357 0.0371756
76.6905 -3.53446 355.016 0.0715506 0.124224 0.118192 -0.565076 -0.00732146
83.8929 -1.7008 329.763 0.074017 0.129454 0.118192 -0.565076 -0.00732146
104.226 2.24825 353.21 0.0659485 0.128796 0.118192 -0.565076 -0.00732146
103.736 7.67578 395.249 0.0587771 0.11773 0.198463 -0.539723 0.0514267
115.87 10.4877 377.935 0.056581 0.122822 0.198463 -0.539723 0.0514267
125.3 15.4113 393.216 0.0519655 0.120468 0.198463 -0.539723 0.0514267
79.1828 97.5432 319.577 0.102686 0.0904159 -0.0600558 0.564064 -0.107512
46.1488 93.2376 315.441 0.110221 0.0886041 -0.0600558 0.564064 -0.107512
71.4875 101.259 343.373 0.106007 0.0938739 -0.0600558 0.564064 -0.107512
-45.6952 59.639 330.593 0.13524 0.0942787 -0.445912 0.285774 -0.229845
-42.9856 76.9855 346.904 0.132244 0.0987614 -0.445912 0.285774 -0.229845
-31.7778 78.2721 326.76 0.131574 0.0934309 -0.445912 0.285774 -0.229845
75.2052 79.8151 302.261 0.0618739 0.055518 -0.000889074 0.403531 -0.412911
46.1488 93.2376 315.441 0.0664027 0.0569981 -0.000889074 0.403531 -0.412911
79.1828 97.5432 319.577 0.0631833 0.0635866 -0.000889074 0.403531 -0.412911
-25.7205 101.349 354.303 0.12723 0.100391 -0.435012 0.351674 -0.14291
-42.9856 76.9855 346.904 0.132244 0.0987614 -0.435012 0.351674 -0.14291
-35.9452 95.8878 371.988 0.13177 0.105811 -0.435012 0.351674 -0.14291
120.958 13.0675 407.838 0.054517 0.114101 0.192169 -0.543599 -0.0300713
103.736 7.67578 395.249 0.0587771 0.11773 0.192169 -0.543599 -0.0300713
125.3 15.4113 393.216 0.0519655 0.120468 0.192169 -0.543599 -0.0300713
-62.7417 30.2564 401.471 0.0804008 0.0588568 -0.559686 -0.123675 0.0692065
-67.2226 56.7201 412.525 0.0864699 0.0566368 -0.559686 -0.123675 0.0692065
-70.2709 49.262 374.545 0.0848412 0.064511 -0.559686 -0.123675 0.0692065
22.0963 -1.89748 417.307 0.0783603 0.103959 -0.0664907 -0.564082 -0.103556
14.5702 -5.23108 440.297 0.0756958 0.099853 -0.0664907 -0.564082 -0.103556
-5.39455 -2.35882 437.471 0.0850376 0.0927397 -0.0664907 -0.564082 -0.103556
-2.55883 29.7001 496.108 0.123191 0.0727236 -0.221522 -0.13623 0.515464
-18.5208 24.0992 487.768 0.123364 0.0678803 -0.221522 -0.13623 0.515464
4.42751 11.6793 494.347 0.128322 0.0731813 -0.221522 -0.13623 0.515464
4.42751 11.6793 494.347 0.128322 0.0731813 -0.221522 -0.13623 0.515464
18.2792 34.7009 506.296 0.122995 0.0782374 -0.219889 -0.135679 0.516307
-2.55883 29.7001 496.108 0.123191 0.0727236 -0.221522 -0.13623 0.515464
96 97.6846 366.888 0.100822 0.10496 0.0724329 0.572672 0.0115535
98.4116 97.7874 346.676 0.0984594 0.0978177 0.0724329 0.572672 0.0115535
71.4875 101.259 343.373 0.106007 0.0938739 0.0724329 0.572672 0.0115535
17.048 4.74737 481.802 0.133834 0.0755157 -0.0316942 -0.526311 0.235215
11.1333 -3.87943 461.702 0.13768 0.0733252 -0.0316942 -0.526311 0.235215
37.7591 1.88622 478.191 0.137916 0.0794519 -0.0316942 -0.526311 0.235215
72.1205 -1.50042 376.619 0.0680916 0.120404 0.089189 -0.565839 0.0721445
76.6905 -3.53446 355.016 0.0715506 0.124224 0.089189 -0.565839 0.0721445
97.1125 2.08545 373.847 0.0638283 0.122962 0.089189 -0.565839 0.0721445
-23.4293 43.7939 326.381 0.0800423 0.0807323 -0.278729 -0.280548 -0.420638
-10.9958 15.7838 336.823 0.0742715 0.07973 -0.278729 -0.280548 -0.420638
-35.8495 16.8675 352.569 0.0764639 0.0731776 -0.278729 -0.280548 -0.420638
-60.4799 26.3282 365.684 0.0786824 0.0655869 -0.532177 -0.223691 -0.0090817
-62.7417 30.2564 401.471 0.0804008 0.0588568 -0.532177 -0.223691 -0.0090817
-70.2709 49.262 374.545 0.0848412 0.064511 -0.532177 -0.223691 -0.0090817
-62.7417 30.2564 401.471 0.0804008 0.0588568 -0.360404 -0.448165 -0.0508916
-38.8248 13.3097 381.333 0.0746959 0.0632336 -0.360404 -0.448165 -0.0508916
-37.0952 8.2126 413.971 0.0720143 0.055849 -0.360404 -0.448165 -0.0508916
82.3379 0.966218 390.241 0.0650532 0.116546 0.0860108 -0.569599 0.0386273
72.1205 -1.50042 376.619 0.0680916 0.120404 0.0860108 -0.569599 0.0386273
97.1125 2.08545 373.847 0.0638283 0.122962 0.0860108 -0.569599 0.0386273
121.869 11.3453 362.4 0.0545871 0.128128 0.289792 -0.492111 0.0847384
115.87 10.4877 377.935 0.056581 0.122822 0.289792 -0.492111 0.0847384
111.435 6.01088 367.104 0.0607054 0.125139 0.289792 -0.492111 0.0847384
103.324 84.8496 310.289 0.0588973 0.0625925 0.176427 0.501046 -0.226186
79.1828 97.5432 319.577 0.0631833 0.0635866 0.176427 0.501046 -0.226186
94.5238 97.3189 331.047 0.0631108 0.0691956 0.176427 0.501046 -0.226186
17.048 4.74737 481.802 0.133834 0.0755157 -0.0768096 -0.530044 0.215609
29.1659 9.35587 497.448 0.1325 0.079563 -0.0768096 -0.530044 0.215609
4.42751 11.6793 494.347 0.128322 0.0731813 -0.0768096 -0.530044 0.215609
-33.1421 11.6276 473.641 0.127947 0.0624815 -0.335227 -0.121381 0.454118
-18.5208 24.0992 487.768 0.123364 0.0678803 -0.335227 -0.121381 0.454118
-42.8748 38.8223 473.725 0.120909 0.0628394 -0.335227 -0.121381 0.454118
11.1333 -3.87943 461.702 0.0772154 0.0921117 -0.0214779 -0.532932 0.221033
39.4669 -5.15842 461.372 0.0673222 0.0972496 -0.0214779 -0.532932 0.221033
37.7591 1.88622 478.191 0.0645166 0.0893397 -0.0214779 -0.532932 0.221033
-61.5596 75.2137 364.601 0.135132 0.103781 -0.375191 0.422579 0.118289
-57.9302 71.9696 387.702 0.135325 0.109365 -0.375191 0.422579 0.118289
-35.9452 95.8878 371.988 0.13177 0.105811 -0.375191 0.422579 0.118289
21.7143 1.56755 345.611 0.0857179 0.123875 -0.0463122 -0.565694 -0.105733
37.4503 2.05581 336.106 0.0815567 0.128303 -0.0463122 -0.565694 -0.105733
33.8851 -1.36779 355.985 0.080913 0.122969 -0.0463122 -0.565694 -0.105733
-35.8495 16.8675 352.569 0.0764639 0.0731776 -0.288736 -0.450163 -0.217527
-60.4799 26.3282 365.684 0.0786824 0.0655869 -0.288736 -0.450163 -0.217527
-55.4688 34.3591 342.413 0.0812709 0.0720112 -0.288736 -0.450163 -0.217527
-35.8495 16.8675 352.569 0.0764639 0.0731776 -0.245253 -0.515025 -0.0890723
-38.8248 13.3097 381.333 0.0746959 0.0632336 -0.245253 -0.515025 -0.0890723
-60.4799 26.3282 365.684 0.0786824 0.0655869 -0.245253 -0.515025 -0.0890723
-66.8414 39.6064 355.782 0.0864699 0.0838448 -0.541352 0.120118 -0.160758
-70.2709 49.262 374.545 0.08667 0.0777731 -0.541352 0.120118 -0.160758
-61.5596 75.2137 364.601 0.0904816 0.0811168 -0.541352 0.120118 -0.160758
111.551 89.979 362.545 0.0956915 0.101109 0.258333 0.516251 0.00905244
96 97.6846 366.888 0.100822 0.10496 0.258333 0.516251 0.00905244
114.915 87.9889 380.052 0.0952108 0.105752 0.258333 0.516251 0.00905244
-13.9447 48.1466 489.876 0.118281 0.0677762 -0.269121 0.00644105 0.51075
-18.5208 24.0992 487.768 0.123364 0.0678803 -0.269121 0.00644105 0.51075
-2.55883 29.7001 496.108 0.123191 0.0727236 -0.269121 0.00644105 0.51075
-42.8748 38.8223 473.725 0.120909 0.0628394 -0.283827 0.00994772 0.502669
-18.5208 24.0992 487.768 0.123364 0.0678803 -0.269121 0.00644105 0.51075
-13.9447 48.1466 489.876 0.118281 0.0677762 -0.269121 0.00644105 0.51075
-42.9856 76.9855 346.904 0.132244 0.0987614 -0.477788 0.258491 -0.195534
-45.6952 59.639 330.593 0.13524 0.0942787 -0.477788 0.258491 -0.195534
-66.8414 39.6064 355.782 0.137084 0.0996125 -0.477788 0.258491 -0.195534
-42.8748 38.8223 473.725 0.120909 0.0628394 -0.240784 -0.0877766 0.517351
-58.7203 21.8025 463.462 0.124191 0.058445 -0.240784 -0.0877766 0.517351
-33.1421 11.6276 473.641 0.127947 0.0624815 -0.240784 -0.0877766 0.517351
4.83088 2.3083 390.292 0.0845357 0.113874 -0.07966 -0.57057 -0.0379173
29.9343 -0.720665 383.132 0.0783128 0.113994 -0.07966 -0.57057 -0.0379173
22.0963 -1.89748 417.307 0.0783603 0.103959 -0.07966 -0.57057 -0.0379173
16.6387 115.16 349.554 0.11756 0.095407 0.0763082 0.485776 -0.302543
45.2055 116.28 358.558 0.112009 0.0989206 0.0763082 0.485776 -0.302543
37.9238 104.166 337.27 0.112911 0.092612 0.0763082 0.485776 -0.302543
44.0557 112.274 383.698 0.113711 0.105809 0.102054 0.515452 0.239222
38.7701 104.4 402.919 0.115812 0.112503 0.102054 0.515452 0.239222
68.3666 98.5289 402.943 0.10981 0.11422 0.102054 0.515452 0.239222
-42.8748 38.8223 473.725 0.120909 0.0628394 -0.427995 0.19741 0.333441
-60.9325 47.4492 445.439 0.117907 0.0567801 -0.427995 0.19741 0.333441
-58.7203 21.8025 463.462 0.124191 0.058445 -0.427995 0.19741 0.333441
46.1488 93.2376 315.441 0.110221 0.0886041 -0.0010671 0.449742 -0.362028
8.50362 83.5334 303.496 0.121606 0.0885783 -0.0010671 0.449742 -0.362028
6.31244 100.648 324.764 0.124316 0.0916764 -0.0010671 0.449742 -0.362028
-13.9122 105.766 341.372 0.126338 0.0960629 -0.392137 0.3503 -0.238436
-42.9856 76.9855 346.904 0.132244 0.0987614 -0.392137 0.3503 -0.238436
-25.7205 101.349 354.303 0.12723 0.100391 -0.392137 0.3503 -0.238436
-5.21888 112.707 363.198 0.122636 0.100776 -0.126278 0.553925 -0.102735
21.7948 120.464 371.816 0.116704 0.10301 -0.126278 0.553925 -0.102735
16.6387 115.16 349.554 0.11756 0.095407 -0.126278 0.553925 -0.102735
22.6012 112.059 391.862 0.118576 0.108761 -0.103936 0.510244 0.249363
-4.77922 106.646 391.527 0.125123 0.108941 -0.103936 0.510244 0.249363
14.3466 99.0222 415.098 0.121779 0.114994 -0.103936 0.510244 0.249363
-42.9856 76.9855 346.904 0.132244 0.0987614 -0.399914 0.365708 -0.199148
-13.9122 105.766 341.372 0.126338 0.0960629 -0.399914 0.365708 -0.199148
-31.7778 78.2721 326.76 0.131574 0.0934309 -0.399914 0.365708 -0.199148
-26.7115 65.9066 469.623 0.130176 0.127082 -0.08669 0.40096 0.406263
-13.9447 48.1466 489.876 0.132869 0.131911 -0.08669 0.40096 0.406263
20.7599 70.9286 474.796 0.121509 0.129029 -0.08669 0.40096 0.406263
1.69016 81.6713 447.432 0.123633 0.122878 -0.0820322 0.510213 0.257463
-26.7115 65.9066 469.623 0.130176 0.127082 -0.0820322 0.510213 0.257463
20.7599 70.9286 474.796 0.121509 0.129029 -0.0820322 0.510213 0.257463
105.523 53.035 479.052 0.108199 0.07283 0.0884583 0.385618 0.420485
51.2525 49.7183 493.511 0.110229 0.080551 0.0884583 0.385618 0.420485
80.9547 38.0551 497.958 0.105571 0.0789874 0.0884583 0.385618 0.420485
66.7219 1.74842 466.815 0.0591578 0.0926651 0.136508 -0.524063 0.200142
101.162 12.2432 470.805 0.0507497 0.0965532 0.136508 -0.524063 0.200142
72.1732 9.93143 484.523 0.0548911 0.0905423 0.136508 -0.524063 0.200142
52.9591 -1.54059 448.586 0.0649751 0.100895 0.115749 -0.565439 0.0146308
76.433 3.11698 442.878 0.0567157 0.0996547 0.115749 -0.565439 0.0146308
66.7219 1.74842 466.815 0.0591578 0.0926651 0.115749 -0.565439 0.0146308
14.3466 99.0222 415.098 0.121779 0.114994 0.037377 0.50144 0.283715
1.69016 81.6713 447.432 0.123633 0.122878 0.037377 0.50144 0.283715
43.6583 87.728 431.198 0.115098 0.120544 0.037377 0.50144 0.283715
43.6583 87.728 431.198 0.115098 0.120544 0.037377 0.50144 0.283715
38.7701 104.4 402.919 0.115812 0.112503 0.0359984 0.496979 0.291632
14.3466 99.0222 415.098 0.121779 0.114994 0.037377 0.50144 0.283715
14.3466 99.0222 415.098 0.121779 0.114994 0.037377 0.50144 0.283715
38.7701 104.4 402.919 0.115812 0.112503 0.0359984 0.496979 0.291632
22.6012 112.059 391.862 0.118576 0.108761 0.0359984 0.496979 0.291632
-67.2226 56.7201 412.525 0.0864699 0.0566368 -0.566114 -0.0542939 -0.0994983
-62.7417 30.2564 401.471 0.0804008 0.0588568 -0.566114 -0.0542939 -0.0994983
-67.798 36.7227 426.712 0.081918 0.0534884 -0.566114 -0.0542939 -0.0994983
68.3666 98.5289 402.943 0.10981 0.11422 0.143854 0.524754 0.193063
71.4035 108.355 373.973 0.106767 0.107431 0.143854 0.524754 0.193063
44.0557 112.274 383.698 0.113711 0.105809 0.143854 0.524754 0.193063
20.7599 70.9286 474.796 0.121509 0.129029 0.078264 0.437578 0.368421
19.6301 52.7577 496.618 0.124334 0.135448 0.078264 0.437578 0.368421
51.2525 49.7183 493.511 0.117502 0.134888 0.078264 0.437578 0.368421
-67.798 36.7227 426.712 0.081918 0.0534884 -0.549442 0.112851 0.13679
-60.9325 47.4492 445.439 0.0852071 0.0499419 -0.549442 0.112851 0.13679
-67.2226 56.7201 412.525 0.0864699 0.0566368 -0.549442 0.112851 0.13679
43.6583 87.728 431.198 0.115098 0.120544 0.00319394 0.538167 0.209045
1.69016 81.6713 447.432 0.123633 0.122878 0.00319394 0.538167 0.209045
20.7599 70.9286 474.796 0.121509 0.129029 0.00319394 0.538167 0.209045
16.6387 115.16 349.554 0.11756 0.095407 -0.136376 0.548035 -0.119971
-13.9122 105.766 341.372 0.126338 0.0960629 -0.136376 0.548035 -0.119971
-5.21888 112.707 363.198 0.122636 0.100776 -0.136376 0.548035 -0.119971
71.4035 108.355 373.973 0.106767 0.107431 0.226735 0.517379 -0.119347
71.4875 101.259 343.373 0.106007 0.0938739 0.226735 0.517379 -0.119347
45.2055 116.28 358.558 0.112009 0.0989206 0.226735 0.517379 -0.119347
71.4875 101.259 343.373 0.106007 0.0938739 0.194548 0.529652 -0.122281
71.4035 108.355 373.973 0.106767 0.107431 0.194548 0.529652 -0.122281
96 97.6846 366.888 0.100822 0.10496 0.194548 0.529652 -0.122281
45.2055 116.28 358.558 0.112009 0.0989206 0.151599 0.549032 0.094418
21.7948 120.464 371.816 0.116704 0.10301 0.151599 0.549032 0.094418
44.0557 112.274 383.698 0.113711 0.105809 0.151599 0.549032 0.094418
-35.9452 95.8878 371.988 0.13177 0.105811 -0.28083 0.437605 -0.250938
-42.9856 76.9855 346.904 0.132244 0.0987614 -0.28083 0.437605 -0.250938
-61.5596 75.2137 364.601 0.135132 0.103781 -0.28083 0.437605 -0.250938
38.7701 104.4 402.919 0.115812 0.112503 0.0847148 0.519928 0.236288
44.0557 112.274 383.698 0.113711 0.105809 0.0847148 0.519928 0.236288
22.6012 112.059 391.862 0.118576 0.108761 0.0847148 0.519928 0.236288
22.6012 112.059 391.862 0.122544 0.0480647 0.07787 0.52869 0.218532
44.0557 112.274 383.698 0.122544 0.0549517 0.07787 0.52869 0.218532
21.7948 120.464 371.816 0.118831 0.0523455 0.07787 0.52869 0.218532
-41.8834 65.006 444.21 0.132932 0.1214 -0.362912 0.407039 0.189598
-45.0865 77.6236 410.99 0.131639 0.113522 -0.362912 0.407039 0.189598
-60.9325 47.4492 445.439 0.138984 0.122079 -0.362912 0.407039 0.189598
-41.8834 65.006 444.21 0.132932 0.1214 -0.362912 0.407039 0.189598
-60.9325 47.4492 445.439 0.138984 0.122079 -0.362912 0.407039 0.189598
-45.9273 53.8237 460.506 0.136066 0.125761 -0.362998 0.407111 0.189279
-70.2709 49.262 374.545 0.139029 0.10571 -0.522355 0.218549 0.112758
-57.9302 71.9696 387.702 0.135325 0.109365 -0.522355 0.218549 0.112758
-61.5596 75.2137 364.601 0.135132 0.103781 -0.522355 0.218549 0.112758
-4.77922 106.646 391.527 0.125123 0.108941 -0.105912 0.521878 0.223069
22.6012 112.059 391.862 0.118576 0.108761 -0.105912 0.521878 0.223069
21.7948 120.464 371.816 0.116704 0.10301 -0.105912 0.521878 0.223069
-4.77922 106.646 391.527 0.125123 0.108941 -0.269432 0.483778 0.163399
-35.9452 95.8878 371.988 0.13177 0.105811 -0.269432 0.483778 0.163399
-45.0865 77.6236 410.99 0.131639 0.113522 -0.269432 0.483778 0.163399
-60.9325 47.4492 445.439 0.138984 0.122079 -0.368841 0.404124 0.184318
-45.0865 77.6236 410.99 0.131639 0.113522 -0.368841 0.404124 0.184318
-67.2226 56.7201 412.525 0.138197 0.114873 -0.368841 0.404124 0.184318
-31.7778 78.2721 326.76 0.131574 0.0934309 -0.230366 0.357307 -0.390636
-13.9122 105.766 341.372 0.126338 0.0960629 -0.230366 0.357307 -0.390636
6.31244 100.648 324.764 0.124316 0.0916764 -0.230366 0.357307 -0.390636
98.4116 97.7874 346.676 0.0642651 0.0709759 0.363869 0.440182 -0.0846896
111.551 89.979 362.545 0.0623774 0.0756171 0.363869 0.440182 -0.0846896
119.88 79.3536 343.105 0.0589204 0.0718631 0.363869 0.440182 -0.0846896
-25.7205 101.349 354.303 0.12723 0.100391 -0.278239 0.505861 -0.00466743
-35.9452 95.8878 371.988 0.13177 0.105811 -0.278239 0.505861 -0.00466743
-5.21888 112.707 363.198 0.122636 0.100776 -0.278239 0.505861 -0.00466743
-4.77922 106.646 391.527 0.125123 0.108941 -0.190179 0.532453 0.116872
21.7948 120.464 371.816 0.116704 0.10301 -0.190179 0.532453 0.116872
-5.21888 112.707 363.198 0.122636 0.100776 -0.190179 0.532453 0.116872
-25.7205 101.349 354.303 0.12723 0.100391 -0.258002 0.512956 -0.0603697
-5.21888 112.707 363.198 0.122636 0.100776 -0.258002 0.512956 -0.0603697
-13.9122 105.766 341.372 0.126338 0.0960629 -0.258002 0.512956 -0.0603697
45.2055 116.28 358.558 0.112009 0.0989206 0.0216778 0.56008 -0.138469
16.6387 115.16 349.554 0.11756 0.095407 0.0216778 0.56008 -0.138469
21.7948 120.464 371.816 0.116704 0.10301 0.0216778 0.56008 -0.138469
-5.21888 112.707 363.198 0.122636 0.100776 -0.246685 0.509647 0.11287
-35.9452 95.8878 371.988 0.13177 0.105811 -0.246685 0.509647 0.11287
-4.77922 106.646 391.527 0.125123 0.108941 -0.246685 0.509647 0.11287
51.2525 49.7183 493.511 0.110229 0.080551 0.0900661 0.380001 0.425231
105.523 53.035 479.052 0.108199 0.07283 0.0900661 0.380001 0.425231
84.4012 70.7615 467.685 0.115097 0.0681205 0.0900661 0.380001 0.425231
44.0557 112.274 383.698 0.113711 0.105809 0.11347 0.558208 0.0941363
71.4035 108.355 373.973 0.106767 0.107431 0.11347 0.558208 0.0941363
45.2055 116.28 358.558 0.112009 0.0989206 0.11347 0.558208 0.0941363
14.3466 99.0222 415.098 0.121779 0.114994 -0.159284 0.512562 0.212703
-19.3287 82.8179 428.929 0.127945 0.117445 -0.159284 0.512562 0.212703
1.69016 81.6713 447.432 0.123633 0.122878 -0.159284 0.512562 0.212703
6.31244 100.648 324.764 0.124316 0.0916764 -0.0861043 0.507599 -0.261271
-13.9122 105.766 341.372 0.126338 0.0960629 -0.0861043 0.507599 -0.261271
16.6387 115.16 349.554 0.11756 0.095407 -0.0861043 0.507599 -0.261271
-67.2226 56.7201 412.525 0.138197 0.114873 -0.384857 0.415724 0.111321
-45.0865 77.6236 410.99 0.131639 0.113522 -0.384857 0.415724 0.111321
-57.9302 71.9696 387.702 0.135325 0.109365 -0.384857 0.415724 0.111321
51.2525 49.7183 493.511 0.110229 0.080551 0.0753763 0.266019 0.506839
19.6301 52.7577 496.618 0.113242 0.0840464 0.0753763 0.266019 0.506839
18.2792 34.7009 506.296 0.109289 0.0881935 0.0753763 0.266019 0.506839
55.9618 -0.179307 427.139 0.0632763 0.105248 0.107385 -0.566889 -0.0209463
76.433 3.11698 442.878 0.0567157 0.0996547 0.107385 -0.566889 -0.0209463
52.9591 -1.54059 448.586 0.0649751 0.100895 0.107385 -0.566889 -0.0209463
-45.0865 77.6236 410.99 0.131639 0.113522 -0.243372 0.47929 0.210675
-19.3287 82.8179 428.929 0.127945 0.117445 -0.243372 0.47929 0.210675
-4.77922 106.646 391.527 0.125123 0.108941 -0.243372 0.47929 0.210675
-45.0865 77.6236 410.99 0.131639 0.113522 -0.243372 0.47929 0.210675
-41.8834 65.006 444.21 0.132932 0.1214 -0.241029 0.48231 0.206436
-19.3287 82.8179 428.929 0.127945 0.117445 -0.243372 0.47929 0.210675
66.7219 1.74842 466.815 0.0591578 0.0926651 0.143162 -0.559273 -0.00717908
39.4669 -5.15842 461.372 0.0673222 0.0972496 0.143162 -0.559273 -0.00717908
52.9591 -1.54059 448.586 0.0649751 0.100895 0.143162 -0.559273 -0.00717908
29.1659 9.35587 497.448 0.1325 0.079563 -0.0867279 -0.220981 0.526288
18.2792 34.7009 506.296 0.122995 0.0782374 -0.0867279 -0.220981 0.526288
4.42751 11.6793 494.347 0.128322 0.0731813 -0.0867279 -0.220981 0.526288
84.4012 70.7615 467.685 0.10829 0.127432 0.0455179 0.416197 0.397544
20.7599 70.9286 474.796 0.121509 0.129029 0.0455179 0.416197 0.397544
51.2525 49.7183 493.511 0.117502 0.134888 0.0455179 0.416197 0.397544
131.903 79.9394 397.533 0.0944284 0.114815 0.27176 0.50851 -0.0299486
114.915 87.9889 380.052 0.0952108 0.105752 0.27176 0.50851 -0.0299486
107.137 93.0758 395.85 0.10039 0.11575 0.27176 0.50851 -0.0299486
-13.9447 48.1466 489.876 0.132869 0.131911 -0.13594 0.272944 0.49026
18.2792 34.7009 506.296 0.127146 0.139049 -0.13594 0.272944 0.49026
19.6301 52.7577 496.618 0.124334 0.135448 -0.13594 0.272944 0.49026
-8.71037 2.76562 413.763 0.0857368 0.10122 -0.0873441 -0.560224 -0.108877
-5.39455 -2.35882 437.471 0.0850376 0.0927397 -0.0873441 -0.560224 -0.108877
-24.4561 2.06912 429.979 0.0894064 0.0961369 -0.0873441 -0.560224 -0.108877
119.004 38.545 482.713 0.103498 0.0735236 0.182933 0.28789 0.46582
105.523 53.035 479.052 0.108199 0.07283 0.182933 0.28789 0.46582
80.9547 38.0551 497.958 0.105571 0.0789874 0.182933 0.28789 0.46582
19.6301 52.7577 496.618 0.124334 0.135448 -0.131235 0.43538 0.355745
20.7599 70.9286 474.796 0.121509 0.129029 -0.131235 0.43538 0.355745
-13.9447 48.1466 489.876 0.132869 0.131911 -0.131235 0.43538 0.355745
-17.0973 6.41817 393.228 0.0902973 0.106647 -0.112883 -0.563613 -0.0541441
4.83088 2.3083 390.292 0.0845357 0.113874 -0.112883 -0.563613 -0.0541441
-8.71037 2.76562 413.763 0.0857368 0.10122 -0.112883 -0.563613 -0.0541441
-45.9273 53.8237 460.506 0.136066 0.125761 -0.423066 0.207752 0.333448
-60.9325 47.4492 445.439 0.138984 0.122079 -0.423066 0.207752 0.333448
-42.8748 38.8223 473.725 0.138247 0.129844 -0.423066 0.207752 0.333448
39.4669 -5.15842 461.372 0.0673222 0.0972496 0.0870621 -0.523233 0.227992
66.7219 1.74842 466.815 0.0591578 0.0926651 0.0870621 -0.523233 0.227992
37.7591 1.88622 478.191 0.0645166 0.0893397 0.0870621 -0.523233 0.227992
89.2619 82.8534 446.823 0.117907 0.0639222 0.094331 0.529653 0.20953
134.507 72.566 452.458 0.113192 0.0628943 0.094331 0.529653 0.20953
136.559 83.3717 424.219 0.116184 0.0538675 0.094331 0.529653 0.20953
-37.0952 8.2126 413.971 0.0910235 0.100857 -0.108689 -0.564258 -0.0559718
-17.0973 6.41817 393.228 0.0902973 0.106647 -0.108689 -0.564258 -0.0559718
-8.71037 2.76562 413.763 0.0857368 0.10122 -0.108689 -0.564258 -0.0559718
66.7219 1.74842 466.815 0.0591578 0.0926651 0.121712 -0.525658 0.205434
72.1732 9.93143 484.523 0.0548911 0.0905423 0.121712 -0.525658 0.205434
56.2915 5.02223 481.371 0.0592895 0.0892795 0.121712 -0.525658 0.205434
49.4895 11.0092 492.386 0.132489 0.0832266 0.0341426 -0.497265 0.291368
37.7591 1.88622 478.191 0.137916 0.0794519 0.0341426 -0.497265 0.291368
56.2915 5.02223 481.371 0.136349 0.0843108 0.0341426 -0.497265 0.291368
142.944 53.5921 457.985 0.10809 0.0668745 0.231594 0.321556 0.419881
105.523 53.035 479.052 0.108199 0.07283 0.231594 0.321556 0.419881
119.004 38.545 482.713 0.103498 0.0735236 0.231594 0.321556 0.419881
83.3973 4.39582 426.501 0.0581149 0.1056 0.0948712 -0.569488 -0.00412589
76.433 3.11698 442.878 0.0567157 0.0996547 0.0948712 -0.569488 -0.00412589
55.9618 -0.179307 427.139 0.0632763 0.105248 0.0948712 -0.569488 -0.00412589
22.0963 -1.89748 417.307 0.0783603 0.103959 0.031632 -0.571898 -0.0725688
32.166 -4.61561 443.117 0.0705609 0.101504 0.031632 -0.571898 -0.0725688
14.5702 -5.23108 440.297 0.0756958 0.099853 0.031632 -0.571898 -0.0725688
148.077 66.8211 436.283 0.113631 0.0539315 0.433868 0.270922 0.267756
134.507 72.566 452.458 0.113192 0.0628943 0.433868 0.270922 0.267756
142.944 53.5921 457.985 0.10809 0.0668745 0.433868 0.270922 0.267756
71.4035 108.355 373.973 0.106767 0.107431 0.110175 0.533096 0.192362
68.3666 98.5289 402.943 0.10981 0.11422 0.110175 0.533096 0.192362
107.137 93.0758 395.85 0.10039 0.11575 0.110175 0.533096 0.192362
-42.8748 38.8223 473.725 0.138247 0.129844 -0.345993 0.263943 0.379416
-26.7115 65.9066 469.623 0.130176 0.127082 -0.345993 0.263943 0.379416
-45.9273 53.8237 460.506 0.136066 0.125761 -0.345993 0.263943 0.379416
32.166 -4.61561 443.117 0.0705609 0.101504 -0.0261116 -0.576721 -0.00670561
39.4669 -5.15842 461.372 0.0673222 0.0972496 -0.0261116 -0.576721 -0.00670561
11.1333 -3.87943 461.702 0.0772154 0.0921117 -0.0261116 -0.576721 -0.00670561
-45.9273 53.8237 460.506 0.136066 0.125761 -0.35266 0.413022 0.1959
-26.7115 65.9066 469.623 0.130176 0.127082 -0.35266 0.413022 0.1959
-41.8834 65.006 444.21 0.132932 0.1214 -0.35266 0.413022 0.1959
-17.0973 6.41817 393.228 0.0902973 0.106647 -0.109463 -0.566336 -0.024789
-11.3186 6.47941 366.311 0.090309 0.113785 -0.109463 -0.566336 -0.024789
4.83088 2.3083 390.292 0.0845357 0.113874 -0.109463 -0.566336 -0.024789
56.2915 5.02223 481.371 0.136349 0.0843108 0.0856483 -0.477792 0.31259
72.1732 9.93143 484.523 0.134891 0.0881935 0.0856483 -0.477792 0.31259
49.4895 11.0092 492.386 0.132489 0.0832266 0.0856483 -0.477792 0.31259
-13.9447 48.1466 489.876 0.132869 0.131911 -0.31278 0.249682 0.416126
-26.7115 65.9066 469.623 0.130176 0.127082 -0.31278 0.249682 0.416126
-42.8748 38.8223 473.725 0.138247 0.129844 -0.31278 0.249682 0.416126
56.2915 5.02223 481.371 0.0592895 0.0892795 0.0637833 -0.548356 0.16903
37.7591 1.88622 478.191 0.0645166 0.0893397 0.0637833 -0.548356 0.16903
66.7219 1.74842 466.815 0.0591578 0.0926651 0.0637833 -0.548356 0.16903
110.116 24.1098 488.235 0.100478 0.0748324 0.340051 -0.0312907 0.465531
139.084 36.6939 467.921 0.103445 0.0667171 0.340051 -0.0312907 0.465531
119.004 38.545 482.713 0.103498 0.0735236 0.340051 -0.0312907 0.465531
-19.3287 82.8179 428.929 0.127945 0.117445 -0.141074 0.525595 0.192825
-26.7115 65.9066 469.623 0.130176 0.127082 -0.141074 0.525595 0.192825
1.69016 81.6713 447.432 0.123633 0.122878 -0.141074 0.525595 0.192825
29.9343 -0.720665 383.132 0.0783128 0.113994 0.00574533 -0.577024 -0.018552
55.231 -0.915301 397.019 0.0698206 0.112232 0.00574533 -0.577024 -0.018552
22.0963 -1.89748 417.307 0.0783603 0.103959 0.00574533 -0.577024 -0.018552
-41.8834 65.006 444.21 0.132932 0.1214 -0.279528 0.482455 0.14978
-26.7115 65.9066 469.623 0.130176 0.127082 -0.279528 0.482455 0.14978
-19.3287 82.8179 428.929 0.127945 0.117445 -0.279528 0.482455 0.14978
-38.8248 13.3097 381.333 0.0746959 0.0632336 -0.156778 -0.554558 -0.0349201
-11.3186 6.47941 366.311 0.0680182 0.0690313 -0.156778 -0.554558 -0.0349201
-17.0973 6.41817 393.228 0.0685608 0.0618763 -0.156778 -0.554558 -0.0349201
79.5972 2.88308 410.042 0.0604085 0.109898 0.0955193 -0.568592 0.0302047
83.3973 4.39582 426.501 0.0581149 0.1056 0.0955193 -0.568592 0.0302047
55.9618 -0.179307 427.139 0.0632763 0.105248 0.0955193 -0.568592 0.0302047
-19.3287 82.8179 428.929 0.127945 0.117445 -0.129596 0.495992 0.265575
14.3466 99.0222 415.098 0.121779 0.114994 -0.129596 0.495992 0.265575
-4.77922 106.646 391.527 0.125123 0.108941 -0.129596 0.495992 0.265575
-8.71037 2.76562 413.763 0.0857368 0.10122 -0.082154 -0.570322 -0.0362849
4.83088 2.3083 390.292 0.0845357 0.113874 -0.082154 -0.570322 -0.0362849
22.0963 -1.89748 417.307 0.0783603 0.103959 -0.082154 -0.570322 -0.0362849
-24.4561 2.06912 429.979 0.0679149 0.0514499 -0.195729 -0.540576 -0.052922
-40.5688 6.63056 442.978 0.0726518 0.048527 -0.195729 -0.540576 -0.052922
-37.0952 8.2126 413.971 0.0720143 0.055849 -0.195729 -0.540576 -0.052922
-35.8495 16.8675 352.569 0.0764639 0.0731776 -0.181257 -0.541417 -0.085717
-11.3186 6.47941 366.311 0.0680182 0.0690313 -0.181257 -0.541417 -0.085717
-38.8248 13.3097 381.333 0.0746959 0.0632336 -0.181257 -0.541417 -0.085717
20.7599 70.9286 474.796 0.121509 0.129029 -0.0115132 0.540636 0.202272
89.2619 82.8534 446.823 0.108216 0.123742 -0.0115132 0.540636 0.202272
43.6583 87.728 431.198 0.115098 0.120544 -0.0115132 0.540636 0.202272
-8.71037 2.76562 413.763 0.0857368 0.10122 -0.107013 -0.552798 -0.127657
-24.4561 2.06912 429.979 0.0894064 0.0961369 -0.107013 -0.552798 -0.127657
-37.0952 8.2126 413.971 0.0910235 0.100857 -0.107013 -0.552798 -0.127657
84.4012 70.7615 467.685 0.115097 0.0681205 0.0735681 0.487834 0.299899
134.507 72.566 452.458 0.113192 0.0628943 0.0735681 0.487834 0.299899
89.2619 82.8534 446.823 0.117907 0.0639222 0.0735681 0.487834 0.299899
14.5702 -5.23108 440.297 0.0756958 0.099853 0.0139576 -0.575889 0.0386074
32.166 -4.61561 443.117 0.0705609 0.101504 0.0139576 -0.575889 0.0386074
11.1333 -3.87943 461.702 0.0772154 0.0921117 0.0139576 -0.575889 0.0386074
-37.0952 8.2126 413.971 0.0720143 0.055849 -0.132711 -0.556191 -0.0798286
-38.8248 13.3097 381.333 0.0746959 0.0632336 -0.132711 -0.556191 -0.0798286
-17.0973 6.41817 393.228 0.0685608 0.0618763 -0.132711 -0.556191 -0.0798286
89.2619 82.8534 446.823 0.108216 0.123742 0.0711696 0.549707 0.161525
136.559 83.3717 424.219 0.0942874 0.120048 0.0711696 0.549707 0.161525
95.4677 89.5219 421.394 0.108851 0.120548 0.0711696 0.549707 0.161525
89.2619 82.8534 446.823 0.108216 0.123742 0.0342625 0.495129 0.294969
20.7599 70.9286 474.796 0.121509 0.129029 0.0342625 0.495129 0.294969
84.4012 70.7615 467.685 0.10829 0.127432 0.0342625 0.495129 0.294969
43.6583 87.728 431.198 0.115098 0.120544 0.02402 0.531506 0.224183
95.4677 89.5219 421.394 0.108851 0.120548 0.02402 0.531506 0.224183
68.3666 98.5289 402.943 0.10981 0.11422 0.02402 0.531506 0.224183
107.137 93.0758 395.85 0.10039 0.11575 0.1006 0.555014 0.123175
68.3666 98.5289 402.943 0.10981 0.11422 0.1006 0.555014 0.123175
95.4677 89.5219 421.394 0.108851 0.120548 0.1006 0.555014 0.123175
107.137 93.0758 395.85 0.10039 0.11575 0.0762123 0.561056 0.112875
95.4677 89.5219 421.394 0.108851 0.120548 0.0762123 0.561056 0.112875
136.559 83.3717 424.219 0.0942874 0.120048 0.0762123 0.561056 0.112875
142.944 53.5921 457.985 0.0864699 0.0615342 0.253503 0.245783 0.456793
134.507 72.566 452.458 0.0887837 0.0592551 0.253503 0.245783 0.456793
105.523 53.035 479.052 0.0887837 0.0657282 0.253503 0.245783 0.456793
136.559 83.3717 424.219 0.0942874 0.120048 0.271347 0.497307 -0.11131
131.903 79.9394 397.533 0.0944284 0.114815 0.271347 0.497307 -0.11131
107.137 93.0758 395.85 0.10039 0.11575 0.271347 0.497307 -0.11131
105.523 53.035 479.052 0.108199 0.07283 0.109971 0.392954 0.408444
134.507 72.566 452.458 0.113192 0.0628943 0.109971 0.392954 0.408444
84.4012 70.7615 467.685 0.115097 0.0681205 0.109971 0.392954 0.408444
96 97.6846 366.888 0.100822 0.10496 0.228878 0.530033 -0.00366702
71.4035 108.355 373.973 0.106767 0.107431 0.228878 0.530033 -0.00366702
107.137 93.0758 395.85 0.10039 0.11575 0.228878 0.530033 -0.00366702
43.6583 87.728 431.198 0.115098 0.120544 0.0984328 0.497351 0.2762
68.3666 98.5289 402.943 0.10981 0.11422 0.0984328 0.497351 0.2762
38.7701 104.4 402.919 0.115812 0.112503 0.0984328 0.497351 0.2762
134.507 72.566 452.458 0.113192 0.0628943 0.380736 0.395402 0.178971
148.077 66.8211 436.283 0.113631 0.0539315 0.380736 0.395402 0.178971
136.559 83.3717 424.219 0.116184 0.0538675 0.380736 0.395402 0.178971
107.137 93.0758 395.85 0.10039 0.11575 0.277444 0.505639 -0.0262251
114.915 87.9889 380.052 0.0952108 0.105752 0.277444 0.505639 -0.0262251
96 97.6846 366.888 0.100822 0.10496 0.277444 0.505639 -0.0262251
43.6583 87.728 431.198 0.115098 0.120544 0.00877327 0.557873 0.148439
89.2619 82.8534 446.823 0.108216 0.123742 0.00877327 0.557873 0.148439
95.4677 89.5219 421.394 0.108851 0.120548 0.00877327 0.557873 0.148439
