Vertex Count: 288

Data:

-183 12.6865 -195.227 0.625763 0.097689 0.204124 -0.408248 0.353553
-183 22.6865 -183.68 0.643355 0.0876681 0.204124 -0.408248 0.353553
-193 12.6865 -189.453 0.637748 0.107466 0.204124 -0.408248 0.353553
-183 12.6865 -195.227 0.625763 0.097689 0.204124 -0.408248 0.353553
-193 12.6865 -189.453 0.637748 0.107466 0.204124 -0.408248 0.353553
-193 2.68652 -201 0.620156 0.117487 0.204124 -0.408248 0.353553
-183 12.6865 -195.227 0.625763 0.097689 0.433013 -0.288675 0.25
-173 22.6865 -201 0.620319 0.079505 0.433013 -0.288675 0.25
-183 22.6865 -183.68 0.643355 0.0876681 0.433013 -0.288675 0.25
-173 22.6865 -201 0.620319 0.079505 0.474826 -0.180886 0.274141
-177 26.1865 -191.762 0.634033 0.079505 0.474826 -0.180886 0.274141
-183 22.6865 -183.68 0.643355 0.0876681 0.474826 -0.180886 0.274141
-177 26.1865 -191.762 0.5945 0.113159 0.190094 0.4345 0.329252
-187 29.6865 -190.608 0.595011 0.127531 0.190094 0.4345 0.329252
-193 26.1865 -182.525 0.583324 0.135504 0.190094 0.4345 0.329252
-177 26.1865 -191.762 0.5945 0.113159 0.190094 0.4345 0.329252
-193 26.1865 -182.525 0.583324 0.135504 0.190094 0.4345 0.329252
-183 22.6865 -183.68 0.582812 0.121133 0.190094 0.4345 0.329252
-177 26.1865 -191.762 0.5945 0.113159 0.19868 0.529813 0.114708
-181 29.6865 -201 0.607584 0.118258 0.19868 0.529813 0.114708
-187 29.6865 -190.608 0.595011 0.127531 0.19868 0.529813 0.114708
-183 12.6865 -206.773 0.669543 0.097247 0.408248 -0.408248 -8.42937e-08
-173 22.6865 -201 0.682813 0.0816385 0.408248 -0.408248 -8.42937e-08
-183 12.6865 -195.227 0.682813 0.100454 0.408248 -0.408248 -8.42937e-08
-183 12.6865 -206.773 0.669543 0.097247 0.408248 -0.408248 -8.42937e-08
-183 12.6865 -195.227 0.682813 0.100454 0.408248 -0.408248 -8.42937e-08
-193 2.68652 -201 0.669543 0.116063 0.408248 -0.408248 -8.42937e-08
-183 12.6865 -206.773 0.669543 0.097247 0.433013 -0.288675 -0.25
-183 22.6865 -218.32 0.656273 0.0816385 0.433013 -0.288675 -0.25
-173 22.6865 -201 0.682813 0.0816385 0.433013 -0.288675 -0.25
-183 22.6865 -218.32 0.656273 0.0816385 0.474826 -0.180886 -0.274141
-177 26.1865 -210.238 0.669543 0.0766566 0.474826 -0.180886 -0.274141
-173 22.6865 -201 0.682813 0.0816385 0.474826 -0.180886 -0.274141
-177 26.1865 -210.238 0.616851 0.110778 0.380188 0.4345 -7.00892e-08
-181 29.6865 -201 0.607584 0.118258 0.380188 0.4345 -7.00892e-08
-177 26.1865 -191.762 0.5945 0.113159 0.380188 0.4345 -7.00892e-08
-177 26.1865 -210.238 0.616851 0.110778 0.380188 0.4345 -7.00892e-08
-177 26.1865 -191.762 0.5945 0.113159 0.380188 0.4345 -7.00892e-08
-173 22.6865 -201 0.603767 0.105679 0.380188 0.4345 -7.00892e-08
-177 26.1865 -210.238 0.616851 0.110778 0.19868 0.529813 -0.114708
-187 29.6865 -211.392 0.620156 0.124852 0.19868 0.529813 -0.114708
-181 29.6865 -201 0.607584 0.118258 0.19868 0.529813 -0.114708
-193 12.6865 -212.547 0.656273 0.100454 0.204124 -0.408248 -0.353553
-183 22.6865 -218.32 0.656273 0.0816385 0.204124 -0.408248 -0.353553
-183 12.6865 -206.773 0.669543 0.097247 0.204124 -0.408248 -0.353553
-193 12.6865 -212.547 0.656273 0.100454 0.204124 -0.408248 -0.353553
-183 12.6865 -206.773 0.669543 0.097247 0.204124 -0.408248 -0.353553
-193 2.68652 -201 0.669543 0.116063 0.204124 -0.408248 -0.353553
-193 12.6865 -212.547 0.637748 0.145448 0 -0.288675 -0.5
-203 22.6865 -218.32 0.643355 0.12565 0 -0.288675 -0.5
-183 22.6865 -218.32 0.656273 0.146818 0 -0.288675 -0.5
-203 22.6865 -218.32 0.643355 0.12565 -6.41932e-08 -0.180886 -0.548282
-193 26.1865 -219.475 0.653208 0.13313 -6.41932e-08 -0.180886 -0.548282
-183 22.6865 -218.32 0.656273 0.146818 -6.41932e-08 -0.180886 -0.548282
-193 26.1865 -219.475 0.589665 0.0931267 0.190094 0.4345 -0.329252
-187 29.6865 -211.392 0.60358 0.0946957 0.190094 0.4345 -0.329252
-177 26.1865 -210.238 0.608499 0.105679 0.190094 0.4345 -0.329252
-193 26.1865 -219.475 0.589665 0.0931267 0.190094 0.4345 -0.329252
-177 26.1865 -210.238 0.608499 0.105679 0.190094 0.4345 -0.329252
-183 22.6865 -218.32 0.594584 0.10411 0.190094 0.4345 -0.329252
-193 26.1865 -219.475 0.589665 0.0931267 0 0.529813 -0.229416
-199 29.6865 -211.392 0.596518 0.080574 0 0.529813 -0.229416
-187 29.6865 -211.392 0.60358 0.0946957 0 0.529813 -0.229416
-203 12.6865 -206.773 0.625763 0.135671 -0.204124 -0.408248 -0.353553
-203 22.6865 -218.32 0.643355 0.12565 -0.204124 -0.408248 -0.353553
-193 12.6865 -212.547 0.637748 0.145448 -0.204124 -0.408248 -0.353553
-203 12.6865 -206.773 0.625763 0.135671 -0.204124 -0.408248 -0.353553
-193 12.6865 -212.547 0.637748 0.145448 -0.204124 -0.408248 -0.353553
-193 2.68652 -201 0.620156 0.155469 -0.204124 -0.408248 -0.353553
-203 12.6865 -206.773 0.625763 0.135671 -0.433013 -0.288675 -0.25
-213 22.6865 -201 0.620319 0.117487 -0.433013 -0.288675 -0.25
-203 22.6865 -218.32 0.643355 0.12565 -0.433013 -0.288675 -0.25
-213 22.6865 -201 0.620319 0.117487 -0.474827 -0.180886 -0.274141
-209 26.1865 -210.238 0.634033 0.117487 -0.474827 -0.180886 -0.274141
-203 22.6865 -218.32 0.643355 0.12565 -0.474827 -0.180886 -0.274141
-209 26.1865 -210.238 0.589665 0.0680214 -0.190094 0.4345 -0.329252
-199 29.6865 -211.392 0.596518 0.080574 -0.190094 0.4345 -0.329252
-193 26.1865 -219.475 0.589665 0.0931267 -0.190094 0.4345 -0.329252
-209 26.1865 -210.238 0.589665 0.0680214 -0.190094 0.4345 -0.329252
-193 26.1865 -219.475 0.589665 0.0931267 -0.190094 0.4345 -0.329252
-203 22.6865 -218.32 0.582812 0.080574 -0.190094 0.4345 -0.329252
-209 26.1865 -210.238 0.589665 0.0680214 -0.19868 0.529813 -0.114708
-205 29.6865 -201 0.60358 0.0664523 -0.19868 0.529813 -0.114708
-199 29.6865 -211.392 0.596518 0.080574 -0.19868 0.529813 -0.114708
-203 12.6865 -195.227 0.669543 0.136653 -0.408248 -0.408248 -0
-213 22.6865 -201 0.682813 0.121045 -0.408248 -0.408248 -0
-203 12.6865 -206.773 0.682813 0.13986 -0.408248 -0.408248 -0
-203 12.6865 -195.227 0.669543 0.136653 -0.408248 -0.408248 -0
-203 12.6865 -206.773 0.682813 0.13986 -0.408248 -0.408248 -0
-193 2.68652 -201 0.669543 0.155469 -0.408248 -0.408248 -0
-203 12.6865 -195.227 0.669543 0.136653 -0.433013 -0.288675 0.25
-203 22.6865 -183.68 0.656273 0.121045 -0.433013 -0.288675 0.25
-213 22.6865 -201 0.682813 0.121045 -0.433013 -0.288675 0.25
-203 22.6865 -183.68 0.656273 0.121045 -0.474826 -0.180887 0.274141
-209 26.1865 -191.762 0.669543 0.116063 -0.474826 -0.180887 0.274141
-213 22.6865 -201 0.682813 0.121045 -0.474826 -0.180887 0.274141
-209 26.1865 -191.762 0.608499 0.0554687 -0.380188 0.4345 8.76115e-08
-205 29.6865 -201 0.60358 0.0664523 -0.380188 0.4345 8.76115e-08
-209 26.1865 -210.238 0.589665 0.0680214 -0.380188 0.4345 8.76115e-08
-209 26.1865 -191.762 0.608499 0.0554687 -0.380188 0.4345 8.76115e-08
-209 26.1865 -210.238 0.589665 0.0680214 -0.380188 0.4345 8.76115e-08
-213 22.6865 -201 0.594584 0.0570378 -0.380188 0.4345 8.76115e-08
-209 26.1865 -191.762 0.5945 0.155469 -0.19868 0.529813 0.114708
-199 29.6865 -190.608 0.595011 0.143397 -0.19868 0.529813 0.114708
-205 29.6865 -201 0.607584 0.14999 -0.19868 0.529813 0.114708
-193 12.6865 -189.453 0.656273 0.13986 -0.204124 -0.408248 0.353553
-203 22.6865 -183.68 0.656273 0.121045 -0.204124 -0.408248 0.353553
-203 12.6865 -195.227 0.669543 0.136653 -0.204124 -0.408248 0.353553
-193 12.6865 -189.453 0.656273 0.13986 -0.204124 -0.408248 0.353553
-203 12.6865 -195.227 0.669543 0.136653 -0.204124 -0.408248 0.353553
-193 2.68652 -201 0.669543 0.155469 -0.204124 -0.408248 0.353553
-193 12.6865 -189.453 0.637748 0.107466 0 -0.288675 0.5
-183 22.6865 -183.68 0.643355 0.0876681 0 -0.288675 0.5
-203 22.6865 -183.68 0.656273 0.108836 0 -0.288675 0.5
-183 22.6865 -183.68 0.643355 0.0876681 6.41932e-08 -0.180886 0.548282
-193 26.1865 -182.525 0.653208 0.0951482 6.41932e-08 -0.180886 0.548282
-203 22.6865 -183.68 0.656273 0.108836 6.41932e-08 -0.180886 0.548282
-193 26.1865 -182.525 0.583324 0.135504 -0.190094 0.4345 0.329252
-199 29.6865 -190.608 0.595011 0.143397 -0.190094 0.4345 0.329252
-209 26.1865 -191.762 0.5945 0.155469 -0.190094 0.4345 0.329252
-193 26.1865 -182.525 0.583324 0.135504 -0.190094 0.4345 0.329252
-209 26.1865 -191.762 0.5945 0.155469 -0.190094 0.4345 0.329252
-203 22.6865 -183.68 0.582812 0.147577 -0.190094 0.4345 0.329252
-193 26.1865 -182.525 0.583324 0.135504 0 0.529813 0.229416
-187 29.6865 -190.608 0.595011 0.127531 0 0.529813 0.229416
-199 29.6865 -190.608 0.595011 0.143397 0 0.529813 0.229416
-187 29.6865 -190.608 0.595011 0.127531 0 0.57735 -0
-193 29.6865 -201 0.607584 0.134124 0 0.57735 -0
-199 29.6865 -190.608 0.595011 0.143397 0 0.57735 -0
-193 29.6865 -201 0.607584 0.134124 0 0.57735 -0
-187 29.6865 -190.608 0.595011 0.127531 0 0.57735 -0
-181 29.6865 -201 0.607584 0.118258 0 0.57735 -0
-193 29.6865 -201 0.607584 0.134124 0 0.57735 -0
-181 29.6865 -201 0.607584 0.118258 0 0.57735 -0
-187 29.6865 -211.392 0.620156 0.124852 0 0.57735 -0
-193 29.6865 -201 0.607584 0.134124 0 0.57735 -0
-187 29.6865 -211.392 0.620156 0.124852 0 0.57735 -0
-199 29.6865 -211.392 0.620156 0.140718 0 0.57735 -0
-193 29.6865 -201 0.607584 0.134124 0 0.57735 -0
-199 29.6865 -211.392 0.620156 0.140718 0 0.57735 -0
-205 29.6865 -201 0.607584 0.14999 1.10379e-07 0.57735 -0
-193 29.6865 -201 0.607584 0.134124 0 0.57735 -0
-205 29.6865 -201 0.607584 0.14999 1.10379e-07 0.57735 -0
-199 29.6865 -190.608 0.595011 0.143397 0 0.57735 -0
-183.2 22.6916 -184.026 0.643355 0.0876681 -0.20415 0.408196 -0.353599
-183.247 12.9668 -195.369 0.625763 0.097689 -0.20415 0.408196 -0.353599
-193 3.08652 -201 0.620156 0.117487 -0.20415 0.408196 -0.353599
-183.2 22.6916 -184.026 0.643355 0.0876681 -0.20415 0.408196 -0.353599
-193 3.08652 -201 0.620156 0.117487 -0.20415 0.408196 -0.353599
-193 12.9668 -189.738 0.637748 0.107466 -0.20415 0.408196 -0.353599
-173.4 22.6916 -201 0.620319 0.079505 -0.431121 0.292426 -0.248908
-183.247 12.9668 -195.369 0.625763 0.097689 -0.431121 0.292426 -0.248908
-183.2 22.6916 -184.026 0.643355 0.0876681 -0.431121 0.292426 -0.248908
-177.312 26.0137 -191.943 0.634033 0.079505 -0.472915 0.187445 -0.273037
-173.4 22.6916 -201 0.620319 0.079505 -0.472915 0.187445 -0.273037
-183.2 22.6916 -184.026 0.643355 0.0876681 -0.472915 0.187445 -0.273037
-187.07 29.3121 -190.73 0.595011 0.127531 -0.187632 -0.43876 -0.324988
-177.312 26.0137 -191.943 0.5945 0.113159 -0.187632 -0.43876 -0.324988
-183.2 22.6916 -184.026 0.582812 0.121133 -0.187632 -0.43876 -0.324988
-187.07 29.3121 -190.73 0.595011 0.127531 -0.187632 -0.43876 -0.324988
-183.2 22.6916 -184.026 0.582812 0.121133 -0.187632 -0.43876 -0.324988
-193 26.0137 -182.885 0.583324 0.135504 -0.187632 -0.43876 -0.324988
-181.141 29.3121 -201 0.607584 0.118258 -0.193811 -0.532212 -0.111896
-177.312 26.0137 -191.943 0.5945 0.113159 -0.193811 -0.532212 -0.111896
-187.07 29.3121 -190.73 0.595011 0.127531 -0.193811 -0.532212 -0.111896
-173.4 22.6916 -201 0.682813 0.0816385 -0.4083 0.408196 -0
-183.247 12.9668 -206.631 0.669543 0.097247 -0.4083 0.408196 -0
-193 3.08652 -201 0.669543 0.116063 -0.4083 0.408196 -0
-173.4 22.6916 -201 0.682813 0.0816385 -0.4083 0.408196 -0
-193 3.08652 -201 0.669543 0.116063 -0.4083 0.408196 -0
-183.247 12.9668 -195.369 0.682813 0.100454 -0.4083 0.408196 -0
-183.2 22.6916 -217.974 0.656273 0.0816385 -0.431121 0.292426 0.248908
-183.247 12.9668 -206.631 0.669543 0.097247 -0.431121 0.292426 0.248908
-173.4 22.6916 -201 0.682813 0.0816385 -0.431121 0.292426 0.248908
-177.312 26.0137 -210.057 0.669543 0.0766566 -0.472915 0.187444 0.273037
-183.2 22.6916 -217.974 0.656273 0.0816385 -0.472915 0.187444 0.273037
-173.4 22.6916 -201 0.682813 0.0816385 -0.472915 0.187444 0.273037
-181.141 29.3121 -201 0.607584 0.118258 -0.375264 -0.43876 -0
-177.312 26.0137 -210.057 0.616851 0.110778 -0.375264 -0.43876 -0
-173.4 22.6916 -201 0.603767 0.105679 -0.375264 -0.43876 -0
-181.141 29.3121 -201 0.607584 0.118258 -0.375264 -0.43876 -0
-173.4 22.6916 -201 0.603767 0.105679 -0.375264 -0.43876 -0
-177.312 26.0137 -191.943 0.5945 0.113159 -0.375264 -0.43876 -0
-187.07 29.3121 -211.27 0.620156 0.124852 -0.19381 -0.532212 0.111897
-177.312 26.0137 -210.057 0.616851 0.110778 -0.19381 -0.532212 0.111897
-181.141 29.3121 -201 0.607584 0.118258 -0.19381 -0.532212 0.111897
-183.2 22.6916 -217.974 0.656273 0.0816385 -0.20415 0.408196 0.353599
-193 12.9668 -212.262 0.656273 0.100454 -0.20415 0.408196 0.353599
-193 3.08652 -201 0.669543 0.116063 -0.20415 0.408196 0.353599
-183.2 22.6916 -217.974 0.656273 0.0816385 -0.20415 0.408196 0.353599
-193 3.08652 -201 0.669543 0.116063 -0.20415 0.408196 0.353599
-183.247 12.9668 -206.631 0.669543 0.097247 -0.20415 0.408196 0.353599
-202.8 22.6916 -217.974 0.643355 0.12565 6.2269e-08 0.292426 0.497816
-193 12.9668 -212.262 0.637748 0.145448 6.2269e-08 0.292426 0.497816
-183.2 22.6916 -217.974 0.656273 0.146818 6.2269e-08 0.292426 0.497816
-193 26.0137 -219.115 0.653208 0.13313 6.98191e-08 0.187444 0.546075
-202.8 22.6916 -217.974 0.643355 0.12565 6.98191e-08 0.187444 0.546075
-183.2 22.6916 -217.974 0.656273 0.146818 6.98191e-08 0.187444 0.546075
-187.07 29.3121 -211.27 0.60358 0.0946957 -0.187632 -0.43876 0.324988
-193 26.0137 -219.115 0.589665 0.0931267 -0.187632 -0.43876 0.324988
-183.2 22.6916 -217.974 0.594584 0.10411 -0.187632 -0.43876 0.324988
-187.07 29.3121 -211.27 0.60358 0.0946957 -0.187632 -0.43876 0.324988
-183.2 22.6916 -217.974 0.594584 0.10411 -0.187632 -0.43876 0.324988
-177.312 26.0137 -210.057 0.608499 0.105679 -0.187632 -0.43876 0.324988
-198.93 29.3121 -211.27 0.596518 0.080574 0 -0.532212 0.223793
-193 26.0137 -219.115 0.589665 0.0931267 0 -0.532212 0.223793
-187.07 29.3121 -211.27 0.60358 0.0946957 0 -0.532212 0.223793
-202.8 22.6916 -217.974 0.643355 0.12565 0.20415 0.408196 0.353599
-202.753 12.9668 -206.631 0.625763 0.135671 0.20415 0.408196 0.353599
-193 3.08652 -201 0.620156 0.155469 0.20415 0.408196 0.353599
-202.8 22.6916 -217.974 0.643355 0.12565 0.20415 0.408196 0.353599
-193 3.08652 -201 0.620156 0.155469 0.20415 0.408196 0.353599
-193 12.9668 -212.262 0.637748 0.145448 0.20415 0.408196 0.353599
-212.6 22.6916 -201 0.620319 0.117487 0.431121 0.292426 0.248908
-202.753 12.9668 -206.631 0.625763 0.135671 0.431121 0.292426 0.248908
-202.8 22.6916 -217.974 0.643355 0.12565 0.431121 0.292426 0.248908
-208.688 26.0137 -210.057 0.634033 0.117487 0.472915 0.187445 0.273037
-212.6 22.6916 -201 0.620319 0.117487 0.472915 0.187445 0.273037
-202.8 22.6916 -217.974 0.643355 0.12565 0.472915 0.187445 0.273037
-198.93 29.3121 -211.27 0.596518 0.080574 0.187632 -0.43876 0.324988
-208.688 26.0137 -210.057 0.589665 0.0680214 0.187632 -0.43876 0.324988
-202.8 22.6916 -217.974 0.582812 0.080574 0.187632 -0.43876 0.324988
-198.93 29.3121 -211.27 0.596518 0.080574 0.187632 -0.43876 0.324988
-202.8 22.6916 -217.974 0.582812 0.080574 0.187632 -0.43876 0.324988
-193 26.0137 -219.115 0.589665 0.0931267 0.187632 -0.43876 0.324988
-204.859 29.3121 -201 0.60358 0.0664523 0.19381 -0.532212 0.111896
-208.688 26.0137 -210.057 0.589665 0.0680214 0.19381 -0.532212 0.111896
-198.93 29.3121 -211.27 0.596518 0.080574 0.19381 -0.532212 0.111896
-212.6 22.6916 -201 0.682813 0.121045 0.4083 0.408196 -0
-202.753 12.9668 -195.369 0.669543 0.136653 0.4083 0.408196 -0
-193 3.08652 -201 0.669543 0.155469 0.4083 0.408196 -0
-212.6 22.6916 -201 0.682813 0.121045 0.4083 0.408196 -0
-193 3.08652 -201 0.669543 0.155469 0.4083 0.408196 -0
-202.753 12.9668 -206.631 0.682813 0.13986 0.4083 0.408196 -0
-202.8 22.6916 -184.026 0.656273 0.121045 0.431121 0.292426 -0.248908
-202.753 12.9668 -195.369 0.669543 0.136653 0.431121 0.292426 -0.248908
-212.6 22.6916 -201 0.682813 0.121045 0.431121 0.292426 -0.248908
-208.688 26.0137 -191.943 0.669543 0.116063 0.472915 0.187445 -0.273037
-202.8 22.6916 -184.026 0.656273 0.121045 0.472915 0.187445 -0.273037
-212.6 22.6916 -201 0.682813 0.121045 0.472915 0.187445 -0.273037
-204.859 29.3121 -201 0.60358 0.0664523 0.375264 -0.43876 -0
-208.688 26.0137 -191.943 0.608499 0.0554687 0.375264 -0.43876 -0
-212.6 22.6916 -201 0.594584 0.0570378 0.375264 -0.43876 -0
-204.859 29.3121 -201 0.60358 0.0664523 0.375264 -0.43876 -0
-212.6 22.6916 -201 0.594584 0.0570378 0.375264 -0.43876 -0
-208.688 26.0137 -210.057 0.589665 0.0680214 0.375264 -0.43876 -0
-198.93 29.3121 -190.73 0.595011 0.143397 0.19381 -0.532212 -0.111897
-208.688 26.0137 -191.943 0.5945 0.155469 0.19381 -0.532212 -0.111897
-204.859 29.3121 -201 0.607584 0.14999 0.19381 -0.532212 -0.111897
-202.8 22.6916 -184.026 0.656273 0.121045 0.20415 0.408196 -0.353599
-193 12.9668 -189.738 0.656273 0.13986 0.20415 0.408196 -0.353599
-193 3.08652 -201 0.669543 0.155469 0.20415 0.408196 -0.353599
-202.8 22.6916 -184.026 0.656273 0.121045 0.20415 0.408196 -0.353599
-193 3.08652 -201 0.669543 0.155469 0.20415 0.408196 -0.353599
-202.753 12.9668 -195.369 0.669543 0.136653 0.20415 0.408196 -0.353599
-183.2 22.6916 -184.026 0.643355 0.0876681 -6.2269e-08 0.292426 -0.497816
-193 12.9668 -189.738 0.637748 0.107466 -6.2269e-08 0.292426 -0.497816
-202.8 22.6916 -184.026 0.656273 0.108836 -6.2269e-08 0.292426 -0.497816
-193 26.0137 -182.885 0.653208 0.0951482 -6.98191e-08 0.187444 -0.546075
-183.2 22.6916 -184.026 0.643355 0.0876681 -6.98191e-08 0.187444 -0.546075
-202.8 22.6916 -184.026 0.656273 0.108836 -6.98191e-08 0.187444 -0.546075
-198.93 29.3121 -190.73 0.595011 0.143397 0.187632 -0.43876 -0.324988
-193 26.0137 -182.885 0.583324 0.135504 0.187632 -0.43876 -0.324988
-202.8 22.6916 -184.026 0.582812 0.147577 0.187632 -0.43876 -0.324988
-198.93 29.3121 -190.73 0.595011 0.143397 0.187632 -0.43876 -0.324988
-202.8 22.6916 -184.026 0.582812 0.147577 0.187632 -0.43876 -0.324988
-208.688 26.0137 -191.943 0.5945 0.155469 0.187632 -0.43876 -0.324988
-187.07 29.3121 -190.73 0.595011 0.127531 0 -0.532212 -0.223793
-193 26.0137 -182.885 0.583324 0.135504 0 -0.532212 -0.223793
-198.93 29.3121 -190.73 0.595011 0.143397 0 -0.532212 -0.223793
-193 29.2865 -201 0.607584 0.134124 0 -0.577348 0.00143699
-187.07 29.3121 -190.73 0.595011 0.127531 0 -0.577348 0.00143699
-198.93 29.3121 -190.73 0.595011 0.143397 0 -0.577348 0.00143699
-187.07 29.3121 -190.73 0.595011 0.127531 0 -0.577348 0.00143699
-193 29.2865 -201 0.607584 0.134124 0 -0.577348 0.00143699
-181.141 29.3121 -201 0.607584 0.118258 0.0012445 -0.577348 0.000718494
-181.141 29.3121 -201 0.607584 0.118258 0.0012445 -0.577348 0.000718494
-193 29.2865 -201 0.607584 0.134124 0 -0.577348 0.00143699
-187.07 29.3121 -211.27 0.620156 0.124852 0.0012445 -0.577348 -0.000718494
-187.07 29.3121 -211.27 0.620156 0.124852 0.0012445 -0.577348 -0.000718494
-193 29.2865 -201 0.607584 0.134124 0 -0.577348 0.00143699
-198.93 29.3121 -211.27 0.620156 0.140718 0 -0.577348 -0.00143699
-198.93 29.3121 -211.27 0.620156 0.140718 0 -0.577348 -0.00143699
-193 29.2865 -201 0.607584 0.134124 0 -0.577348 0.00143699
-204.859 29.3121 -201 0.607584 0.14999 -0.00124455 -0.577348 -0.000718494
-204.859 29.3121 -201 0.607584 0.14999 -0.00124455 -0.577348 -0.000718494
-193 29.2865 -201 0.607584 0.134124 0 -0.577348 0.00143699
-198.93 29.3121 -190.73 0.595011 0.143397 0 -0.577348 0.00143699
