Vertex Count: 288

Data:

-260 12.6865 60.7735 0.625763 0.097689 0.204124 -0.408248 0.353553
-260 22.6865 72.3205 0.643355 0.0876681 0.204124 -0.408248 0.353553
-270 12.6865 66.547 0.637748 0.107466 0.204124 -0.408248 0.353553
-260 12.6865 60.7735 0.625763 0.097689 0.204124 -0.408248 0.353553
-270 12.6865 66.547 0.637748 0.107466 0.204124 -0.408248 0.353553
-270 2.68652 55 0.620156 0.117487 0.204124 -0.408248 0.353553
-260 12.6865 60.7735 0.625763 0.097689 0.433013 -0.288675 0.25
-250 22.6865 55 0.620319 0.079505 0.433013 -0.288675 0.25
-260 22.6865 72.3205 0.643355 0.0876681 0.433013 -0.288675 0.25
-250 22.6865 55 0.620319 0.079505 0.474826 -0.180886 0.274141
-254 26.1865 64.2376 0.634033 0.079505 0.474826 -0.180886 0.274141
-260 22.6865 72.3205 0.643355 0.0876681 0.474826 -0.180886 0.274141
-254 26.1865 64.2376 0.5945 0.113159 0.190094 0.4345 0.329252
-264 29.6865 65.3923 0.595011 0.127531 0.190094 0.4345 0.329252
-270 26.1865 73.4752 0.583324 0.135504 0.190094 0.4345 0.329252
-254 26.1865 64.2376 0.5945 0.113159 0.190094 0.4345 0.329252
-270 26.1865 73.4752 0.583324 0.135504 0.190094 0.4345 0.329252
-260 22.6865 72.3205 0.582812 0.121133 0.190094 0.4345 0.329252
-254 26.1865 64.2376 0.5945 0.113159 0.19868 0.529813 0.114708
-258 29.6865 55 0.607584 0.118258 0.19868 0.529813 0.114708
-264 29.6865 65.3923 0.595011 0.127531 0.19868 0.529813 0.114708
-260 12.6865 49.2265 0.669543 0.097247 0.408248 -0.408248 -8.42937e-08
-250 22.6865 55 0.682813 0.0816385 0.408248 -0.408248 -8.42937e-08
-260 12.6865 60.7735 0.682813 0.100454 0.408248 -0.408248 -8.42937e-08
-260 12.6865 49.2265 0.669543 0.097247 0.408248 -0.408248 -8.42937e-08
-260 12.6865 60.7735 0.682813 0.100454 0.408248 -0.408248 -8.42937e-08
-270 2.68652 55 0.669543 0.116063 0.408248 -0.408248 -8.42937e-08
-260 12.6865 49.2265 0.669543 0.097247 0.433013 -0.288675 -0.25
-260 22.6865 37.6795 0.656273 0.0816385 0.433013 -0.288675 -0.25
-250 22.6865 55 0.682813 0.0816385 0.433013 -0.288675 -0.25
-260 22.6865 37.6795 0.656273 0.0816385 0.474826 -0.180886 -0.274141
-254 26.1865 45.7624 0.669543 0.0766566 0.474826 -0.180886 -0.274141
-250 22.6865 55 0.682813 0.0816385 0.474826 -0.180886 -0.274141
-254 26.1865 45.7624 0.616851 0.110778 0.380188 0.4345 -7.00892e-08
-258 29.6865 55 0.607584 0.118258 0.380188 0.4345 -7.00892e-08
-254 26.1865 64.2376 0.5945 0.113159 0.380188 0.4345 -7.00892e-08
-254 26.1865 45.7624 0.616851 0.110778 0.380188 0.4345 -7.00892e-08
-254 26.1865 64.2376 0.5945 0.113159 0.380188 0.4345 -7.00892e-08
-250 22.6865 55 0.603767 0.105679 0.380188 0.4345 -7.00892e-08
-254 26.1865 45.7624 0.616851 0.110778 0.19868 0.529813 -0.114708
-264 29.6865 44.6077 0.620156 0.124852 0.19868 0.529813 -0.114708
-258 29.6865 55 0.607584 0.118258 0.19868 0.529813 -0.114708
-270 12.6865 43.453 0.656273 0.100454 0.204124 -0.408248 -0.353553
-260 22.6865 37.6795 0.656273 0.0816385 0.204124 -0.408248 -0.353553
-260 12.6865 49.2265 0.669543 0.097247 0.204124 -0.408248 -0.353553
-270 12.6865 43.453 0.656273 0.100454 0.204124 -0.408248 -0.353553
-260 12.6865 49.2265 0.669543 0.097247 0.204124 -0.408248 -0.353553
-270 2.68652 55 0.669543 0.116063 0.204124 -0.408248 -0.353553
-270 12.6865 43.453 0.637748 0.145448 0 -0.288675 -0.5
-280 22.6865 37.6795 0.643355 0.12565 0 -0.288675 -0.5
-260 22.6865 37.6795 0.656273 0.146818 0 -0.288675 -0.5
-280 22.6865 37.6795 0.643355 0.12565 -6.41932e-08 -0.180886 -0.548282
-270 26.1865 36.5248 0.653208 0.13313 -6.41932e-08 -0.180886 -0.548282
-260 22.6865 37.6795 0.656273 0.146818 -6.41932e-08 -0.180886 -0.548282
-270 26.1865 36.5248 0.589665 0.0931267 0.190094 0.4345 -0.329252
-264 29.6865 44.6077 0.60358 0.0946957 0.190094 0.4345 -0.329252
-254 26.1865 45.7624 0.608499 0.105679 0.190094 0.4345 -0.329252
-270 26.1865 36.5248 0.589665 0.0931267 0.190094 0.4345 -0.329252
-254 26.1865 45.7624 0.608499 0.105679 0.190094 0.4345 -0.329252
-260 22.6865 37.6795 0.594584 0.10411 0.190094 0.4345 -0.329252
-270 26.1865 36.5248 0.589665 0.0931267 0 0.529813 -0.229416
-276 29.6865 44.6077 0.596518 0.080574 0 0.529813 -0.229416
-264 29.6865 44.6077 0.60358 0.0946957 0 0.529813 -0.229416
-280 12.6865 49.2265 0.625763 0.135671 -0.204124 -0.408248 -0.353553
-280 22.6865 37.6795 0.643355 0.12565 -0.204124 -0.408248 -0.353553
-270 12.6865 43.453 0.637748 0.145448 -0.204124 -0.408248 -0.353553
-280 12.6865 49.2265 0.625763 0.135671 -0.204124 -0.408248 -0.353553
-270 12.6865 43.453 0.637748 0.145448 -0.204124 -0.408248 -0.353553
-270 2.68652 55 0.620156 0.155469 -0.204124 -0.408248 -0.353553
-280 12.6865 49.2265 0.625763 0.135671 -0.433013 -0.288675 -0.25
-290 22.6865 55 0.620319 0.117487 -0.433013 -0.288675 -0.25
-280 22.6865 37.6795 0.643355 0.12565 -0.433013 -0.288675 -0.25
-290 22.6865 55 0.620319 0.117487 -0.474827 -0.180886 -0.274141
-286 26.1865 45.7624 0.634033 0.117487 -0.474827 -0.180886 -0.274141
-280 22.6865 37.6795 0.643355 0.12565 -0.474827 -0.180886 -0.274141
-286 26.1865 45.7624 0.589665 0.0680214 -0.190094 0.4345 -0.329252
-276 29.6865 44.6077 0.596518 0.080574 -0.190094 0.4345 -0.329252
-270 26.1865 36.5248 0.589665 0.0931267 -0.190094 0.4345 -0.329252
-286 26.1865 45.7624 0.589665 0.0680214 -0.190094 0.4345 -0.329252
-270 26.1865 36.5248 0.589665 0.0931267 -0.190094 0.4345 -0.329252
-280 22.6865 37.6795 0.582812 0.080574 -0.190094 0.4345 -0.329252
-286 26.1865 45.7624 0.589665 0.0680214 -0.19868 0.529813 -0.114708
-282 29.6865 55 0.60358 0.0664523 -0.19868 0.529813 -0.114708
-276 29.6865 44.6077 0.596518 0.080574 -0.19868 0.529813 -0.114708
-280 12.6865 60.7735 0.669543 0.136653 -0.408248 -0.408248 -0
-290 22.6865 55 0.682813 0.121045 -0.408248 -0.408248 -0
-280 12.6865 49.2265 0.682813 0.13986 -0.408248 -0.408248 -0
-280 12.6865 60.7735 0.669543 0.136653 -0.408248 -0.408248 -0
-280 12.6865 49.2265 0.682813 0.13986 -0.408248 -0.408248 -0
-270 2.68652 55 0.669543 0.155469 -0.408248 -0.408248 -0
-280 12.6865 60.7735 0.669543 0.136653 -0.433013 -0.288675 0.25
-280 22.6865 72.3205 0.656273 0.121045 -0.433013 -0.288675 0.25
-290 22.6865 55 0.682813 0.121045 -0.433013 -0.288675 0.25
-280 22.6865 72.3205 0.656273 0.121045 -0.474826 -0.180887 0.274141
-286 26.1865 64.2376 0.669543 0.116063 -0.474826 -0.180887 0.274141
-290 22.6865 55 0.682813 0.121045 -0.474826 -0.180887 0.274141
-286 26.1865 64.2376 0.608499 0.0554687 -0.380188 0.4345 8.76115e-08
-282 29.6865 55 0.60358 0.0664523 -0.380188 0.4345 8.76115e-08
-286 26.1865 45.7624 0.589665 0.0680214 -0.380188 0.4345 8.76115e-08
-286 26.1865 64.2376 0.608499 0.0554687 -0.380188 0.4345 8.76115e-08
-286 26.1865 45.7624 0.589665 0.0680214 -0.380188 0.4345 8.76115e-08
-290 22.6865 55 0.594584 0.0570378 -0.380188 0.4345 8.76115e-08
-286 26.1865 64.2376 0.5945 0.155469 -0.19868 0.529813 0.114708
-276 29.6865 65.3923 0.595011 0.143397 -0.19868 0.529813 0.114708
-282 29.6865 55 0.607584 0.14999 -0.19868 0.529813 0.114708
-270 12.6865 66.547 0.656273 0.13986 -0.204124 -0.408248 0.353553
-280 22.6865 72.3205 0.656273 0.121045 -0.204124 -0.408248 0.353553
-280 12.6865 60.7735 0.669543 0.136653 -0.204124 -0.408248 0.353553
-270 12.6865 66.547 0.656273 0.13986 -0.204124 -0.408248 0.353553
-280 12.6865 60.7735 0.669543 0.136653 -0.204124 -0.408248 0.353553
-270 2.68652 55 0.669543 0.155469 -0.204124 -0.408248 0.353553
-270 12.6865 66.547 0.637748 0.107466 0 -0.288675 0.5
-260 22.6865 72.3205 0.643355 0.0876681 0 -0.288675 0.5
-280 22.6865 72.3205 0.656273 0.108836 0 -0.288675 0.5
-260 22.6865 72.3205 0.643355 0.0876681 6.41932e-08 -0.180886 0.548282
-270 26.1865 73.4752 0.653208 0.0951482 6.41932e-08 -0.180886 0.548282
-280 22.6865 72.3205 0.656273 0.108836 6.41932e-08 -0.180886 0.548282
-270 26.1865 73.4752 0.583324 0.135504 -0.190094 0.4345 0.329252
-276 29.6865 65.3923 0.595011 0.143397 -0.190094 0.4345 0.329252
-286 26.1865 64.2376 0.5945 0.155469 -0.190094 0.4345 0.329252
-270 26.1865 73.4752 0.583324 0.135504 -0.190094 0.4345 0.329252
-286 26.1865 64.2376 0.5945 0.155469 -0.190094 0.4345 0.329252
-280 22.6865 72.3205 0.582812 0.147577 -0.190094 0.4345 0.329252
-270 26.1865 73.4752 0.583324 0.135504 0 0.529813 0.229416
-264 29.6865 65.3923 0.595011 0.127531 0 0.529813 0.229416
-276 29.6865 65.3923 0.595011 0.143397 0 0.529813 0.229416
-264 29.6865 65.3923 0.595011 0.127531 0 0.57735 -0
-270 29.6865 55 0.607584 0.134124 0 0.57735 -0
-276 29.6865 65.3923 0.595011 0.143397 0 0.57735 -0
-270 29.6865 55 0.607584 0.134124 0 0.57735 -0
-264 29.6865 65.3923 0.595011 0.127531 0 0.57735 -0
-258 29.6865 55 0.607584 0.118258 0 0.57735 -0
-270 29.6865 55 0.607584 0.134124 0 0.57735 -0
-258 29.6865 55 0.607584 0.118258 0 0.57735 -0
-264 29.6865 44.6077 0.620156 0.124852 0 0.57735 -0
-270 29.6865 55 0.607584 0.134124 0 0.57735 -0
-264 29.6865 44.6077 0.620156 0.124852 0 0.57735 -0
-276 29.6865 44.6077 0.620156 0.140718 0 0.57735 -0
-270 29.6865 55 0.607584 0.134124 0 0.57735 -0
-276 29.6865 44.6077 0.620156 0.140718 0 0.57735 -0
-282 29.6865 55 0.607584 0.14999 1.10379e-07 0.57735 -0
-270 29.6865 55 0.607584 0.134124 0 0.57735 -0
-282 29.6865 55 0.607584 0.14999 1.10379e-07 0.57735 -0
-276 29.6865 65.3923 0.595011 0.143397 0 0.57735 -0
-260.2 22.6916 71.9741 0.643355 0.0876681 -0.20415 0.408196 -0.353599
-260.247 12.9668 60.6308 0.625763 0.097689 -0.20415 0.408196 -0.353599
-270 3.08652 55 0.620156 0.117487 -0.20415 0.408196 -0.353599
-260.2 22.6916 71.9741 0.643355 0.0876681 -0.20415 0.408196 -0.353599
-270 3.08652 55 0.620156 0.117487 -0.20415 0.408196 -0.353599
-270 12.9668 66.2616 0.637748 0.107466 -0.20415 0.408196 -0.353599
-250.4 22.6916 55 0.620319 0.079505 -0.431121 0.292426 -0.248908
-260.247 12.9668 60.6308 0.625763 0.097689 -0.431121 0.292426 -0.248908
-260.2 22.6916 71.9741 0.643355 0.0876681 -0.431121 0.292426 -0.248908
-254.312 26.0137 64.0572 0.634033 0.079505 -0.472915 0.187445 -0.273037
-250.4 22.6916 55 0.620319 0.079505 -0.472915 0.187445 -0.273037
-260.2 22.6916 71.9741 0.643355 0.0876681 -0.472915 0.187445 -0.273037
-264.07 29.3121 65.2705 0.595011 0.127531 -0.187632 -0.43876 -0.324988
-254.312 26.0137 64.0572 0.5945 0.113159 -0.187632 -0.43876 -0.324988
-260.2 22.6916 71.9741 0.582812 0.121133 -0.187632 -0.43876 -0.324988
-264.07 29.3121 65.2705 0.595011 0.127531 -0.187632 -0.43876 -0.324988
-260.2 22.6916 71.9741 0.582812 0.121133 -0.187632 -0.43876 -0.324988
-270 26.0137 73.1145 0.583324 0.135504 -0.187632 -0.43876 -0.324988
-258.141 29.3121 55 0.607584 0.118258 -0.193811 -0.532212 -0.111896
-254.312 26.0137 64.0572 0.5945 0.113159 -0.193811 -0.532212 -0.111896
-264.07 29.3121 65.2705 0.595011 0.127531 -0.193811 -0.532212 -0.111896
-250.4 22.6916 55 0.682813 0.0816385 -0.4083 0.408196 -0
-260.247 12.9668 49.3692 0.669543 0.097247 -0.4083 0.408196 -0
-270 3.08652 55 0.669543 0.116063 -0.4083 0.408196 -0
-250.4 22.6916 55 0.682813 0.0816385 -0.4083 0.408196 -0
-270 3.08652 55 0.669543 0.116063 -0.4083 0.408196 -0
-260.247 12.9668 60.6308 0.682813 0.100454 -0.4083 0.408196 -0
-260.2 22.6916 38.0259 0.656273 0.0816385 -0.431121 0.292426 0.248908
-260.247 12.9668 49.3692 0.669543 0.097247 -0.431121 0.292426 0.248908
-250.4 22.6916 55 0.682813 0.0816385 -0.431121 0.292426 0.248908
-254.312 26.0137 45.9428 0.669543 0.0766566 -0.472915 0.187444 0.273037
-260.2 22.6916 38.0259 0.656273 0.0816385 -0.472915 0.187444 0.273037
-250.4 22.6916 55 0.682813 0.0816385 -0.472915 0.187444 0.273037
-258.141 29.3121 55 0.607584 0.118258 -0.375264 -0.43876 -0
-254.312 26.0137 45.9428 0.616851 0.110778 -0.375264 -0.43876 -0
-250.4 22.6916 55 0.603767 0.105679 -0.375264 -0.43876 -0
-258.141 29.3121 55 0.607584 0.118258 -0.375264 -0.43876 -0
-250.4 22.6916 55 0.603767 0.105679 -0.375264 -0.43876 -0
-254.312 26.0137 64.0572 0.5945 0.113159 -0.375264 -0.43876 -0
-264.07 29.3121 44.7295 0.620156 0.124852 -0.19381 -0.532212 0.111897
-254.312 26.0137 45.9428 0.616851 0.110778 -0.19381 -0.532212 0.111897
-258.141 29.3121 55 0.607584 0.118258 -0.19381 -0.532212 0.111897
-260.2 22.6916 38.0259 0.656273 0.0816385 -0.20415 0.408196 0.353599
-270 12.9668 43.7384 0.656273 0.100454 -0.20415 0.408196 0.353599
-270 3.08652 55 0.669543 0.116063 -0.20415 0.408196 0.353599
-260.2 22.6916 38.0259 0.656273 0.0816385 -0.20415 0.408196 0.353599
-270 3.08652 55 0.669543 0.116063 -0.20415 0.408196 0.353599
-260.247 12.9668 49.3692 0.669543 0.097247 -0.20415 0.408196 0.353599
-279.8 22.6916 38.0259 0.643355 0.12565 6.2269e-08 0.292426 0.497816
-270 12.9668 43.7384 0.637748 0.145448 6.2269e-08 0.292426 0.497816
-260.2 22.6916 38.0259 0.656273 0.146818 6.2269e-08 0.292426 0.497816
-270 26.0137 36.8855 0.653208 0.13313 6.98191e-08 0.187444 0.546075
-279.8 22.6916 38.0259 0.643355 0.12565 6.98191e-08 0.187444 0.546075
-260.2 22.6916 38.0259 0.656273 0.146818 6.98191e-08 0.187444 0.546075
-264.07 29.3121 44.7295 0.60358 0.0946957 -0.187632 -0.43876 0.324988
-270 26.0137 36.8855 0.589665 0.0931267 -0.187632 -0.43876 0.324988
-260.2 22.6916 38.0259 0.594584 0.10411 -0.187632 -0.43876 0.324988
-264.07 29.3121 44.7295 0.60358 0.0946957 -0.187632 -0.43876 0.324988
-260.2 22.6916 38.0259 0.594584 0.10411 -0.187632 -0.43876 0.324988
-254.312 26.0137 45.9428 0.608499 0.105679 -0.187632 -0.43876 0.324988
-275.93 29.3121 44.7295 0.596518 0.080574 0 -0.532212 0.223793
-270 26.0137 36.8855 0.589665 0.0931267 0 -0.532212 0.223793
-264.07 29.3121 44.7295 0.60358 0.0946957 0 -0.532212 0.223793
-279.8 22.6916 38.0259 0.643355 0.12565 0.20415 0.408196 0.353599
-279.753 12.9668 49.3692 0.625763 0.135671 0.20415 0.408196 0.353599
-270 3.08652 55 0.620156 0.155469 0.20415 0.408196 0.353599
-279.8 22.6916 38.0259 0.643355 0.12565 0.20415 0.408196 0.353599
-270 3.08652 55 0.620156 0.155469 0.20415 0.408196 0.353599
-270 12.9668 43.7384 0.637748 0.145448 0.20415 0.408196 0.353599
-289.6 22.6916 55 0.620319 0.117487 0.431121 0.292426 0.248908
-279.753 12.9668 49.3692 0.625763 0.135671 0.431121 0.292426 0.248908
-279.8 22.6916 38.0259 0.643355 0.12565 0.431121 0.292426 0.248908
-285.688 26.0137 45.9428 0.634033 0.117487 0.472915 0.187445 0.273037
-289.6 22.6916 55 0.620319 0.117487 0.472915 0.187445 0.273037
-279.8 22.6916 38.0259 0.643355 0.12565 0.472915 0.187445 0.273037
-275.93 29.3121 44.7295 0.596518 0.080574 0.187632 -0.43876 0.324988
-285.688 26.0137 45.9428 0.589665 0.0680214 0.187632 -0.43876 0.324988
-279.8 22.6916 38.0259 0.582812 0.080574 0.187632 -0.43876 0.324988
-275.93 29.3121 44.7295 0.596518 0.080574 0.187632 -0.43876 0.324988
-279.8 22.6916 38.0259 0.582812 0.080574 0.187632 -0.43876 0.324988
-270 26.0137 36.8855 0.589665 0.0931267 0.187632 -0.43876 0.324988
-281.859 29.3121 55 0.60358 0.0664523 0.19381 -0.532212 0.111896
-285.688 26.0137 45.9428 0.589665 0.0680214 0.19381 -0.532212 0.111896
-275.93 29.3121 44.7295 0.596518 0.080574 0.19381 -0.532212 0.111896
-289.6 22.6916 55 0.682813 0.121045 0.4083 0.408196 -0
-279.753 12.9668 60.6308 0.669543 0.136653 0.4083 0.408196 -0
-270 3.08652 55 0.669543 0.155469 0.4083 0.408196 -0
-289.6 22.6916 55 0.682813 0.121045 0.4083 0.408196 -0
-270 3.08652 55 0.669543 0.155469 0.4083 0.408196 -0
-279.753 12.9668 49.3692 0.682813 0.13986 0.4083 0.408196 -0
-279.8 22.6916 71.9741 0.656273 0.121045 0.431121 0.292426 -0.248908
-279.753 12.9668 60.6308 0.669543 0.136653 0.431121 0.292426 -0.248908
-289.6 22.6916 55 0.682813 0.121045 0.431121 0.292426 -0.248908
-285.688 26.0137 64.0572 0.669543 0.116063 0.472915 0.187445 -0.273037
-279.8 22.6916 71.9741 0.656273 0.121045 0.472915 0.187445 -0.273037
-289.6 22.6916 55 0.682813 0.121045 0.472915 0.187445 -0.273037
-281.859 29.3121 55 0.60358 0.0664523 0.375264 -0.43876 -0
-285.688 26.0137 64.0572 0.608499 0.0554687 0.375264 -0.43876 -0
-289.6 22.6916 55 0.594584 0.0570378 0.375264 -0.43876 -0
-281.859 29.3121 55 0.60358 0.0664523 0.375264 -0.43876 -0
-289.6 22.6916 55 0.594584 0.0570378 0.375264 -0.43876 -0
-285.688 26.0137 45.9428 0.589665 0.0680214 0.375264 -0.43876 -0
-275.93 29.3121 65.2705 0.595011 0.143397 0.19381 -0.532212 -0.111897
-285.688 26.0137 64.0572 0.5945 0.155469 0.19381 -0.532212 -0.111897
-281.859 29.3121 55 0.607584 0.14999 0.19381 -0.532212 -0.111897
-279.8 22.6916 71.9741 0.656273 0.121045 0.20415 0.408196 -0.353599
-270 12.9668 66.2616 0.656273 0.13986 0.20415 0.408196 -0.353599
-270 3.08652 55 0.669543 0.155469 0.20415 0.408196 -0.353599
-279.8 22.6916 71.9741 0.656273 0.121045 0.20415 0.408196 -0.353599
-270 3.08652 55 0.669543 0.155469 0.20415 0.408196 -0.353599
-279.753 12.9668 60.6308 0.669543 0.136653 0.20415 0.408196 -0.353599
-260.2 22.6916 71.9741 0.643355 0.0876681 -6.2269e-08 0.292426 -0.497816
-270 12.9668 66.2616 0.637748 0.107466 -6.2269e-08 0.292426 -0.497816
-279.8 22.6916 71.9741 0.656273 0.108836 -6.2269e-08 0.292426 -0.497816
-270 26.0137 73.1145 0.653208 0.0951482 -6.98191e-08 0.187444 -0.546075
-260.2 22.6916 71.9741 0.643355 0.0876681 -6.98191e-08 0.187444 -0.546075
-279.8 22.6916 71.9741 0.656273 0.108836 -6.98191e-08 0.187444 -0.546075
-275.93 29.3121 65.2705 0.595011 0.143397 0.187632 -0.43876 -0.324988
-270 26.0137 73.1145 0.583324 0.135504 0.187632 -0.43876 -0.324988
-279.8 22.6916 71.9741 0.582812 0.147577 0.187632 -0.43876 -0.324988
-275.93 29.3121 65.2705 0.595011 0.143397 0.187632 -0.43876 -0.324988
-279.8 22.6916 71.9741 0.582812 0.147577 0.187632 -0.43876 -0.324988
-285.688 26.0137 64.0572 0.5945 0.155469 0.187632 -0.43876 -0.324988
-264.07 29.3121 65.2705 0.595011 0.127531 0 -0.532212 -0.223793
-270 26.0137 73.1145 0.583324 0.135504 0 -0.532212 -0.223793
-275.93 29.3121 65.2705 0.595011 0.143397 0 -0.532212 -0.223793
-270 29.2865 55 0.607584 0.134124 0 -0.577348 0.00143699
-264.07 29.3121 65.2705 0.595011 0.127531 0 -0.577348 0.00143699
-275.93 29.3121 65.2705 0.595011 0.143397 0 -0.577348 0.00143699
-264.07 29.3121 65.2705 0.595011 0.127531 0 -0.577348 0.00143699
-270 29.2865 55 0.607584 0.134124 0 -0.577348 0.00143699
-258.141 29.3121 55 0.607584 0.118258 0.0012445 -0.577348 0.000718494
-258.141 29.3121 55 0.607584 0.118258 0.0012445 -0.577348 0.000718494
-270 29.2865 55 0.607584 0.134124 0 -0.577348 0.00143699
-264.07 29.3121 44.7295 0.620156 0.124852 0.0012445 -0.577348 -0.000718494
-264.07 29.3121 44.7295 0.620156 0.124852 0.0012445 -0.577348 -0.000718494
-270 29.2865 55 0.607584 0.134124 0 -0.577348 0.00143699
-275.93 29.3121 44.7295 0.620156 0.140718 0 -0.577348 -0.00143699
-275.93 29.3121 44.7295 0.620156 0.140718 0 -0.577348 -0.00143699
-270 29.2865 55 0.607584 0.134124 0 -0.577348 0.00143699
-281.859 29.3121 55 0.607584 0.14999 -0.00124455 -0.577348 -0.000718494
-281.859 29.3121 55 0.607584 0.14999 -0.00124455 -0.577348 -0.000718494
-270 29.2865 55 0.607584 0.134124 0 -0.577348 0.00143699
-275.93 29.3121 65.2705 0.595011 0.143397 0 -0.577348 0.00143699
