Vertex Count: 288

Data:

-272 12.6865 -90.2265 0.625763 0.097689 0.204124 -0.408248 0.353553
-272 22.6865 -78.6795 0.643355 0.0876681 0.204124 -0.408248 0.353553
-282 12.6865 -84.453 0.637748 0.107466 0.204124 -0.408248 0.353553
-272 12.6865 -90.2265 0.625763 0.097689 0.204124 -0.408248 0.353553
-282 12.6865 -84.453 0.637748 0.107466 0.204124 -0.408248 0.353553
-282 2.68652 -96 0.620156 0.117487 0.204124 -0.408248 0.353553
-272 12.6865 -90.2265 0.625763 0.097689 0.433013 -0.288675 0.25
-262 22.6865 -96 0.620319 0.079505 0.433013 -0.288675 0.25
-272 22.6865 -78.6795 0.643355 0.0876681 0.433013 -0.288675 0.25
-262 22.6865 -96 0.620319 0.079505 0.474826 -0.180886 0.274141
-266 26.1865 -86.7624 0.634033 0.079505 0.474826 -0.180886 0.274141
-272 22.6865 -78.6795 0.643355 0.0876681 0.474826 -0.180886 0.274141
-266 26.1865 -86.7624 0.5945 0.113159 0.190094 0.4345 0.329252
-276 29.6865 -85.6077 0.595011 0.127531 0.190094 0.4345 0.329252
-282 26.1865 -77.5248 0.583324 0.135504 0.190094 0.4345 0.329252
-266 26.1865 -86.7624 0.5945 0.113159 0.190094 0.4345 0.329252
-282 26.1865 -77.5248 0.583324 0.135504 0.190094 0.4345 0.329252
-272 22.6865 -78.6795 0.582812 0.121133 0.190094 0.4345 0.329252
-266 26.1865 -86.7624 0.5945 0.113159 0.19868 0.529813 0.114708
-270 29.6865 -96 0.607584 0.118258 0.19868 0.529813 0.114708
-276 29.6865 -85.6077 0.595011 0.127531 0.19868 0.529813 0.114708
-272 12.6865 -101.773 0.669543 0.097247 0.408248 -0.408248 -8.42937e-08
-262 22.6865 -96 0.682813 0.0816385 0.408248 -0.408248 -8.42937e-08
-272 12.6865 -90.2265 0.682813 0.100454 0.408248 -0.408248 -8.42937e-08
-272 12.6865 -101.773 0.669543 0.097247 0.408248 -0.408248 -8.42937e-08
-272 12.6865 -90.2265 0.682813 0.100454 0.408248 -0.408248 -8.42937e-08
-282 2.68652 -96 0.669543 0.116063 0.408248 -0.408248 -8.42937e-08
-272 12.6865 -101.773 0.669543 0.097247 0.433013 -0.288675 -0.25
-272 22.6865 -113.321 0.656273 0.0816385 0.433013 -0.288675 -0.25
-262 22.6865 -96 0.682813 0.0816385 0.433013 -0.288675 -0.25
-272 22.6865 -113.321 0.656273 0.0816385 0.474826 -0.180886 -0.274141
-266 26.1865 -105.238 0.669543 0.0766566 0.474826 -0.180886 -0.274141
-262 22.6865 -96 0.682813 0.0816385 0.474826 -0.180886 -0.274141
-266 26.1865 -105.238 0.616851 0.110778 0.380188 0.4345 -7.00892e-08
-270 29.6865 -96 0.607584 0.118258 0.380188 0.4345 -7.00892e-08
-266 26.1865 -86.7624 0.5945 0.113159 0.380188 0.4345 -7.00892e-08
-266 26.1865 -105.238 0.616851 0.110778 0.380188 0.4345 -7.00892e-08
-266 26.1865 -86.7624 0.5945 0.113159 0.380188 0.4345 -7.00892e-08
-262 22.6865 -96 0.603767 0.105679 0.380188 0.4345 -7.00892e-08
-266 26.1865 -105.238 0.616851 0.110778 0.19868 0.529813 -0.114708
-276 29.6865 -106.392 0.620156 0.124852 0.19868 0.529813 -0.114708
-270 29.6865 -96 0.607584 0.118258 0.19868 0.529813 -0.114708
-282 12.6865 -107.547 0.656273 0.100454 0.204124 -0.408248 -0.353553
-272 22.6865 -113.321 0.656273 0.0816385 0.204124 -0.408248 -0.353553
-272 12.6865 -101.773 0.669543 0.097247 0.204124 -0.408248 -0.353553
-282 12.6865 -107.547 0.656273 0.100454 0.204124 -0.408248 -0.353553
-272 12.6865 -101.773 0.669543 0.097247 0.204124 -0.408248 -0.353553
-282 2.68652 -96 0.669543 0.116063 0.204124 -0.408248 -0.353553
-282 12.6865 -107.547 0.637748 0.145448 0 -0.288675 -0.5
-292 22.6865 -113.321 0.643355 0.12565 0 -0.288675 -0.5
-272 22.6865 -113.321 0.656273 0.146818 0 -0.288675 -0.5
-292 22.6865 -113.321 0.643355 0.12565 -6.41932e-08 -0.180886 -0.548282
-282 26.1865 -114.475 0.653208 0.13313 -6.41932e-08 -0.180886 -0.548282
-272 22.6865 -113.321 0.656273 0.146818 -6.41932e-08 -0.180886 -0.548282
-282 26.1865 -114.475 0.589665 0.0931267 0.190094 0.4345 -0.329252
-276 29.6865 -106.392 0.60358 0.0946957 0.190094 0.4345 -0.329252
-266 26.1865 -105.238 0.608499 0.105679 0.190094 0.4345 -0.329252
-282 26.1865 -114.475 0.589665 0.0931267 0.190094 0.4345 -0.329252
-266 26.1865 -105.238 0.608499 0.105679 0.190094 0.4345 -0.329252
-272 22.6865 -113.321 0.594584 0.10411 0.190094 0.4345 -0.329252
-282 26.1865 -114.475 0.589665 0.0931267 0 0.529813 -0.229416
-288 29.6865 -106.392 0.596518 0.080574 0 0.529813 -0.229416
-276 29.6865 -106.392 0.60358 0.0946957 0 0.529813 -0.229416
-292 12.6865 -101.773 0.625763 0.135671 -0.204124 -0.408248 -0.353553
-292 22.6865 -113.321 0.643355 0.12565 -0.204124 -0.408248 -0.353553
-282 12.6865 -107.547 0.637748 0.145448 -0.204124 -0.408248 -0.353553
-292 12.6865 -101.773 0.625763 0.135671 -0.204124 -0.408248 -0.353553
-282 12.6865 -107.547 0.637748 0.145448 -0.204124 -0.408248 -0.353553
-282 2.68652 -96 0.620156 0.155469 -0.204124 -0.408248 -0.353553
-292 12.6865 -101.773 0.625763 0.135671 -0.433013 -0.288675 -0.25
-302 22.6865 -96 0.620319 0.117487 -0.433013 -0.288675 -0.25
-292 22.6865 -113.321 0.643355 0.12565 -0.433013 -0.288675 -0.25
-302 22.6865 -96 0.620319 0.117487 -0.474827 -0.180886 -0.274141
-298 26.1865 -105.238 0.634033 0.117487 -0.474827 -0.180886 -0.274141
-292 22.6865 -113.321 0.643355 0.12565 -0.474827 -0.180886 -0.274141
-298 26.1865 -105.238 0.589665 0.0680214 -0.190094 0.4345 -0.329252
-288 29.6865 -106.392 0.596518 0.080574 -0.190094 0.4345 -0.329252
-282 26.1865 -114.475 0.589665 0.0931267 -0.190094 0.4345 -0.329252
-298 26.1865 -105.238 0.589665 0.0680214 -0.190094 0.4345 -0.329252
-282 26.1865 -114.475 0.589665 0.0931267 -0.190094 0.4345 -0.329252
-292 22.6865 -113.321 0.582812 0.080574 -0.190094 0.4345 -0.329252
-298 26.1865 -105.238 0.589665 0.0680214 -0.19868 0.529813 -0.114708
-294 29.6865 -96 0.60358 0.0664523 -0.19868 0.529813 -0.114708
-288 29.6865 -106.392 0.596518 0.080574 -0.19868 0.529813 -0.114708
-292 12.6865 -90.2265 0.669543 0.136653 -0.408248 -0.408248 -0
-302 22.6865 -96 0.682813 0.121045 -0.408248 -0.408248 -0
-292 12.6865 -101.773 0.682813 0.13986 -0.408248 -0.408248 -0
-292 12.6865 -90.2265 0.669543 0.136653 -0.408248 -0.408248 -0
-292 12.6865 -101.773 0.682813 0.13986 -0.408248 -0.408248 -0
-282 2.68652 -96 0.669543 0.155469 -0.408248 -0.408248 -0
-292 12.6865 -90.2265 0.669543 0.136653 -0.433013 -0.288675 0.25
-292 22.6865 -78.6795 0.656273 0.121045 -0.433013 -0.288675 0.25
-302 22.6865 -96 0.682813 0.121045 -0.433013 -0.288675 0.25
-292 22.6865 -78.6795 0.656273 0.121045 -0.474826 -0.180887 0.274141
-298 26.1865 -86.7624 0.669543 0.116063 -0.474826 -0.180887 0.274141
-302 22.6865 -96 0.682813 0.121045 -0.474826 -0.180887 0.274141
-298 26.1865 -86.7624 0.608499 0.0554687 -0.380188 0.4345 8.76115e-08
-294 29.6865 -96 0.60358 0.0664523 -0.380188 0.4345 8.76115e-08
-298 26.1865 -105.238 0.589665 0.0680214 -0.380188 0.4345 8.76115e-08
-298 26.1865 -86.7624 0.608499 0.0554687 -0.380188 0.4345 8.76115e-08
-298 26.1865 -105.238 0.589665 0.0680214 -0.380188 0.4345 8.76115e-08
-302 22.6865 -96 0.594584 0.0570378 -0.380188 0.4345 8.76115e-08
-298 26.1865 -86.7624 0.5945 0.155469 -0.19868 0.529813 0.114708
-288 29.6865 -85.6077 0.595011 0.143397 -0.19868 0.529813 0.114708
-294 29.6865 -96 0.607584 0.14999 -0.19868 0.529813 0.114708
-282 12.6865 -84.453 0.656273 0.13986 -0.204124 -0.408248 0.353553
-292 22.6865 -78.6795 0.656273 0.121045 -0.204124 -0.408248 0.353553
-292 12.6865 -90.2265 0.669543 0.136653 -0.204124 -0.408248 0.353553
-282 12.6865 -84.453 0.656273 0.13986 -0.204124 -0.408248 0.353553
-292 12.6865 -90.2265 0.669543 0.136653 -0.204124 -0.408248 0.353553
-282 2.68652 -96 0.669543 0.155469 -0.204124 -0.408248 0.353553
-282 12.6865 -84.453 0.637748 0.107466 0 -0.288675 0.5
-272 22.6865 -78.6795 0.643355 0.0876681 0 -0.288675 0.5
-292 22.6865 -78.6795 0.656273 0.108836 0 -0.288675 0.5
-272 22.6865 -78.6795 0.643355 0.0876681 6.41932e-08 -0.180886 0.548282
-282 26.1865 -77.5248 0.653208 0.0951482 6.41932e-08 -0.180886 0.548282
-292 22.6865 -78.6795 0.656273 0.108836 6.41932e-08 -0.180886 0.548282
-282 26.1865 -77.5248 0.583324 0.135504 -0.190094 0.4345 0.329252
-288 29.6865 -85.6077 0.595011 0.143397 -0.190094 0.4345 0.329252
-298 26.1865 -86.7624 0.5945 0.155469 -0.190094 0.4345 0.329252
-282 26.1865 -77.5248 0.583324 0.135504 -0.190094 0.4345 0.329252
-298 26.1865 -86.7624 0.5945 0.155469 -0.190094 0.4345 0.329252
-292 22.6865 -78.6795 0.582812 0.147577 -0.190094 0.4345 0.329252
-282 26.1865 -77.5248 0.583324 0.135504 0 0.529813 0.229416
-276 29.6865 -85.6077 0.595011 0.127531 0 0.529813 0.229416
-288 29.6865 -85.6077 0.595011 0.143397 0 0.529813 0.229416
-276 29.6865 -85.6077 0.595011 0.127531 0 0.57735 -0
-282 29.6865 -96 0.607584 0.134124 0 0.57735 -0
-288 29.6865 -85.6077 0.595011 0.143397 0 0.57735 -0
-282 29.6865 -96 0.607584 0.134124 0 0.57735 -0
-276 29.6865 -85.6077 0.595011 0.127531 0 0.57735 -0
-270 29.6865 -96 0.607584 0.118258 0 0.57735 -0
-282 29.6865 -96 0.607584 0.134124 0 0.57735 -0
-270 29.6865 -96 0.607584 0.118258 0 0.57735 -0
-276 29.6865 -106.392 0.620156 0.124852 0 0.57735 -0
-282 29.6865 -96 0.607584 0.134124 0 0.57735 -0
-276 29.6865 -106.392 0.620156 0.124852 0 0.57735 -0
-288 29.6865 -106.392 0.620156 0.140718 0 0.57735 -0
-282 29.6865 -96 0.607584 0.134124 0 0.57735 -0
-288 29.6865 -106.392 0.620156 0.140718 0 0.57735 -0
-294 29.6865 -96 0.607584 0.14999 1.10379e-07 0.57735 -0
-282 29.6865 -96 0.607584 0.134124 0 0.57735 -0
-294 29.6865 -96 0.607584 0.14999 1.10379e-07 0.57735 -0
-288 29.6865 -85.6077 0.595011 0.143397 0 0.57735 -0
-272.2 22.6916 -79.0259 0.643355 0.0876681 -0.20415 0.408196 -0.353599
-272.247 12.9668 -90.3692 0.625763 0.097689 -0.20415 0.408196 -0.353599
-282 3.08652 -96 0.620156 0.117487 -0.20415 0.408196 -0.353599
-272.2 22.6916 -79.0259 0.643355 0.0876681 -0.20415 0.408196 -0.353599
-282 3.08652 -96 0.620156 0.117487 -0.20415 0.408196 -0.353599
-282 12.9668 -84.7384 0.637748 0.107466 -0.20415 0.408196 -0.353599
-262.4 22.6916 -96 0.620319 0.079505 -0.431121 0.292426 -0.248908
-272.247 12.9668 -90.3692 0.625763 0.097689 -0.431121 0.292426 -0.248908
-272.2 22.6916 -79.0259 0.643355 0.0876681 -0.431121 0.292426 -0.248908
-266.312 26.0137 -86.9428 0.634033 0.079505 -0.472915 0.187445 -0.273037
-262.4 22.6916 -96 0.620319 0.079505 -0.472915 0.187445 -0.273037
-272.2 22.6916 -79.0259 0.643355 0.0876681 -0.472915 0.187445 -0.273037
-276.07 29.3121 -85.7295 0.595011 0.127531 -0.187632 -0.43876 -0.324988
-266.312 26.0137 -86.9428 0.5945 0.113159 -0.187632 -0.43876 -0.324988
-272.2 22.6916 -79.0259 0.582812 0.121133 -0.187632 -0.43876 -0.324988
-276.07 29.3121 -85.7295 0.595011 0.127531 -0.187632 -0.43876 -0.324988
-272.2 22.6916 -79.0259 0.582812 0.121133 -0.187632 -0.43876 -0.324988
-282 26.0137 -77.8855 0.583324 0.135504 -0.187632 -0.43876 -0.324988
-270.141 29.3121 -96 0.607584 0.118258 -0.193811 -0.532212 -0.111896
-266.312 26.0137 -86.9428 0.5945 0.113159 -0.193811 -0.532212 -0.111896
-276.07 29.3121 -85.7295 0.595011 0.127531 -0.193811 -0.532212 -0.111896
-262.4 22.6916 -96 0.682813 0.0816385 -0.4083 0.408196 -0
-272.247 12.9668 -101.631 0.669543 0.097247 -0.4083 0.408196 -0
-282 3.08652 -96 0.669543 0.116063 -0.4083 0.408196 -0
-262.4 22.6916 -96 0.682813 0.0816385 -0.4083 0.408196 -0
-282 3.08652 -96 0.669543 0.116063 -0.4083 0.408196 -0
-272.247 12.9668 -90.3692 0.682813 0.100454 -0.4083 0.408196 -0
-272.2 22.6916 -112.974 0.656273 0.0816385 -0.431121 0.292426 0.248908
-272.247 12.9668 -101.631 0.669543 0.097247 -0.431121 0.292426 0.248908
-262.4 22.6916 -96 0.682813 0.0816385 -0.431121 0.292426 0.248908
-266.312 26.0137 -105.057 0.669543 0.0766566 -0.472915 0.187444 0.273037
-272.2 22.6916 -112.974 0.656273 0.0816385 -0.472915 0.187444 0.273037
-262.4 22.6916 -96 0.682813 0.0816385 -0.472915 0.187444 0.273037
-270.141 29.3121 -96 0.607584 0.118258 -0.375264 -0.43876 -0
-266.312 26.0137 -105.057 0.616851 0.110778 -0.375264 -0.43876 -0
-262.4 22.6916 -96 0.603767 0.105679 -0.375264 -0.43876 -0
-270.141 29.3121 -96 0.607584 0.118258 -0.375264 -0.43876 -0
-262.4 22.6916 -96 0.603767 0.105679 -0.375264 -0.43876 -0
-266.312 26.0137 -86.9428 0.5945 0.113159 -0.375264 -0.43876 -0
-276.07 29.3121 -106.271 0.620156 0.124852 -0.19381 -0.532212 0.111897
-266.312 26.0137 -105.057 0.616851 0.110778 -0.19381 -0.532212 0.111897
-270.141 29.3121 -96 0.607584 0.118258 -0.19381 -0.532212 0.111897
-272.2 22.6916 -112.974 0.656273 0.0816385 -0.20415 0.408196 0.353599
-282 12.9668 -107.262 0.656273 0.100454 -0.20415 0.408196 0.353599
-282 3.08652 -96 0.669543 0.116063 -0.20415 0.408196 0.353599
-272.2 22.6916 -112.974 0.656273 0.0816385 -0.20415 0.408196 0.353599
-282 3.08652 -96 0.669543 0.116063 -0.20415 0.408196 0.353599
-272.247 12.9668 -101.631 0.669543 0.097247 -0.20415 0.408196 0.353599
-291.8 22.6916 -112.974 0.643355 0.12565 6.2269e-08 0.292426 0.497816
-282 12.9668 -107.262 0.637748 0.145448 6.2269e-08 0.292426 0.497816
-272.2 22.6916 -112.974 0.656273 0.146818 6.2269e-08 0.292426 0.497816
-282 26.0137 -114.115 0.653208 0.13313 6.98191e-08 0.187444 0.546075
-291.8 22.6916 -112.974 0.643355 0.12565 6.98191e-08 0.187444 0.546075
-272.2 22.6916 -112.974 0.656273 0.146818 6.98191e-08 0.187444 0.546075
-276.07 29.3121 -106.271 0.60358 0.0946957 -0.187632 -0.43876 0.324988
-282 26.0137 -114.115 0.589665 0.0931267 -0.187632 -0.43876 0.324988
-272.2 22.6916 -112.974 0.594584 0.10411 -0.187632 -0.43876 0.324988
-276.07 29.3121 -106.271 0.60358 0.0946957 -0.187632 -0.43876 0.324988
-272.2 22.6916 -112.974 0.594584 0.10411 -0.187632 -0.43876 0.324988
-266.312 26.0137 -105.057 0.608499 0.105679 -0.187632 -0.43876 0.324988
-287.93 29.3121 -106.271 0.596518 0.080574 0 -0.532212 0.223793
-282 26.0137 -114.115 0.589665 0.0931267 0 -0.532212 0.223793
-276.07 29.3121 -106.271 0.60358 0.0946957 0 -0.532212 0.223793
-291.8 22.6916 -112.974 0.643355 0.12565 0.20415 0.408196 0.353599
-291.753 12.9668 -101.631 0.625763 0.135671 0.20415 0.408196 0.353599
-282 3.08652 -96 0.620156 0.155469 0.20415 0.408196 0.353599
-291.8 22.6916 -112.974 0.643355 0.12565 0.20415 0.408196 0.353599
-282 3.08652 -96 0.620156 0.155469 0.20415 0.408196 0.353599
-282 12.9668 -107.262 0.637748 0.145448 0.20415 0.408196 0.353599
-301.6 22.6916 -96 0.620319 0.117487 0.431121 0.292426 0.248908
-291.753 12.9668 -101.631 0.625763 0.135671 0.431121 0.292426 0.248908
-291.8 22.6916 -112.974 0.643355 0.12565 0.431121 0.292426 0.248908
-297.688 26.0137 -105.057 0.634033 0.117487 0.472915 0.187445 0.273037
-301.6 22.6916 -96 0.620319 0.117487 0.472915 0.187445 0.273037
-291.8 22.6916 -112.974 0.643355 0.12565 0.472915 0.187445 0.273037
-287.93 29.3121 -106.271 0.596518 0.080574 0.187632 -0.43876 0.324988
-297.688 26.0137 -105.057 0.589665 0.0680214 0.187632 -0.43876 0.324988
-291.8 22.6916 -112.974 0.582812 0.080574 0.187632 -0.43876 0.324988
-287.93 29.3121 -106.271 0.596518 0.080574 0.187632 -0.43876 0.324988
-291.8 22.6916 -112.974 0.582812 0.080574 0.187632 -0.43876 0.324988
-282 26.0137 -114.115 0.589665 0.0931267 0.187632 -0.43876 0.324988
-293.859 29.3121 -96 0.60358 0.0664523 0.19381 -0.532212 0.111896
-297.688 26.0137 -105.057 0.589665 0.0680214 0.19381 -0.532212 0.111896
-287.93 29.3121 -106.271 0.596518 0.080574 0.19381 -0.532212 0.111896
-301.6 22.6916 -96 0.682813 0.121045 0.4083 0.408196 -0
-291.753 12.9668 -90.3692 0.669543 0.136653 0.4083 0.408196 -0
-282 3.08652 -96 0.669543 0.155469 0.4083 0.408196 -0
-301.6 22.6916 -96 0.682813 0.121045 0.4083 0.408196 -0
-282 3.08652 -96 0.669543 0.155469 0.4083 0.408196 -0
-291.753 12.9668 -101.631 0.682813 0.13986 0.4083 0.408196 -0
-291.8 22.6916 -79.0259 0.656273 0.121045 0.431121 0.292426 -0.248908
-291.753 12.9668 -90.3692 0.669543 0.136653 0.431121 0.292426 -0.248908
-301.6 22.6916 -96 0.682813 0.121045 0.431121 0.292426 -0.248908
-297.688 26.0137 -86.9428 0.669543 0.116063 0.472915 0.187445 -0.273037
-291.8 22.6916 -79.0259 0.656273 0.121045 0.472915 0.187445 -0.273037
-301.6 22.6916 -96 0.682813 0.121045 0.472915 0.187445 -0.273037
-293.859 29.3121 -96 0.60358 0.0664523 0.375264 -0.43876 -0
-297.688 26.0137 -86.9428 0.608499 0.0554687 0.375264 -0.43876 -0
-301.6 22.6916 -96 0.594584 0.0570378 0.375264 -0.43876 -0
-293.859 29.3121 -96 0.60358 0.0664523 0.375264 -0.43876 -0
-301.6 22.6916 -96 0.594584 0.0570378 0.375264 -0.43876 -0
-297.688 26.0137 -105.057 0.589665 0.0680214 0.375264 -0.43876 -0
-287.93 29.3121 -85.7295 0.595011 0.143397 0.19381 -0.532212 -0.111897
-297.688 26.0137 -86.9428 0.5945 0.155469 0.19381 -0.532212 -0.111897
-293.859 29.3121 -96 0.607584 0.14999 0.19381 -0.532212 -0.111897
-291.8 22.6916 -79.0259 0.656273 0.121045 0.20415 0.408196 -0.353599
-282 12.9668 -84.7384 0.656273 0.13986 0.20415 0.408196 -0.353599
-282 3.08652 -96 0.669543 0.155469 0.20415 0.408196 -0.353599
-291.8 22.6916 -79.0259 0.656273 0.121045 0.20415 0.408196 -0.353599
-282 3.08652 -96 0.669543 0.155469 0.20415 0.408196 -0.353599
-291.753 12.9668 -90.3692 0.669543 0.136653 0.20415 0.408196 -0.353599
-272.2 22.6916 -79.0259 0.643355 0.0876681 -6.2269e-08 0.292426 -0.497816
-282 12.9668 -84.7384 0.637748 0.107466 -6.2269e-08 0.292426 -0.497816
-291.8 22.6916 -79.0259 0.656273 0.108836 -6.2269e-08 0.292426 -0.497816
-282 26.0137 -77.8855 0.653208 0.0951482 -6.98191e-08 0.187444 -0.546075
-272.2 22.6916 -79.0259 0.643355 0.0876681 -6.98191e-08 0.187444 -0.546075
-291.8 22.6916 -79.0259 0.656273 0.108836 -6.98191e-08 0.187444 -0.546075
-287.93 29.3121 -85.7295 0.595011 0.143397 0.187632 -0.43876 -0.324988
-282 26.0137 -77.8855 0.583324 0.135504 0.187632 -0.43876 -0.324988
-291.8 22.6916 -79.0259 0.582812 0.147577 0.187632 -0.43876 -0.324988
-287.93 29.3121 -85.7295 0.595011 0.143397 0.187632 -0.43876 -0.324988
-291.8 22.6916 -79.0259 0.582812 0.147577 0.187632 -0.43876 -0.324988
-297.688 26.0137 -86.9428 0.5945 0.155469 0.187632 -0.43876 -0.324988
-276.07 29.3121 -85.7295 0.595011 0.127531 0 -0.532212 -0.223793
-282 26.0137 -77.8855 0.583324 0.135504 0 -0.532212 -0.223793
-287.93 29.3121 -85.7295 0.595011 0.143397 0 -0.532212 -0.223793
-282 29.2865 -96 0.607584 0.134124 0 -0.577348 0.00143699
-276.07 29.3121 -85.7295 0.595011 0.127531 0 -0.577348 0.00143699
-287.93 29.3121 -85.7295 0.595011 0.143397 0 -0.577348 0.00143699
-276.07 29.3121 -85.7295 0.595011 0.127531 0 -0.577348 0.00143699
-282 29.2865 -96 0.607584 0.134124 0 -0.577348 0.00143699
-270.141 29.3121 -96 0.607584 0.118258 0.0012445 -0.577348 0.000718494
-270.141 29.3121 -96 0.607584 0.118258 0.0012445 -0.577348 0.000718494
-282 29.2865 -96 0.607584 0.134124 0 -0.577348 0.00143699
-276.07 29.3121 -106.271 0.620156 0.124852 0.0012445 -0.577348 -0.000718494
-276.07 29.3121 -106.271 0.620156 0.124852 0.0012445 -0.577348 -0.000718494
-282 29.2865 -96 0.607584 0.134124 0 -0.577348 0.00143699
-287.93 29.3121 -106.271 0.620156 0.140718 0 -0.577348 -0.00143699
-287.93 29.3121 -106.271 0.620156 0.140718 0 -0.577348 -0.00143699
-282 29.2865 -96 0.607584 0.134124 0 -0.577348 0.00143699
-293.859 29.3121 -96 0.607584 0.14999 -0.00124455 -0.577348 -0.000718494
-293.859 29.3121 -96 0.607584 0.14999 -0.00124455 -0.577348 -0.000718494
-282 29.2865 -96 0.607584 0.134124 0 -0.577348 0.00143699
-287.93 29.3121 -85.7295 0.595011 0.143397 0 -0.577348 0.00143699
