Vertex Count: 36

Data:

-234.895 0.5376 -167.695 0 1 0 0 -0.649195
-234.895 61.4624 -167.695 0 0 0 0 -0.649195
-135.105 61.4624 -167.695 1 0 0 0 -0.649195
-234.895 0.5376 -167.695 0 1 0 0 -0.649195
-135.105 61.4624 -167.695 1 0 0 0 -0.649195
-135.105 0.5376 -167.695 1 1 0 0 -0.649195
-234.895 61.4624 -167.695 0 1 0 0.396351 -0
-234.895 61.4624 -67.9047 0 0 0 0.396351 -0
-135.105 61.4624 -67.9047 1 0 0 0.396351 -0
-234.895 61.4624 -167.695 0 1 0 0.396351 -0
-135.105 61.4624 -67.9047 1 0 0 0.396351 -0
-135.105 61.4624 -167.695 1 1 0 0.396351 -0
-234.895 61.4624 -67.9047 0 1 0 0 0.649195
-234.895 0.5376 -67.9047 0 0 0 0 0.649195
-135.105 0.5376 -67.9047 1 0 0 0 0.649195
-234.895 61.4624 -67.9047 0 1 0 0 0.649195
-135.105 0.5376 -67.9047 1 0 0 0 0.649195
-135.105 61.4624 -67.9047 1 1 0 0 0.649195
-234.895 0.5376 -67.9047 0 1 0 -0.396351 -0
-234.895 0.5376 -167.695 0 0 0 -0.396351 -0
-135.105 0.5376 -167.695 1 0 0 -0.396351 -0
-234.895 0.5376 -67.9047 0 1 0 -0.396351 -0
-135.105 0.5376 -167.695 1 0 0 -0.396351 -0
-135.105 0.5376 -67.9047 1 1 0 -0.396351 -0
-135.105 0.5376 -167.695 0 1 0.649194 0 -0
-135.105 61.4624 -167.695 0 0 0.649194 0 -0
-135.105 61.4624 -67.9047 1 0 0.649194 0 -0
-135.105 0.5376 -167.695 0 1 0.649194 0 -0
-135.105 61.4624 -67.9047 1 0 0.649194 0 -0
-135.105 0.5376 -67.9047 1 1 0.649194 0 -0
-234.895 0.5376 -67.9047 0 1 -0.649194 0 -0
-234.895 61.4624 -67.9047 0 0 -0.649194 0 -0
-234.895 61.4624 -167.695 1 0 -0.649194 0 -0
-234.895 0.5376 -67.9047 0 1 -0.649194 0 -0
-234.895 61.4624 -167.695 1 0 -0.649194 0 -0
-234.895 0.5376 -167.695 1 1 -0.649194 0 -0
