Vertex Count: 36

Data:

132.105 0.5376 -179.895 0 1 0 0 -0.649195
132.105 61.4624 -179.895 0 0 0 0 -0.649195
231.895 61.4624 -179.895 1 0 0 0 -0.649195
132.105 0.5376 -179.895 0 1 0 0 -0.649195
231.895 61.4624 -179.895 1 0 0 0 -0.649195
231.895 0.5376 -179.895 1 1 0 0 -0.649195
132.105 61.4624 -179.895 0 1 0 0.396351 -0
132.105 61.4624 -80.1047 0 0 0 0.396351 -0
231.895 61.4624 -80.1047 1 0 0 0.396351 -0
132.105 61.4624 -179.895 0 1 0 0.396351 -0
231.895 61.4624 -80.1047 1 0 0 0.396351 -0
231.895 61.4624 -179.895 1 1 0 0.396351 -0
132.105 61.4624 -80.1047 0 1 0 0 0.649195
132.105 0.5376 -80.1047 0 0 0 0 0.649195
231.895 0.5376 -80.1047 1 0 0 0 0.649195
132.105 61.4624 -80.1047 0 1 0 0 0.649195
231.895 0.5376 -80.1047 1 0 0 0 0.649195
231.895 61.4624 -80.1047 1 1 0 0 0.649195
132.105 0.5376 -80.1047 0 1 0 -0.396351 -0
132.105 0.5376 -179.895 0 0 0 -0.396351 -0
231.895 0.5376 -179.895 1 0 0 -0.396351 -0
132.105 0.5376 -80.1047 0 1 0 -0.396351 -0
231.895 0.5376 -179.895 1 0 0 -0.396351 -0
231.895 0.5376 -80.1047 1 1 0 -0.396351 -0
231.895 0.5376 -179.895 0 1 0.649194 0 -0
231.895 61.4624 -179.895 0 0 0.649194 0 -0
231.895 61.4624 -80.1047 1 0 0.649194 0 -0
231.895 0.5376 -179.895 0 1 0.649194 0 -0
231.895 61.4624 -80.1047 1 0 0.649194 0 -0
231.895 0.5376 -80.1047 1 1 0.649194 0 -0
132.105 0.5376 -80.1047 0 1 -0.649194 0 -0
132.105 61.4624 -80.1047 0 0 -0.649194 0 -0
132.105 61.4624 -179.895 1 0 -0.649194 0 -0
132.105 0.5376 -80.1047 0 1 -0.649194 0 -0
132.105 61.4624 -179.895 1 0 -0.649194 0 -0
132.105 0.5376 -179.895 1 1 -0.649194 0 -0
