Vertex Count: 36

Data:

-156.495 0.5376 141.005 0 1 0 0 -0.649195
-156.495 61.4624 141.005 0 0 0 0 -0.649195
-56.7048 61.4624 141.005 1 0 0 0 -0.649195
-156.495 0.5376 141.005 0 1 0 0 -0.649195
-56.7048 61.4624 141.005 1 0 0 0 -0.649195
-56.7048 0.5376 141.005 1 1 0 0 -0.649195
-156.495 61.4624 141.005 0 1 0 0.396351 -0
-156.495 61.4624 240.795 0 0 0 0.396351 -0
-56.7048 61.4624 240.795 1 0 0 0.396351 -0
-156.495 61.4624 141.005 0 1 0 0.396351 -0
-56.7048 61.4624 240.795 1 0 0 0.396351 -0
-56.7048 61.4624 141.005 1 1 0 0.396351 -0
-156.495 61.4624 240.795 0 1 0 0 0.649195
-156.495 0.5376 240.795 0 0 0 0 0.649195
-56.7048 0.5376 240.795 1 0 0 0 0.649195
-156.495 61.4624 240.795 0 1 0 0 0.649195
-56.7048 0.5376 240.795 1 0 0 0 0.649195
-56.7048 61.4624 240.795 1 1 0 0 0.649195
-156.495 0.5376 240.795 0 1 0 -0.396351 -0
-156.495 0.5376 141.005 0 0 0 -0.396351 -0
-56.7048 0.5376 141.005 1 0 0 -0.396351 -0
-156.495 0.5376 240.795 0 1 0 -0.396351 -0
-56.7048 0.5376 141.005 1 0 0 -0.396351 -0
-56.7048 0.5376 240.795 1 1 0 -0.396351 -0
-56.7048 0.5376 141.005 0 1 0.649194 0 -0
-56.7048 61.4624 141.005 0 0 0.649194 0 -0
-56.7048 61.4624 240.795 1 0 0.649194 0 -0
-56.7048 0.5376 141.005 0 1 0.649194 0 -0
-56.7048 61.4624 240.795 1 0 0.649194 0 -0
-56.7048 0.5376 240.795 1 1 0.649194 0 -0
-156.495 0.5376 240.795 0 1 -0.649194 0 -0
-156.495 61.4624 240.795 0 0 -0.649194 0 -0
-156.495 61.4624 141.005 1 0 -0.649194 0 -0
-156.495 0.5376 240.795 0 1 -0.649194 0 -0
-156.495 61.4624 141.005 1 0 -0.649194 0 -0
-156.495 0.5376 141.005 1 1 -0.649194 0 -0
