Vertex Count: 768

Data:

-1665.54 -5187.23 -1936.33 0.25 0.75 0 -0 -1
-1872.49 -5524.59 -1936.33 0 1 0 -0 -1
-1872.49 -5187.23 -1936.33 0 0.75 0 -0 -1
-1872.49 -5524.59 -1936.33 0 1 0 -0 -1
-1665.54 -5187.23 -1936.33 0.25 0.75 0 -0 -1
-1665.54 -5524.59 -1936.33 0.25 1 0 -0 -1
-1458.6 -5187.23 -1936.33 0.5 0.75 0 -0 -1
-1665.54 -5524.59 -1936.33 0.25 1 0 -0 -1
-1665.54 -5187.23 -1936.33 0.25 0.75 0 -0 -1
-1665.54 -5524.59 -1936.33 0.25 1 0 -0 -1
-1458.6 -5187.23 -1936.33 0.5 0.75 0 -0 -1
-1458.6 -5524.59 -1936.33 0.5 1 0 -0 -1
-1251.65 -5187.23 -1936.33 0.75 0.75 0 -0 -1
-1458.6 -5524.59 -1936.33 0.5 1 0 -0 -1
-1458.6 -5187.23 -1936.33 0.5 0.75 0 -0 -1
-1458.6 -5524.59 -1936.33 0.5 1 0 -0 -1
-1251.65 -5187.23 -1936.33 0.75 0.75 0 -0 -1
-1251.65 -5524.59 -1936.33 0.75 1 0 -0 -1
-1044.7 -5187.23 -1936.33 1 0.75 0 -0 -1
-1251.65 -5524.59 -1936.33 0.75 1 0 -0 -1
-1251.65 -5187.23 -1936.33 0.75 0.75 0 -0 -1
-1251.65 -5524.59 -1936.33 0.75 1 0 -0 -1
-1044.7 -5187.23 -1936.33 1 0.75 0 -0 -1
-1044.7 -5524.59 -1936.33 1 1 0 -0 -1
-1665.54 -4849.88 -1936.33 0.25 0.5 0 -0 -1
-1872.49 -5187.23 -1936.33 0 0.75 0 -0 -1
-1872.49 -4849.88 -1936.33 0 0.5 0 -0 -1
-1872.49 -5187.23 -1936.33 0 0.75 0 -0 -1
-1665.54 -4849.88 -1936.33 0.25 0.5 0 -0 -1
-1665.54 -5187.23 -1936.33 0.25 0.75 0 -0 -1
-1458.6 -4849.88 -1936.33 0.5 0.5 0 -0 -1
-1665.54 -5187.23 -1936.33 0.25 0.75 0 -0 -1
-1665.54 -4849.88 -1936.33 0.25 0.5 0 -0 -1
-1665.54 -5187.23 -1936.33 0.25 0.75 0 -0 -1
-1458.6 -4849.88 -1936.33 0.5 0.5 0 -0 -1
-1458.6 -5187.23 -1936.33 0.5 0.75 0 -0 -1
-1251.65 -4849.88 -1936.33 0.75 0.5 0 -0 -1
-1458.6 -5187.23 -1936.33 0.5 0.75 0 -0 -1
-1458.6 -4849.88 -1936.33 0.5 0.5 0 -0 -1
-1458.6 -5187.23 -1936.33 0.5 0.75 0 -0 -1
-1251.65 -4849.88 -1936.33 0.75 0.5 0 -0 -1
-1251.65 -5187.23 -1936.33 0.75 0.75 0 -0 -1
-1044.7 -4849.88 -1936.33 1 0.5 0 -0 -1
-1251.65 -5187.23 -1936.33 0.75 0.75 0 -0 -1
-1251.65 -4849.88 -1936.33 0.75 0.5 0 -0 -1
-1251.65 -5187.23 -1936.33 0.75 0.75 0 -0 -1
-1044.7 -4849.88 -1936.33 1 0.5 0 -0 -1
-1044.7 -5187.23 -1936.33 1 0.75 0 -0 -1
-1665.54 -4512.52 -1936.33 0.25 0.25 0 -0 -1
-1872.49 -4849.88 -1936.33 0 0.5 0 -0 -1
-1872.49 -4512.52 -1936.33 0 0.25 0 -0 -1
-1872.49 -4849.88 -1936.33 0 0.5 0 -0 -1
-1665.54 -4512.52 -1936.33 0.25 0.25 0 -0 -1
-1665.54 -4849.88 -1936.33 0.25 0.5 0 -0 -1
-1458.6 -4512.52 -1936.33 0.5 0.25 0 -0 -1
-1665.54 -4849.88 -1936.33 0.25 0.5 0 -0 -1
-1665.54 -4512.52 -1936.33 0.25 0.25 0 -0 -1
-1665.54 -4849.88 -1936.33 0.25 0.5 0 -0 -1
-1458.6 -4512.52 -1936.33 0.5 0.25 0 -0 -1
-1458.6 -4849.88 -1936.33 0.5 0.5 0 -0 -1
-1251.65 -4512.52 -1936.33 0.75 0.25 0 -0 -1
-1458.6 -4849.88 -1936.33 0.5 0.5 0 -0 -1
-1458.6 -4512.52 -1936.33 0.5 0.25 0 -0 -1
-1458.6 -4849.88 -1936.33 0.5 0.5 0 -0 -1
-1251.65 -4512.52 -1936.33 0.75 0.25 0 -0 -1
-1251.65 -4849.88 -1936.33 0.75 0.5 0 -0 -1
-1044.7 -4512.52 -1936.33 1 0.25 0 -0 -1
-1251.65 -4849.88 -1936.33 0.75 0.5 0 -0 -1
-1251.65 -4512.52 -1936.33 0.75 0.25 0 -0 -1
-1251.65 -4849.88 -1936.33 0.75 0.5 0 -0 -1
-1044.7 -4512.52 -1936.33 1 0.25 0 -0 -1
-1044.7 -4849.88 -1936.33 1 0.5 0 -0 -1
-1665.54 -4175.17 -1936.33 0.25 0 0 -0 -1
-1872.49 -4512.52 -1936.33 0 0.25 0 -0 -1
-1872.49 -4175.17 -1936.33 0 0 0 -0 -1
-1872.49 -4512.52 -1936.33 0 0.25 0 -0 -1
-1665.54 -4175.17 -1936.33 0.25 0 0 -0 -1
-1665.54 -4512.52 -1936.33 0.25 0.25 0 -0 -1
-1458.6 -4175.17 -1936.33 0.5 0 0 -0 -1
-1665.54 -4512.52 -1936.33 0.25 0.25 0 -0 -1
-1665.54 -4175.17 -1936.33 0.25 0 0 -0 -1
-1665.54 -4512.52 -1936.33 0.25 0.25 0 -0 -1
-1458.6 -4175.17 -1936.33 0.5 0 0 -0 -1
-1458.6 -4512.52 -1936.33 0.5 0.25 0 -0 -1
-1251.65 -4175.17 -1936.33 0.75 0 0 -0 -1
-1458.6 -4512.52 -1936.33 0.5 0.25 0 -0 -1
-1458.6 -4175.17 -1936.33 0.5 0 0 -0 -1
-1458.6 -4512.52 -1936.33 0.5 0.25 0 -0 -1
-1251.65 -4175.17 -1936.33 0.75 0 0 -0 -1
-1251.65 -4512.52 -1936.33 0.75 0.25 0 -0 -1
-1044.7 -4175.17 -1936.33 1 0 0 -0 -1
-1251.65 -4512.52 -1936.33 0.75 0.25 0 -0 -1
-1251.65 -4175.17 -1936.33 0.75 0 0 -0 -1
-1251.65 -4512.52 -1936.33 0.75 0.25 0 -0 -1
-1044.7 -4175.17 -1936.33 1 0 0 -0 -1
-1044.7 -4512.52 -1936.33 1 0.25 0 -0 -1
-1604.93 -5187.23 -2082.66 0.25 0.75 0.7071 -0 -0.7071
-1751.27 -5524.59 -2228.99 0 1 0.7071 -0 -0.7071
-1751.27 -5187.23 -2228.99 0 0.75 0.7071 -0 -0.7071
-1751.27 -5524.59 -2228.99 0 1 0.7071 -0 -0.7071
-1604.93 -5187.23 -2082.66 0.25 0.75 0.7071 -0 -0.7071
-1604.93 -5524.59 -2082.66 0.25 1 0.7071 -0 -0.7071
-1458.6 -5187.23 -1936.33 0.5 0.75 0.7071 -0 -0.7071
-1604.93 -5524.59 -2082.66 0.25 1 0.7071 -0 -0.7071
-1604.93 -5187.23 -2082.66 0.25 0.75 0.7071 -0 -0.7071
-1604.93 -5524.59 -2082.66 0.25 1 0.7071 -0 -0.7071
-1458.6 -5187.23 -1936.33 0.5 0.75 0.7071 -0 -0.7071
-1458.6 -5524.59 -1936.33 0.5 1 0.7071 -0 -0.7071
-1312.26 -5187.23 -1790 0.75 0.75 0.7071 -0 -0.7071
-1458.6 -5524.59 -1936.33 0.5 1 0.7071 -0 -0.7071
-1458.6 -5187.23 -1936.33 0.5 0.75 0.7071 -0 -0.7071
-1458.6 -5524.59 -1936.33 0.5 1 0.7071 -0 -0.7071
-1312.26 -5187.23 -1790 0.75 0.75 0.7071 -0 -0.7071
-1312.26 -5524.59 -1790 0.75 1 0.7071 -0 -0.7071
-1165.92 -5187.23 -1643.67 1 0.75 0.7071 -0 -0.7071
-1312.26 -5524.59 -1790 0.75 1 0.7071 -0 -0.7071
-1312.26 -5187.23 -1790 0.75 0.75 0.7071 -0 -0.7071
-1312.26 -5524.59 -1790 0.75 1 0.7071 -0 -0.7071
-1165.92 -5187.23 -1643.67 1 0.75 0.7071 -0 -0.7071
-1165.92 -5524.59 -1643.67 1 1 0.7071 -0 -0.7071
-1604.93 -4849.88 -2082.66 0.25 0.5 0.7071 -0 -0.7071
-1751.27 -5187.23 -2228.99 0 0.75 0.7071 -0 -0.7071
-1751.27 -4849.88 -2228.99 0 0.5 0.7071 -0 -0.7071
-1751.27 -5187.23 -2228.99 0 0.75 0.7071 -0 -0.7071
-1604.93 -4849.88 -2082.66 0.25 0.5 0.7071 -0 -0.7071
-1604.93 -5187.23 -2082.66 0.25 0.75 0.7071 -0 -0.7071
-1458.6 -4849.88 -1936.33 0.5 0.5 0.7071 -0 -0.7071
-1604.93 -5187.23 -2082.66 0.25 0.75 0.7071 -0 -0.7071
-1604.93 -4849.88 -2082.66 0.25 0.5 0.7071 -0 -0.7071
-1604.93 -5187.23 -2082.66 0.25 0.75 0.7071 -0 -0.7071
-1458.6 -4849.88 -1936.33 0.5 0.5 0.7071 -0 -0.7071
-1458.6 -5187.23 -1936.33 0.5 0.75 0.7071 -0 -0.7071
-1312.26 -4849.88 -1790 0.75 0.5 0.7071 -0 -0.7071
-1458.6 -5187.23 -1936.33 0.5 0.75 0.7071 -0 -0.7071
-1458.6 -4849.88 -1936.33 0.5 0.5 0.7071 -0 -0.7071
-1458.6 -5187.23 -1936.33 0.5 0.75 0.7071 -0 -0.7071
-1312.26 -4849.88 -1790 0.75 0.5 0.7071 -0 -0.7071
-1312.26 -5187.23 -1790 0.75 0.75 0.7071 -0 -0.7071
-1165.92 -4849.88 -1643.67 1 0.5 0.7071 -0 -0.7071
-1312.26 -5187.23 -1790 0.75 0.75 0.7071 -0 -0.7071
-1312.26 -4849.88 -1790 0.75 0.5 0.7071 -0 -0.7071
-1312.26 -5187.23 -1790 0.75 0.75 0.7071 -0 -0.7071
-1165.92 -4849.88 -1643.67 1 0.5 0.7071 -0 -0.7071
-1165.92 -5187.23 -1643.67 1 0.75 0.7071 -0 -0.7071
-1604.93 -4512.52 -2082.66 0.25 0.25 0.7071 -0 -0.7071
-1751.27 -4849.88 -2228.99 0 0.5 0.7071 -0 -0.7071
-1751.27 -4512.52 -2228.99 0 0.25 0.7071 -0 -0.7071
-1751.27 -4849.88 -2228.99 0 0.5 0.7071 -0 -0.7071
-1604.93 -4512.52 -2082.66 0.25 0.25 0.7071 -0 -0.7071
-1604.93 -4849.88 -2082.66 0.25 0.5 0.7071 -0 -0.7071
-1458.6 -4512.52 -1936.33 0.5 0.25 0.7071 -0 -0.7071
-1604.93 -4849.88 -2082.66 0.25 0.5 0.7071 -0 -0.7071
-1604.93 -4512.52 -2082.66 0.25 0.25 0.7071 -0 -0.7071
-1604.93 -4849.88 -2082.66 0.25 0.5 0.7071 -0 -0.7071
-1458.6 -4512.52 -1936.33 0.5 0.25 0.7071 -0 -0.7071
-1458.6 -4849.88 -1936.33 0.5 0.5 0.7071 -0 -0.7071
-1312.26 -4512.52 -1790 0.75 0.25 0.7071 -0 -0.7071
-1458.6 -4849.88 -1936.33 0.5 0.5 0.7071 -0 -0.7071
-1458.6 -4512.52 -1936.33 0.5 0.25 0.7071 -0 -0.7071
-1458.6 -4849.88 -1936.33 0.5 0.5 0.7071 -0 -0.7071
-1312.26 -4512.52 -1790 0.75 0.25 0.7071 -0 -0.7071
-1312.26 -4849.88 -1790 0.75 0.5 0.7071 -0 -0.7071
-1165.92 -4512.52 -1643.67 1 0.25 0.7071 -0 -0.7071
-1312.26 -4849.88 -1790 0.75 0.5 0.7071 -0 -0.7071
-1312.26 -4512.52 -1790 0.75 0.25 0.7071 -0 -0.7071
-1312.26 -4849.88 -1790 0.75 0.5 0.7071 -0 -0.7071
-1165.92 -4512.52 -1643.67 1 0.25 0.7071 -0 -0.7071
-1165.92 -4849.88 -1643.67 1 0.5 0.7071 -0 -0.7071
-1604.93 -4175.17 -2082.66 0.25 0 0.7071 -0 -0.7071
-1751.27 -4512.52 -2228.99 0 0.25 0.7071 -0 -0.7071
-1751.27 -4175.17 -2228.99 0 0 0.7071 -0 -0.7071
-1751.27 -4512.52 -2228.99 0 0.25 0.7071 -0 -0.7071
-1604.93 -4175.17 -2082.66 0.25 0 0.7071 -0 -0.7071
-1604.93 -4512.52 -2082.66 0.25 0.25 0.7071 -0 -0.7071
-1458.6 -4175.17 -1936.33 0.5 0 0.7071 -0 -0.7071
-1604.93 -4512.52 -2082.66 0.25 0.25 0.7071 -0 -0.7071
-1604.93 -4175.17 -2082.66 0.25 0 0.7071 -0 -0.7071
-1604.93 -4512.52 -2082.66 0.25 0.25 0.7071 -0 -0.7071
-1458.6 -4175.17 -1936.33 0.5 0 0.7071 -0 -0.7071
-1458.6 -4512.52 -1936.33 0.5 0.25 0.7071 -0 -0.7071
-1312.26 -4175.17 -1790 0.75 0 0.7071 -0 -0.7071
-1458.6 -4512.52 -1936.33 0.5 0.25 0.7071 -0 -0.7071
-1458.6 -4175.17 -1936.33 0.5 0 0.7071 -0 -0.7071
-1458.6 -4512.52 -1936.33 0.5 0.25 0.7071 -0 -0.7071
-1312.26 -4175.17 -1790 0.75 0 0.7071 -0 -0.7071
-1312.26 -4512.52 -1790 0.75 0.25 0.7071 -0 -0.7071
-1165.92 -4175.17 -1643.67 1 0 0.7071 -0 -0.7071
-1312.26 -4512.52 -1790 0.75 0.25 0.7071 -0 -0.7071
-1312.26 -4175.17 -1790 0.75 0 0.7071 -0 -0.7071
-1312.26 -4512.52 -1790 0.75 0.25 0.7071 -0 -0.7071
-1165.92 -4175.17 -1643.67 1 0 0.7071 -0 -0.7071
-1165.92 -4512.52 -1643.67 1 0.25 0.7071 -0 -0.7071
-1458.3 -5187.23 -2143.28 0.25 0.75 1 -0 0.0014
-1458.01 -5524.59 -2350.23 0 1 1 -0 0.0014
-1458.01 -5187.23 -2350.23 0 0.75 1 -0 0.0014
-1458.01 -5524.59 -2350.23 0 1 1 -0 0.0014
-1458.3 -5187.23 -2143.28 0.25 0.75 1 -0 0.0014
-1458.3 -5524.59 -2143.28 0.25 1 1 -0 0.0014
-1458.6 -5187.23 -1936.33 0.5 0.75 1 -0 0.0014
-1458.3 -5524.59 -2143.28 0.25 1 1 -0 0.0014
-1458.3 -5187.23 -2143.28 0.25 0.75 1 -0 0.0014
-1458.3 -5524.59 -2143.28 0.25 1 1 -0 0.0014
-1458.6 -5187.23 -1936.33 0.5 0.75 1 -0 0.0014
-1458.6 -5524.59 -1936.33 0.5 1 1 -0 0.0014
-1458.89 -5187.23 -1729.39 0.75 0.75 1 -0 0.0014
-1458.6 -5524.59 -1936.33 0.5 1 1 -0 0.0014
-1458.6 -5187.23 -1936.33 0.5 0.75 1 -0 0.0014
-1458.6 -5524.59 -1936.33 0.5 1 1 -0 0.0014
-1458.89 -5187.23 -1729.39 0.75 0.75 1 -0 0.0014
-1458.89 -5524.59 -1729.39 0.75 1 1 -0 0.0014
-1459.18 -5187.23 -1522.44 1 0.75 1 -0 0.0014
-1458.89 -5524.59 -1729.39 0.75 1 1 -0 0.0014
-1458.89 -5187.23 -1729.39 0.75 0.75 1 -0 0.0014
-1458.89 -5524.59 -1729.39 0.75 1 1 -0 0.0014
-1459.18 -5187.23 -1522.44 1 0.75 1 -0 0.0014
-1459.18 -5524.59 -1522.44 1 1 1 -0 0.0014
-1458.3 -4849.88 -2143.28 0.25 0.5 1 -0 0.0014
-1458.01 -5187.23 -2350.23 0 0.75 1 -0 0.0014
-1458.01 -4849.88 -2350.23 0 0.5 1 -0 0.0014
-1458.01 -5187.23 -2350.23 0 0.75 1 -0 0.0014
-1458.3 -4849.88 -2143.28 0.25 0.5 1 -0 0.0014
-1458.3 -5187.23 -2143.28 0.25 0.75 1 -0 0.0014
-1458.6 -4849.88 -1936.33 0.5 0.5 1 -0 0.0014
-1458.3 -5187.23 -2143.28 0.25 0.75 1 -0 0.0014
-1458.3 -4849.88 -2143.28 0.25 0.5 1 -0 0.0014
-1458.3 -5187.23 -2143.28 0.25 0.75 1 -0 0.0014
-1458.6 -4849.88 -1936.33 0.5 0.5 1 -0 0.0014
-1458.6 -5187.23 -1936.33 0.5 0.75 1 -0 0.0014
-1458.89 -4849.88 -1729.39 0.75 0.5 1 -0 0.0014
-1458.6 -5187.23 -1936.33 0.5 0.75 1 -0 0.0014
-1458.6 -4849.88 -1936.33 0.5 0.5 1 -0 0.0014
-1458.6 -5187.23 -1936.33 0.5 0.75 1 -0 0.0014
-1458.89 -4849.88 -1729.39 0.75 0.5 1 -0 0.0014
-1458.89 -5187.23 -1729.39 0.75 0.75 1 -0 0.0014
-1459.18 -4849.88 -1522.44 1 0.5 1 -0 0.0014
-1458.89 -5187.23 -1729.39 0.75 0.75 1 -0 0.0014
-1458.89 -4849.88 -1729.39 0.75 0.5 1 -0 0.0014
-1458.89 -5187.23 -1729.39 0.75 0.75 1 -0 0.0014
-1459.18 -4849.88 -1522.44 1 0.5 1 -0 0.0014
-1459.18 -5187.23 -1522.44 1 0.75 1 -0 0.0014
-1458.3 -4512.52 -2143.28 0.25 0.25 1 -0 0.0014
-1458.01 -4849.88 -2350.23 0 0.5 1 -0 0.0014
-1458.01 -4512.52 -2350.23 0 0.25 1 -0 0.0014
-1458.01 -4849.88 -2350.23 0 0.5 1 -0 0.0014
-1458.3 -4512.52 -2143.28 0.25 0.25 1 -0 0.0014
-1458.3 -4849.88 -2143.28 0.25 0.5 1 -0 0.0014
-1458.6 -4512.52 -1936.33 0.5 0.25 1 -0 0.0014
-1458.3 -4849.88 -2143.28 0.25 0.5 1 -0 0.0014
-1458.3 -4512.52 -2143.28 0.25 0.25 1 -0 0.0014
-1458.3 -4849.88 -2143.28 0.25 0.5 1 -0 0.0014
-1458.6 -4512.52 -1936.33 0.5 0.25 1 -0 0.0014
-1458.6 -4849.88 -1936.33 0.5 0.5 1 -0 0.0014
-1458.89 -4512.52 -1729.39 0.75 0.25 1 -0 0.0014
-1458.6 -4849.88 -1936.33 0.5 0.5 1 -0 0.0014
-1458.6 -4512.52 -1936.33 0.5 0.25 1 -0 0.0014
-1458.6 -4849.88 -1936.33 0.5 0.5 1 -0 0.0014
-1458.89 -4512.52 -1729.39 0.75 0.25 1 -0 0.0014
-1458.89 -4849.88 -1729.39 0.75 0.5 1 -0 0.0014
-1459.18 -4512.52 -1522.44 1 0.25 1 -0 0.0014
-1458.89 -4849.88 -1729.39 0.75 0.5 1 -0 0.0014
-1458.89 -4512.52 -1729.39 0.75 0.25 1 -0 0.0014
-1458.89 -4849.88 -1729.39 0.75 0.5 1 -0 0.0014
-1459.18 -4512.52 -1522.44 1 0.25 1 -0 0.0014
-1459.18 -4849.88 -1522.44 1 0.5 1 -0 0.0014
-1458.3 -4175.17 -2143.28 0.25 0 1 -0 0.0014
-1458.01 -4512.52 -2350.23 0 0.25 1 -0 0.0014
-1458.01 -4175.17 -2350.23 0 0 1 -0 0.0014
-1458.01 -4512.52 -2350.23 0 0.25 1 -0 0.0014
-1458.3 -4175.17 -2143.28 0.25 0 1 -0 0.0014
-1458.3 -4512.52 -2143.28 0.25 0.25 1 -0 0.0014
-1458.6 -4175.17 -1936.33 0.5 0 1 -0 0.0014
-1458.3 -4512.52 -2143.28 0.25 0.25 1 -0 0.0014
-1458.3 -4175.17 -2143.28 0.25 0 1 -0 0.0014
-1458.3 -4512.52 -2143.28 0.25 0.25 1 -0 0.0014
-1458.6 -4175.17 -1936.33 0.5 0 1 -0 0.0014
-1458.6 -4512.52 -1936.33 0.5 0.25 1 -0 0.0014
-1458.89 -4175.17 -1729.39 0.75 0 1 -0 0.0014
-1458.6 -4512.52 -1936.33 0.5 0.25 1 -0 0.0014
-1458.6 -4175.17 -1936.33 0.5 0 1 -0 0.0014
-1458.6 -4512.52 -1936.33 0.5 0.25 1 -0 0.0014
-1458.89 -4175.17 -1729.39 0.75 0 1 -0 0.0014
-1458.89 -4512.52 -1729.39 0.75 0.25 1 -0 0.0014
-1459.18 -4175.17 -1522.44 1 0 1 -0 0.0014
-1458.89 -4512.52 -1729.39 0.75 0.25 1 -0 0.0014
-1458.89 -4175.17 -1729.39 0.75 0 1 -0 0.0014
-1458.89 -4512.52 -1729.39 0.75 0.25 1 -0 0.0014
-1459.18 -4175.17 -1522.44 1 0 1 -0 0.0014
-1459.18 -4512.52 -1522.44 1 0.25 1 -0 0.0014
-1311.73 -5187.23 -2082.13 0.25 0.75 0.7045 -0 0.7097
-1164.87 -5524.59 -2227.93 0 1 0.7045 -0 0.7097
-1164.87 -5187.23 -2227.93 0 0.75 0.7045 -0 0.7097
-1164.87 -5524.59 -2227.93 0 1 0.7045 -0 0.7097
-1311.73 -5187.23 -2082.13 0.25 0.75 0.7045 -0 0.7097
-1311.73 -5524.59 -2082.13 0.25 1 0.7045 -0 0.7097
-1458.6 -5187.23 -1936.33 0.5 0.75 0.7045 -0 0.7097
-1311.73 -5524.59 -2082.13 0.25 1 0.7045 -0 0.7097
-1311.73 -5187.23 -2082.13 0.25 0.75 0.7045 -0 0.7097
-1311.73 -5524.59 -2082.13 0.25 1 0.7045 -0 0.7097
-1458.6 -5187.23 -1936.33 0.5 0.75 0.7045 -0 0.7097
-1458.6 -5524.59 -1936.33 0.5 1 0.7045 -0 0.7097
-1605.46 -5187.23 -1790.53 0.75 0.75 0.7045 -0 0.7097
-1458.6 -5524.59 -1936.33 0.5 1 0.7045 -0 0.7097
-1458.6 -5187.23 -1936.33 0.5 0.75 0.7045 -0 0.7097
-1458.6 -5524.59 -1936.33 0.5 1 0.7045 -0 0.7097
-1605.46 -5187.23 -1790.53 0.75 0.75 0.7045 -0 0.7097
-1605.46 -5524.59 -1790.53 0.75 1 0.7045 -0 0.7097
-1752.33 -5187.23 -1644.73 1 0.75 0.7045 -0 0.7097
-1605.46 -5524.59 -1790.53 0.75 1 0.7045 -0 0.7097
-1605.46 -5187.23 -1790.53 0.75 0.75 0.7045 -0 0.7097
-1605.46 -5524.59 -1790.53 0.75 1 0.7045 -0 0.7097
-1752.33 -5187.23 -1644.73 1 0.75 0.7045 -0 0.7097
-1752.33 -5524.59 -1644.73 1 1 0.7045 -0 0.7097
-1311.73 -4849.88 -2082.13 0.25 0.5 0.7045 -0 0.7097
-1164.87 -5187.23 -2227.93 0 0.75 0.7045 -0 0.7097
-1164.87 -4849.88 -2227.93 0 0.5 0.7045 -0 0.7097
-1164.87 -5187.23 -2227.93 0 0.75 0.7045 -0 0.7097
-1311.73 -4849.88 -2082.13 0.25 0.5 0.7045 -0 0.7097
-1311.73 -5187.23 -2082.13 0.25 0.75 0.7045 -0 0.7097
-1458.6 -4849.88 -1936.33 0.5 0.5 0.7045 -0 0.7097
-1311.73 -5187.23 -2082.13 0.25 0.75 0.7045 -0 0.7097
-1311.73 -4849.88 -2082.13 0.25 0.5 0.7045 -0 0.7097
-1311.73 -5187.23 -2082.13 0.25 0.75 0.7045 -0 0.7097
-1458.6 -4849.88 -1936.33 0.5 0.5 0.7045 -0 0.7097
-1458.6 -5187.23 -1936.33 0.5 0.75 0.7045 -0 0.7097
-1605.46 -4849.88 -1790.53 0.75 0.5 0.7045 -0 0.7097
-1458.6 -5187.23 -1936.33 0.5 0.75 0.7045 -0 0.7097
-1458.6 -4849.88 -1936.33 0.5 0.5 0.7045 -0 0.7097
-1458.6 -5187.23 -1936.33 0.5 0.75 0.7045 -0 0.7097
-1605.46 -4849.88 -1790.53 0.75 0.5 0.7045 -0 0.7097
-1605.46 -5187.23 -1790.53 0.75 0.75 0.7045 -0 0.7097
-1752.33 -4849.88 -1644.73 1 0.5 0.7045 -0 0.7097
-1605.46 -5187.23 -1790.53 0.75 0.75 0.7045 -0 0.7097
-1605.46 -4849.88 -1790.53 0.75 0.5 0.7045 -0 0.7097
-1605.46 -5187.23 -1790.53 0.75 0.75 0.7045 -0 0.7097
-1752.33 -4849.88 -1644.73 1 0.5 0.7045 -0 0.7097
-1752.33 -5187.23 -1644.73 1 0.75 0.7045 -0 0.7097
-1311.73 -4512.52 -2082.13 0.25 0.25 0.7045 -0 0.7097
-1164.87 -4849.88 -2227.93 0 0.5 0.7045 -0 0.7097
-1164.87 -4512.52 -2227.93 0 0.25 0.7045 -0 0.7097
-1164.87 -4849.88 -2227.93 0 0.5 0.7045 -0 0.7097
-1311.73 -4512.52 -2082.13 0.25 0.25 0.7045 -0 0.7097
-1311.73 -4849.88 -2082.13 0.25 0.5 0.7045 -0 0.7097
-1458.6 -4512.52 -1936.33 0.5 0.25 0.7045 -0 0.7097
-1311.73 -4849.88 -2082.13 0.25 0.5 0.7045 -0 0.7097
-1311.73 -4512.52 -2082.13 0.25 0.25 0.7045 -0 0.7097
-1311.73 -4849.88 -2082.13 0.25 0.5 0.7045 -0 0.7097
-1458.6 -4512.52 -1936.33 0.5 0.25 0.7045 -0 0.7097
-1458.6 -4849.88 -1936.33 0.5 0.5 0.7045 -0 0.7097
-1605.46 -4512.52 -1790.53 0.75 0.25 0.7045 -0 0.7097
-1458.6 -4849.88 -1936.33 0.5 0.5 0.7045 -0 0.7097
-1458.6 -4512.52 -1936.33 0.5 0.25 0.7045 -0 0.7097
-1458.6 -4849.88 -1936.33 0.5 0.5 0.7045 -0 0.7097
-1605.46 -4512.52 -1790.53 0.75 0.25 0.7045 -0 0.7097
-1605.46 -4849.88 -1790.53 0.75 0.5 0.7045 -0 0.7097
-1752.33 -4512.52 -1644.73 1 0.25 0.7045 -0 0.7097
-1605.46 -4849.88 -1790.53 0.75 0.5 0.7045 -0 0.7097
-1605.46 -4512.52 -1790.53 0.75 0.25 0.7045 -0 0.7097
-1605.46 -4849.88 -1790.53 0.75 0.5 0.7045 -0 0.7097
-1752.33 -4512.52 -1644.73 1 0.25 0.7045 -0 0.7097
-1752.33 -4849.88 -1644.73 1 0.5 0.7045 -0 0.7097
-1311.73 -4175.17 -2082.13 0.25 0 0.7045 -0 0.7097
-1164.87 -4512.52 -2227.93 0 0.25 0.7045 -0 0.7097
-1164.87 -4175.17 -2227.93 0 0 0.7045 -0 0.7097
-1164.87 -4512.52 -2227.93 0 0.25 0.7045 -0 0.7097
-1311.73 -4175.17 -2082.13 0.25 0 0.7045 -0 0.7097
-1311.73 -4512.52 -2082.13 0.25 0.25 0.7045 -0 0.7097
-1458.6 -4175.17 -1936.33 0.5 0 0.7045 -0 0.7097
-1311.73 -4512.52 -2082.13 0.25 0.25 0.7045 -0 0.7097
-1311.73 -4175.17 -2082.13 0.25 0 0.7045 -0 0.7097
-1311.73 -4512.52 -2082.13 0.25 0.25 0.7045 -0 0.7097
-1458.6 -4175.17 -1936.33 0.5 0 0.7045 -0 0.7097
-1458.6 -4512.52 -1936.33 0.5 0.25 0.7045 -0 0.7097
-1605.46 -4175.17 -1790.53 0.75 0 0.7045 -0 0.7097
-1458.6 -4512.52 -1936.33 0.5 0.25 0.7045 -0 0.7097
-1458.6 -4175.17 -1936.33 0.5 0 0.7045 -0 0.7097
-1458.6 -4512.52 -1936.33 0.5 0.25 0.7045 -0 0.7097
-1605.46 -4175.17 -1790.53 0.75 0 0.7045 -0 0.7097
-1605.46 -4512.52 -1790.53 0.75 0.25 0.7045 -0 0.7097
-1752.33 -4175.17 -1644.73 1 0 0.7045 -0 0.7097
-1605.46 -4512.52 -1790.53 0.75 0.25 0.7045 -0 0.7097
-1605.46 -4175.17 -1790.53 0.75 0 0.7045 -0 0.7097
-1605.46 -4512.52 -1790.53 0.75 0.25 0.7045 -0 0.7097
-1752.33 -4175.17 -1644.73 1 0 0.7045 -0 0.7097
-1752.33 -4512.52 -1644.73 1 0.25 0.7045 -0 0.7097
-1251.65 -5187.23 -1935.95 0.25 0.75 -0.0018 -0 1
-1044.7 -5524.59 -1935.57 0 1 -0.0018 -0 1
-1044.7 -5187.23 -1935.57 0 0.75 -0.0018 -0 1
-1044.7 -5524.59 -1935.57 0 1 -0.0018 -0 1
-1251.65 -5187.23 -1935.95 0.25 0.75 -0.0018 -0 1
-1251.65 -5524.59 -1935.95 0.25 1 -0.0018 -0 1
-1458.6 -5187.23 -1936.33 0.5 0.75 -0.0018 -0 1
-1251.65 -5524.59 -1935.95 0.25 1 -0.0018 -0 1
-1251.65 -5187.23 -1935.95 0.25 0.75 -0.0018 -0 1
-1251.65 -5524.59 -1935.95 0.25 1 -0.0018 -0 1
-1458.6 -5187.23 -1936.33 0.5 0.75 -0.0018 -0 1
-1458.6 -5524.59 -1936.33 0.5 1 -0.0018 -0 1
-1665.54 -5187.23 -1936.71 0.75 0.75 -0.0018 -0 1
-1458.6 -5524.59 -1936.33 0.5 1 -0.0018 -0 1
-1458.6 -5187.23 -1936.33 0.5 0.75 -0.0018 -0 1
-1458.6 -5524.59 -1936.33 0.5 1 -0.0018 -0 1
-1665.54 -5187.23 -1936.71 0.75 0.75 -0.0018 -0 1
-1665.54 -5524.59 -1936.71 0.75 1 -0.0018 -0 1
-1872.49 -5187.23 -1937.09 1 0.75 -0.0018 -0 1
-1665.54 -5524.59 -1936.71 0.75 1 -0.0018 -0 1
-1665.54 -5187.23 -1936.71 0.75 0.75 -0.0018 -0 1
-1665.54 -5524.59 -1936.71 0.75 1 -0.0018 -0 1
-1872.49 -5187.23 -1937.09 1 0.75 -0.0018 -0 1
-1872.49 -5524.59 -1937.09 1 1 -0.0018 -0 1
-1251.65 -4849.88 -1935.95 0.25 0.5 -0.0018 -0 1
-1044.7 -5187.23 -1935.57 0 0.75 -0.0018 -0 1
-1044.7 -4849.88 -1935.57 0 0.5 -0.0018 -0 1
-1044.7 -5187.23 -1935.57 0 0.75 -0.0018 -0 1
-1251.65 -4849.88 -1935.95 0.25 0.5 -0.0018 -0 1
-1251.65 -5187.23 -1935.95 0.25 0.75 -0.0018 -0 1
-1458.6 -4849.88 -1936.33 0.5 0.5 -0.0018 -0 1
-1251.65 -5187.23 -1935.95 0.25 0.75 -0.0018 -0 1
-1251.65 -4849.88 -1935.95 0.25 0.5 -0.0018 -0 1
-1251.65 -5187.23 -1935.95 0.25 0.75 -0.0018 -0 1
-1458.6 -4849.88 -1936.33 0.5 0.5 -0.0018 -0 1
-1458.6 -5187.23 -1936.33 0.5 0.75 -0.0018 -0 1
-1665.54 -4849.88 -1936.71 0.75 0.5 -0.0018 -0 1
-1458.6 -5187.23 -1936.33 0.5 0.75 -0.0018 -0 1
-1458.6 -4849.88 -1936.33 0.5 0.5 -0.0018 -0 1
-1458.6 -5187.23 -1936.33 0.5 0.75 -0.0018 -0 1
-1665.54 -4849.88 -1936.71 0.75 0.5 -0.0018 -0 1
-1665.54 -5187.23 -1936.71 0.75 0.75 -0.0018 -0 1
-1872.49 -4849.88 -1937.09 1 0.5 -0.0018 -0 1
-1665.54 -5187.23 -1936.71 0.75 0.75 -0.0018 -0 1
-1665.54 -4849.88 -1936.71 0.75 0.5 -0.0018 -0 1
-1665.54 -5187.23 -1936.71 0.75 0.75 -0.0018 -0 1
-1872.49 -4849.88 -1937.09 1 0.5 -0.0018 -0 1
-1872.49 -5187.23 -1937.09 1 0.75 -0.0018 -0 1
-1251.65 -4512.52 -1935.95 0.25 0.25 -0.0018 -0 1
-1044.7 -4849.88 -1935.57 0 0.5 -0.0018 -0 1
-1044.7 -4512.52 -1935.57 0 0.25 -0.0018 -0 1
-1044.7 -4849.88 -1935.57 0 0.5 -0.0018 -0 1
-1251.65 -4512.52 -1935.95 0.25 0.25 -0.0018 -0 1
-1251.65 -4849.88 -1935.95 0.25 0.5 -0.0018 -0 1
-1458.6 -4512.52 -1936.33 0.5 0.25 -0.0018 -0 1
-1251.65 -4849.88 -1935.95 0.25 0.5 -0.0018 -0 1
-1251.65 -4512.52 -1935.95 0.25 0.25 -0.0018 -0 1
-1251.65 -4849.88 -1935.95 0.25 0.5 -0.0018 -0 1
-1458.6 -4512.52 -1936.33 0.5 0.25 -0.0018 -0 1
-1458.6 -4849.88 -1936.33 0.5 0.5 -0.0018 -0 1
-1665.54 -4512.52 -1936.71 0.75 0.25 -0.0018 -0 1
-1458.6 -4849.88 -1936.33 0.5 0.5 -0.0018 -0 1
-1458.6 -4512.52 -1936.33 0.5 0.25 -0.0018 -0 1
-1458.6 -4849.88 -1936.33 0.5 0.5 -0.0018 -0 1
-1665.54 -4512.52 -1936.71 0.75 0.25 -0.0018 -0 1
-1665.54 -4849.88 -1936.71 0.75 0.5 -0.0018 -0 1
-1872.49 -4512.52 -1937.09 1 0.25 -0.0018 -0 1
-1665.54 -4849.88 -1936.71 0.75 0.5 -0.0018 -0 1
-1665.54 -4512.52 -1936.71 0.75 0.25 -0.0018 -0 1
-1665.54 -4849.88 -1936.71 0.75 0.5 -0.0018 -0 1
-1872.49 -4512.52 -1937.09 1 0.25 -0.0018 -0 1
-1872.49 -4849.88 -1937.09 1 0.5 -0.0018 -0 1
-1251.65 -4175.17 -1935.95 0.25 0 -0.0018 -0 1
-1044.7 -4512.52 -1935.57 0 0.25 -0.0018 -0 1
-1044.7 -4175.17 -1935.57 0 0 -0.0018 -0 1
-1044.7 -4512.52 -1935.57 0 0.25 -0.0018 -0 1
-1251.65 -4175.17 -1935.95 0.25 0 -0.0018 -0 1
-1251.65 -4512.52 -1935.95 0.25 0.25 -0.0018 -0 1
-1458.6 -4175.17 -1936.33 0.5 0 -0.0018 -0 1
-1251.65 -4512.52 -1935.95 0.25 0.25 -0.0018 -0 1
-1251.65 -4175.17 -1935.95 0.25 0 -0.0018 -0 1
-1251.65 -4512.52 -1935.95 0.25 0.25 -0.0018 -0 1
-1458.6 -4175.17 -1936.33 0.5 0 -0.0018 -0 1
-1458.6 -4512.52 -1936.33 0.5 0.25 -0.0018 -0 1
-1665.54 -4175.17 -1936.71 0.75 0 -0.0018 -0 1
-1458.6 -4512.52 -1936.33 0.5 0.25 -0.0018 -0 1
-1458.6 -4175.17 -1936.33 0.5 0 -0.0018 -0 1
-1458.6 -4512.52 -1936.33 0.5 0.25 -0.0018 -0 1
-1665.54 -4175.17 -1936.71 0.75 0 -0.0018 -0 1
-1665.54 -4512.52 -1936.71 0.75 0.25 -0.0018 -0 1
-1872.49 -4175.17 -1937.09 1 0 -0.0018 -0 1
-1665.54 -4512.52 -1936.71 0.75 0.25 -0.0018 -0 1
-1665.54 -4175.17 -1936.71 0.75 0 -0.0018 -0 1
-1665.54 -4512.52 -1936.71 0.75 0.25 -0.0018 -0 1
-1872.49 -4175.17 -1937.09 1 0 -0.0018 -0 1
-1872.49 -4512.52 -1937.09 1 0.25 -0.0018 -0 1
-1312.71 -5187.23 -1789.55 0.25 0.75 -0.7092 -0 0.705
-1166.82 -5524.59 -1642.78 0 1 -0.7092 -0 0.705
-1166.82 -5187.23 -1642.78 0 0.75 -0.7092 -0 0.705
-1166.82 -5524.59 -1642.78 0 1 -0.7092 -0 0.705
-1312.71 -5187.23 -1789.55 0.25 0.75 -0.7092 -0 0.705
-1312.71 -5524.59 -1789.55 0.25 1 -0.7092 -0 0.705
-1458.6 -5187.23 -1936.33 0.5 0.75 -0.7092 -0 0.705
-1312.71 -5524.59 -1789.55 0.25 1 -0.7092 -0 0.705
-1312.71 -5187.23 -1789.55 0.25 0.75 -0.7092 -0 0.705
-1312.71 -5524.59 -1789.55 0.25 1 -0.7092 -0 0.705
-1458.6 -5187.23 -1936.33 0.5 0.75 -0.7092 -0 0.705
-1458.6 -5524.59 -1936.33 0.5 1 -0.7092 -0 0.705
-1604.49 -5187.23 -2083.11 0.75 0.75 -0.7092 -0 0.705
-1458.6 -5524.59 -1936.33 0.5 1 -0.7092 -0 0.705
-1458.6 -5187.23 -1936.33 0.5 0.75 -0.7092 -0 0.705
-1458.6 -5524.59 -1936.33 0.5 1 -0.7092 -0 0.705
-1604.49 -5187.23 -2083.11 0.75 0.75 -0.7092 -0 0.705
-1604.49 -5524.59 -2083.11 0.75 1 -0.7092 -0 0.705
-1750.37 -5187.23 -2229.89 1 0.75 -0.7092 -0 0.705
-1604.49 -5524.59 -2083.11 0.75 1 -0.7092 -0 0.705
-1604.49 -5187.23 -2083.11 0.75 0.75 -0.7092 -0 0.705
-1604.49 -5524.59 -2083.11 0.75 1 -0.7092 -0 0.705
-1750.37 -5187.23 -2229.89 1 0.75 -0.7092 -0 0.705
-1750.37 -5524.59 -2229.89 1 1 -0.7092 -0 0.705
-1312.71 -4849.88 -1789.55 0.25 0.5 -0.7092 -0 0.705
-1166.82 -5187.23 -1642.78 0 0.75 -0.7092 -0 0.705
-1166.82 -4849.88 -1642.78 0 0.5 -0.7092 -0 0.705
-1166.82 -5187.23 -1642.78 0 0.75 -0.7092 -0 0.705
-1312.71 -4849.88 -1789.55 0.25 0.5 -0.7092 -0 0.705
-1312.71 -5187.23 -1789.55 0.25 0.75 -0.7092 -0 0.705
-1458.6 -4849.88 -1936.33 0.5 0.5 -0.7092 -0 0.705
-1312.71 -5187.23 -1789.55 0.25 0.75 -0.7092 -0 0.705
-1312.71 -4849.88 -1789.55 0.25 0.5 -0.7092 -0 0.705
-1312.71 -5187.23 -1789.55 0.25 0.75 -0.7092 -0 0.705
-1458.6 -4849.88 -1936.33 0.5 0.5 -0.7092 -0 0.705
-1458.6 -5187.23 -1936.33 0.5 0.75 -0.7092 -0 0.705
-1604.49 -4849.88 -2083.11 0.75 0.5 -0.7092 -0 0.705
-1458.6 -5187.23 -1936.33 0.5 0.75 -0.7092 -0 0.705
-1458.6 -4849.88 -1936.33 0.5 0.5 -0.7092 -0 0.705
-1458.6 -5187.23 -1936.33 0.5 0.75 -0.7092 -0 0.705
-1604.49 -4849.88 -2083.11 0.75 0.5 -0.7092 -0 0.705
-1604.49 -5187.23 -2083.11 0.75 0.75 -0.7092 -0 0.705
-1750.37 -4849.88 -2229.89 1 0.5 -0.7092 -0 0.705
-1604.49 -5187.23 -2083.11 0.75 0.75 -0.7092 -0 0.705
-1604.49 -4849.88 -2083.11 0.75 0.5 -0.7092 -0 0.705
-1604.49 -5187.23 -2083.11 0.75 0.75 -0.7092 -0 0.705
-1750.37 -4849.88 -2229.89 1 0.5 -0.7092 -0 0.705
-1750.37 -5187.23 -2229.89 1 0.75 -0.7092 -0 0.705
-1312.71 -4512.52 -1789.55 0.25 0.25 -0.7092 -0 0.705
-1166.82 -4849.88 -1642.78 0 0.5 -0.7092 -0 0.705
-1166.82 -4512.52 -1642.78 0 0.25 -0.7092 -0 0.705
-1166.82 -4849.88 -1642.78 0 0.5 -0.7092 -0 0.705
-1312.71 -4512.52 -1789.55 0.25 0.25 -0.7092 -0 0.705
-1312.71 -4849.88 -1789.55 0.25 0.5 -0.7092 -0 0.705
-1458.6 -4512.52 -1936.33 0.5 0.25 -0.7092 -0 0.705
-1312.71 -4849.88 -1789.55 0.25 0.5 -0.7092 -0 0.705
-1312.71 -4512.52 -1789.55 0.25 0.25 -0.7092 -0 0.705
-1312.71 -4849.88 -1789.55 0.25 0.5 -0.7092 -0 0.705
-1458.6 -4512.52 -1936.33 0.5 0.25 -0.7092 -0 0.705
-1458.6 -4849.88 -1936.33 0.5 0.5 -0.7092 -0 0.705
-1604.49 -4512.52 -2083.11 0.75 0.25 -0.7092 -0 0.705
-1458.6 -4849.88 -1936.33 0.5 0.5 -0.7092 -0 0.705
-1458.6 -4512.52 -1936.33 0.5 0.25 -0.7092 -0 0.705
-1458.6 -4849.88 -1936.33 0.5 0.5 -0.7092 -0 0.705
-1604.49 -4512.52 -2083.11 0.75 0.25 -0.7092 -0 0.705
-1604.49 -4849.88 -2083.11 0.75 0.5 -0.7092 -0 0.705
-1750.37 -4512.52 -2229.89 1 0.25 -0.7092 -0 0.705
-1604.49 -4849.88 -2083.11 0.75 0.5 -0.7092 -0 0.705
-1604.49 -4512.52 -2083.11 0.75 0.25 -0.7092 -0 0.705
-1604.49 -4849.88 -2083.11 0.75 0.5 -0.7092 -0 0.705
-1750.37 -4512.52 -2229.89 1 0.25 -0.7092 -0 0.705
-1750.37 -4849.88 -2229.89 1 0.5 -0.7092 -0 0.705
-1312.71 -4175.17 -1789.55 0.25 0 -0.7092 -0 0.705
-1166.82 -4512.52 -1642.78 0 0.25 -0.7092 -0 0.705
-1166.82 -4175.17 -1642.78 0 0 -0.7092 -0 0.705
-1166.82 -4512.52 -1642.78 0 0.25 -0.7092 -0 0.705
-1312.71 -4175.17 -1789.55 0.25 0 -0.7092 -0 0.705
-1312.71 -4512.52 -1789.55 0.25 0.25 -0.7092 -0 0.705
-1458.6 -4175.17 -1936.33 0.5 0 -0.7092 -0 0.705
-1312.71 -4512.52 -1789.55 0.25 0.25 -0.7092 -0 0.705
-1312.71 -4175.17 -1789.55 0.25 0 -0.7092 -0 0.705
-1312.71 -4512.52 -1789.55 0.25 0.25 -0.7092 -0 0.705
-1458.6 -4175.17 -1936.33 0.5 0 -0.7092 -0 0.705
-1458.6 -4512.52 -1936.33 0.5 0.25 -0.7092 -0 0.705
-1604.49 -4175.17 -2083.11 0.75 0 -0.7092 -0 0.705
-1458.6 -4512.52 -1936.33 0.5 0.25 -0.7092 -0 0.705
-1458.6 -4175.17 -1936.33 0.5 0 -0.7092 -0 0.705
-1458.6 -4512.52 -1936.33 0.5 0.25 -0.7092 -0 0.705
-1604.49 -4175.17 -2083.11 0.75 0 -0.7092 -0 0.705
-1604.49 -4512.52 -2083.11 0.75 0.25 -0.7092 -0 0.705
-1750.37 -4175.17 -2229.89 1 0 -0.7092 -0 0.705
-1604.49 -4512.52 -2083.11 0.75 0.25 -0.7092 -0 0.705
-1604.49 -4175.17 -2083.11 0.75 0 -0.7092 -0 0.705
-1604.49 -4512.52 -2083.11 0.75 0.25 -0.7092 -0 0.705
-1750.37 -4175.17 -2229.89 1 0 -0.7092 -0 0.705
-1750.37 -4512.52 -2229.89 1 0.25 -0.7092 -0 0.705
-1459.7 -5187.23 -1729.39 0.25 0.75 -1 -0 -0.0053
-1460.8 -5524.59 -1522.44 0 1 -1 -0 -0.0053
-1460.8 -5187.23 -1522.44 0 0.75 -1 -0 -0.0053
-1460.8 -5524.59 -1522.44 0 1 -1 -0 -0.0053
-1459.7 -5187.23 -1729.39 0.25 0.75 -1 -0 -0.0053
-1459.7 -5524.59 -1729.39 0.25 1 -1 -0 -0.0053
-1458.6 -5187.23 -1936.33 0.5 0.75 -1 -0 -0.0053
-1459.7 -5524.59 -1729.39 0.25 1 -1 -0 -0.0053
-1459.7 -5187.23 -1729.39 0.25 0.75 -1 -0 -0.0053
-1459.7 -5524.59 -1729.39 0.25 1 -1 -0 -0.0053
-1458.6 -5187.23 -1936.33 0.5 0.75 -1 -0 -0.0053
-1458.6 -5524.59 -1936.33 0.5 1 -1 -0 -0.0053
-1457.49 -5187.23 -2143.28 0.75 0.75 -1 -0 -0.0053
-1458.6 -5524.59 -1936.33 0.5 1 -1 -0 -0.0053
-1458.6 -5187.23 -1936.33 0.5 0.75 -1 -0 -0.0053
-1458.6 -5524.59 -1936.33 0.5 1 -1 -0 -0.0053
-1457.49 -5187.23 -2143.28 0.75 0.75 -1 -0 -0.0053
-1457.49 -5524.59 -2143.28 0.75 1 -1 -0 -0.0053
-1456.39 -5187.23 -2350.22 1 0.75 -1 -0 -0.0053
-1457.49 -5524.59 -2143.28 0.75 1 -1 -0 -0.0053
-1457.49 -5187.23 -2143.28 0.75 0.75 -1 -0 -0.0053
-1457.49 -5524.59 -2143.28 0.75 1 -1 -0 -0.0053
-1456.39 -5187.23 -2350.22 1 0.75 -1 -0 -0.0053
-1456.39 -5524.59 -2350.22 1 1 -1 -0 -0.0053
-1459.7 -4849.88 -1729.39 0.25 0.5 -1 -0 -0.0053
-1460.8 -5187.23 -1522.44 0 0.75 -1 -0 -0.0053
-1460.8 -4849.88 -1522.44 0 0.5 -1 -0 -0.0053
-1460.8 -5187.23 -1522.44 0 0.75 -1 -0 -0.0053
-1459.7 -4849.88 -1729.39 0.25 0.5 -1 -0 -0.0053
-1459.7 -5187.23 -1729.39 0.25 0.75 -1 -0 -0.0053
-1458.6 -4849.88 -1936.33 0.5 0.5 -1 -0 -0.0053
-1459.7 -5187.23 -1729.39 0.25 0.75 -1 -0 -0.0053
-1459.7 -4849.88 -1729.39 0.25 0.5 -1 -0 -0.0053
-1459.7 -5187.23 -1729.39 0.25 0.75 -1 -0 -0.0053
-1458.6 -4849.88 -1936.33 0.5 0.5 -1 -0 -0.0053
-1458.6 -5187.23 -1936.33 0.5 0.75 -1 -0 -0.0053
-1457.49 -4849.88 -2143.28 0.75 0.5 -1 -0 -0.0053
-1458.6 -5187.23 -1936.33 0.5 0.75 -1 -0 -0.0053
-1458.6 -4849.88 -1936.33 0.5 0.5 -1 -0 -0.0053
-1458.6 -5187.23 -1936.33 0.5 0.75 -1 -0 -0.0053
-1457.49 -4849.88 -2143.28 0.75 0.5 -1 -0 -0.0053
-1457.49 -5187.23 -2143.28 0.75 0.75 -1 -0 -0.0053
-1456.39 -4849.88 -2350.22 1 0.5 -1 -0 -0.0053
-1457.49 -5187.23 -2143.28 0.75 0.75 -1 -0 -0.0053
-1457.49 -4849.88 -2143.28 0.75 0.5 -1 -0 -0.0053
-1457.49 -5187.23 -2143.28 0.75 0.75 -1 -0 -0.0053
-1456.39 -4849.88 -2350.22 1 0.5 -1 -0 -0.0053
-1456.39 -5187.23 -2350.22 1 0.75 -1 -0 -0.0053
-1459.7 -4512.52 -1729.39 0.25 0.25 -1 -0 -0.0053
-1460.8 -4849.88 -1522.44 0 0.5 -1 -0 -0.0053
-1460.8 -4512.52 -1522.44 0 0.25 -1 -0 -0.0053
-1460.8 -4849.88 -1522.44 0 0.5 -1 -0 -0.0053
-1459.7 -4512.52 -1729.39 0.25 0.25 -1 -0 -0.0053
-1459.7 -4849.88 -1729.39 0.25 0.5 -1 -0 -0.0053
-1458.6 -4512.52 -1936.33 0.5 0.25 -1 -0 -0.0053
-1459.7 -4849.88 -1729.39 0.25 0.5 -1 -0 -0.0053
-1459.7 -4512.52 -1729.39 0.25 0.25 -1 -0 -0.0053
-1459.7 -4849.88 -1729.39 0.25 0.5 -1 -0 -0.0053
-1458.6 -4512.52 -1936.33 0.5 0.25 -1 -0 -0.0053
-1458.6 -4849.88 -1936.33 0.5 0.5 -1 -0 -0.0053
-1457.49 -4512.52 -2143.28 0.75 0.25 -1 -0 -0.0053
-1458.6 -4849.88 -1936.33 0.5 0.5 -1 -0 -0.0053
-1458.6 -4512.52 -1936.33 0.5 0.25 -1 -0 -0.0053
-1458.6 -4849.88 -1936.33 0.5 0.5 -1 -0 -0.0053
-1457.49 -4512.52 -2143.28 0.75 0.25 -1 -0 -0.0053
-1457.49 -4849.88 -2143.28 0.75 0.5 -1 -0 -0.0053
-1456.39 -4512.52 -2350.22 1 0.25 -1 -0 -0.0053
-1457.49 -4849.88 -2143.28 0.75 0.5 -1 -0 -0.0053
-1457.49 -4512.52 -2143.28 0.75 0.25 -1 -0 -0.0053
-1457.49 -4849.88 -2143.28 0.75 0.5 -1 -0 -0.0053
-1456.39 -4512.52 -2350.22 1 0.25 -1 -0 -0.0053
-1456.39 -4849.88 -2350.22 1 0.5 -1 -0 -0.0053
-1459.7 -4175.17 -1729.39 0.25 0 -1 -0 -0.0053
-1460.8 -4512.52 -1522.44 0 0.25 -1 -0 -0.0053
-1460.8 -4175.17 -1522.44 0 0 -1 -0 -0.0053
-1460.8 -4512.52 -1522.44 0 0.25 -1 -0 -0.0053
-1459.7 -4175.17 -1729.39 0.25 0 -1 -0 -0.0053
-1459.7 -4512.52 -1729.39 0.25 0.25 -1 -0 -0.0053
-1458.6 -4175.17 -1936.33 0.5 0 -1 -0 -0.0053
-1459.7 -4512.52 -1729.39 0.25 0.25 -1 -0 -0.0053
-1459.7 -4175.17 -1729.39 0.25 0 -1 -0 -0.0053
-1459.7 -4512.52 -1729.39 0.25 0.25 -1 -0 -0.0053
-1458.6 -4175.17 -1936.33 0.5 0 -1 -0 -0.0053
-1458.6 -4512.52 -1936.33 0.5 0.25 -1 -0 -0.0053
-1457.49 -4175.17 -2143.28 0.75 0 -1 -0 -0.0053
-1458.6 -4512.52 -1936.33 0.5 0.25 -1 -0 -0.0053
-1458.6 -4175.17 -1936.33 0.5 0 -1 -0 -0.0053
-1458.6 -4512.52 -1936.33 0.5 0.25 -1 -0 -0.0053
-1457.49 -4175.17 -2143.28 0.75 0 -1 -0 -0.0053
-1457.49 -4512.52 -2143.28 0.75 0.25 -1 -0 -0.0053
-1456.39 -4175.17 -2350.22 1 0 -1 -0 -0.0053
-1457.49 -4512.52 -2143.28 0.75 0.25 -1 -0 -0.0053
-1457.49 -4175.17 -2143.28 0.75 0 -1 -0 -0.0053
-1457.49 -4512.52 -2143.28 0.75 0.25 -1 -0 -0.0053
-1456.39 -4175.17 -2350.22 1 0 -1 -0 -0.0053
-1456.39 -4512.52 -2350.22 1 0.25 -1 -0 -0.0053
-1606.06 -5187.23 -1791.14 0.25 0.75 -0.7016 -0 -0.7126
-1753.53 -5524.59 -1645.95 0 1 -0.7016 -0 -0.7126
-1753.53 -5187.23 -1645.95 0 0.75 -0.7016 -0 -0.7126
-1753.53 -5524.59 -1645.95 0 1 -0.7016 -0 -0.7126
-1606.06 -5187.23 -1791.14 0.25 0.75 -0.7016 -0 -0.7126
-1606.06 -5524.59 -1791.14 0.25 1 -0.7016 -0 -0.7126
-1458.6 -5187.23 -1936.33 0.5 0.75 -0.7016 -0 -0.7126
-1606.06 -5524.59 -1791.14 0.25 1 -0.7016 -0 -0.7126
-1606.06 -5187.23 -1791.14 0.25 0.75 -0.7016 -0 -0.7126
-1606.06 -5524.59 -1791.14 0.25 1 -0.7016 -0 -0.7126
-1458.6 -5187.23 -1936.33 0.5 0.75 -0.7016 -0 -0.7126
-1458.6 -5524.59 -1936.33 0.5 1 -0.7016 -0 -0.7126
-1311.13 -5187.23 -2081.52 0.75 0.75 -0.7016 -0 -0.7126
-1458.6 -5524.59 -1936.33 0.5 1 -0.7016 -0 -0.7126
-1458.6 -5187.23 -1936.33 0.5 0.75 -0.7016 -0 -0.7126
-1458.6 -5524.59 -1936.33 0.5 1 -0.7016 -0 -0.7126
-1311.13 -5187.23 -2081.52 0.75 0.75 -0.7016 -0 -0.7126
-1311.13 -5524.59 -2081.52 0.75 1 -0.7016 -0 -0.7126
-1163.66 -5187.23 -2226.71 1 0.75 -0.7016 -0 -0.7126
-1311.13 -5524.59 -2081.52 0.75 1 -0.7016 -0 -0.7126
-1311.13 -5187.23 -2081.52 0.75 0.75 -0.7016 -0 -0.7126
-1311.13 -5524.59 -2081.52 0.75 1 -0.7016 -0 -0.7126
-1163.66 -5187.23 -2226.71 1 0.75 -0.7016 -0 -0.7126
-1163.66 -5524.59 -2226.71 1 1 -0.7016 -0 -0.7126
-1606.06 -4849.88 -1791.14 0.25 0.5 -0.7016 -0 -0.7126
-1753.53 -5187.23 -1645.95 0 0.75 -0.7016 -0 -0.7126
-1753.53 -4849.88 -1645.95 0 0.5 -0.7016 -0 -0.7126
-1753.53 -5187.23 -1645.95 0 0.75 -0.7016 -0 -0.7126
-1606.06 -4849.88 -1791.14 0.25 0.5 -0.7016 -0 -0.7126
-1606.06 -5187.23 -1791.14 0.25 0.75 -0.7016 -0 -0.7126
-1458.6 -4849.88 -1936.33 0.5 0.5 -0.7016 -0 -0.7126
-1606.06 -5187.23 -1791.14 0.25 0.75 -0.7016 -0 -0.7126
-1606.06 -4849.88 -1791.14 0.25 0.5 -0.7016 -0 -0.7126
-1606.06 -5187.23 -1791.14 0.25 0.75 -0.7016 -0 -0.7126
-1458.6 -4849.88 -1936.33 0.5 0.5 -0.7016 -0 -0.7126
-1458.6 -5187.23 -1936.33 0.5 0.75 -0.7016 -0 -0.7126
-1311.13 -4849.88 -2081.52 0.75 0.5 -0.7016 -0 -0.7126
-1458.6 -5187.23 -1936.33 0.5 0.75 -0.7016 -0 -0.7126
-1458.6 -4849.88 -1936.33 0.5 0.5 -0.7016 -0 -0.7126
-1458.6 -5187.23 -1936.33 0.5 0.75 -0.7016 -0 -0.7126
-1311.13 -4849.88 -2081.52 0.75 0.5 -0.7016 -0 -0.7126
-1311.13 -5187.23 -2081.52 0.75 0.75 -0.7016 -0 -0.7126
-1163.66 -4849.88 -2226.71 1 0.5 -0.7016 -0 -0.7126
-1311.13 -5187.23 -2081.52 0.75 0.75 -0.7016 -0 -0.7126
-1311.13 -4849.88 -2081.52 0.75 0.5 -0.7016 -0 -0.7126
-1311.13 -5187.23 -2081.52 0.75 0.75 -0.7016 -0 -0.7126
-1163.66 -4849.88 -2226.71 1 0.5 -0.7016 -0 -0.7126
-1163.66 -5187.23 -2226.71 1 0.75 -0.7016 -0 -0.7126
-1606.06 -4512.52 -1791.14 0.25 0.25 -0.7016 -0 -0.7126
-1753.53 -4849.88 -1645.95 0 0.5 -0.7016 -0 -0.7126
-1753.53 -4512.52 -1645.95 0 0.25 -0.7016 -0 -0.7126
-1753.53 -4849.88 -1645.95 0 0.5 -0.7016 -0 -0.7126
-1606.06 -4512.52 -1791.14 0.25 0.25 -0.7016 -0 -0.7126
-1606.06 -4849.88 -1791.14 0.25 0.5 -0.7016 -0 -0.7126
-1458.6 -4512.52 -1936.33 0.5 0.25 -0.7016 -0 -0.7126
-1606.06 -4849.88 -1791.14 0.25 0.5 -0.7016 -0 -0.7126
-1606.06 -4512.52 -1791.14 0.25 0.25 -0.7016 -0 -0.7126
-1606.06 -4849.88 -1791.14 0.25 0.5 -0.7016 -0 -0.7126
-1458.6 -4512.52 -1936.33 0.5 0.25 -0.7016 -0 -0.7126
-1458.6 -4849.88 -1936.33 0.5 0.5 -0.7016 -0 -0.7126
-1311.13 -4512.52 -2081.52 0.75 0.25 -0.7016 -0 -0.7126
-1458.6 -4849.88 -1936.33 0.5 0.5 -0.7016 -0 -0.7126
-1458.6 -4512.52 -1936.33 0.5 0.25 -0.7016 -0 -0.7126
-1458.6 -4849.88 -1936.33 0.5 0.5 -0.7016 -0 -0.7126
-1311.13 -4512.52 -2081.52 0.75 0.25 -0.7016 -0 -0.7126
-1311.13 -4849.88 -2081.52 0.75 0.5 -0.7016 -0 -0.7126
-1163.66 -4512.52 -2226.71 1 0.25 -0.7016 -0 -0.7126
-1311.13 -4849.88 -2081.52 0.75 0.5 -0.7016 -0 -0.7126
-1311.13 -4512.52 -2081.52 0.75 0.25 -0.7016 -0 -0.7126
-1311.13 -4849.88 -2081.52 0.75 0.5 -0.7016 -0 -0.7126
-1163.66 -4512.52 -2226.71 1 0.25 -0.7016 -0 -0.7126
-1163.66 -4849.88 -2226.71 1 0.5 -0.7016 -0 -0.7126
-1606.06 -4175.17 -1791.14 0.25 0 -0.7016 -0 -0.7126
-1753.53 -4512.52 -1645.95 0 0.25 -0.7016 -0 -0.7126
-1753.53 -4175.17 -1645.95 0 0 -0.7016 -0 -0.7126
-1753.53 -4512.52 -1645.95 0 0.25 -0.7016 -0 -0.7126
-1606.06 -4175.17 -1791.14 0.25 0 -0.7016 -0 -0.7126
-1606.06 -4512.52 -1791.14 0.25 0.25 -0.7016 -0 -0.7126
-1458.6 -4175.17 -1936.33 0.5 0 -0.7016 -0 -0.7126
-1606.06 -4512.52 -1791.14 0.25 0.25 -0.7016 -0 -0.7126
-1606.06 -4175.17 -1791.14 0.25 0 -0.7016 -0 -0.7126
-1606.06 -4512.52 -1791.14 0.25 0.25 -0.7016 -0 -0.7126
-1458.6 -4175.17 -1936.33 0.5 0 -0.7016 -0 -0.7126
-1458.6 -4512.52 -1936.33 0.5 0.25 -0.7016 -0 -0.7126
-1311.13 -4175.17 -2081.52 0.75 0 -0.7016 -0 -0.7126
-1458.6 -4512.52 -1936.33 0.5 0.25 -0.7016 -0 -0.7126
-1458.6 -4175.17 -1936.33 0.5 0 -0.7016 -0 -0.7126
-1458.6 -4512.52 -1936.33 0.5 0.25 -0.7016 -0 -0.7126
-1311.13 -4175.17 -2081.52 0.75 0 -0.7016 -0 -0.7126
-1311.13 -4512.52 -2081.52 0.75 0.25 -0.7016 -0 -0.7126
-1163.66 -4175.17 -2226.71 1 0 -0.7016 -0 -0.7126
-1311.13 -4512.52 -2081.52 0.75 0.25 -0.7016 -0 -0.7126
-1311.13 -4175.17 -2081.52 0.75 0 -0.7016 -0 -0.7126
-1311.13 -4512.52 -2081.52 0.75 0.25 -0.7016 -0 -0.7126
-1163.66 -4175.17 -2226.71 1 0 -0.7016 -0 -0.7126
-1163.66 -4512.52 -2226.71 1 0.25 -0.7016 -0 -0.7126
