Vertex Count: 600

Data:

-500 -1.11022e-14 -500 0 1 0 0.57735 -0
-500 -8.88178e-15 -400 0 0.9 0 0.57735 -0
-400 -8.88178e-15 -400 0.1 0.9 0 0.57735 -0
-500 -1.11022e-14 -500 0 1 0 0.57735 -0
-400 -8.88178e-15 -400 0.1 0.9 0 0.57735 -0
-400 -1.11022e-14 -500 0.1 1 0 0.57735 -0
-400 -1.11022e-14 -500 0.1 1 0 0.57735 -0
-400 -8.88178e-15 -400 0.1 0.9 0 0.57735 -0
-300 -8.88178e-15 -400 0.2 0.9 0 0.57735 -0
-400 -1.11022e-14 -500 0.1 1 0 0.57735 -0
-300 -8.88178e-15 -400 0.2 0.9 0 0.57735 -0
-300 -1.11022e-14 -500 0.2 1 0 0.57735 -0
-300 -1.11022e-14 -500 0.2 1 0 0.57735 -0
-300 -8.88178e-15 -400 0.2 0.9 0 0.57735 -0
-200 -8.88178e-15 -400 0.3 0.9 0 0.57735 -0
-300 -1.11022e-14 -500 0.2 1 0 0.57735 -0
-200 -8.88178e-15 -400 0.3 0.9 0 0.57735 -0
-200 -1.11022e-14 -500 0.3 1 0 0.57735 -0
-200 -1.11022e-14 -500 0.3 1 0 0.57735 -0
-200 -8.88178e-15 -400 0.3 0.9 0 0.57735 -0
-100 -8.88178e-15 -400 0.4 0.9 0 0.57735 -0
-200 -1.11022e-14 -500 0.3 1 0 0.57735 -0
-100 -8.88178e-15 -400 0.4 0.9 0 0.57735 -0
-100 -1.11022e-14 -500 0.4 1 0 0.57735 -0
-100 -1.11022e-14 -500 0.4 1 0 0.57735 -0
-100 -8.88178e-15 -400 0.4 0.9 0 0.57735 -0
0 -8.88178e-15 -400 0.5 0.9 0 0.57735 -0
-100 -1.11022e-14 -500 0.4 1 0 0.57735 -0
0 -8.88178e-15 -400 0.5 0.9 0 0.57735 -0
0 -1.11022e-14 -500 0.5 1 0 0.57735 -0
0 -1.11022e-14 -500 0.5 1 0 0.57735 -0
0 -8.88178e-15 -400 0.5 0.9 0 0.57735 -0
100 -8.88178e-15 -400 0.6 0.9 0 0.57735 -0
0 -1.11022e-14 -500 0.5 1 0 0.57735 -0
100 -8.88178e-15 -400 0.6 0.9 0 0.57735 -0
100 -1.11022e-14 -500 0.6 1 0 0.57735 -0
100 -1.11022e-14 -500 0.6 1 0 0.57735 -0
100 -8.88178e-15 -400 0.6 0.9 0 0.57735 -0
200 -8.88178e-15 -400 0.7 0.9 0 0.57735 -0
100 -1.11022e-14 -500 0.6 1 0 0.57735 -0
200 -8.88178e-15 -400 0.7 0.9 0 0.57735 -0
200 -1.11022e-14 -500 0.7 1 0 0.57735 -0
200 -1.11022e-14 -500 0.7 1 0 0.57735 -0
200 -8.88178e-15 -400 0.7 0.9 0 0.57735 -0
300 -8.88178e-15 -400 0.8 0.9 0 0.57735 -0
200 -1.11022e-14 -500 0.7 1 0 0.57735 -0
300 -8.88178e-15 -400 0.8 0.9 0 0.57735 -0
300 -1.11022e-14 -500 0.8 1 0 0.57735 -0
300 -1.11022e-14 -500 0.8 1 0 0.57735 -0
300 -8.88178e-15 -400 0.8 0.9 0 0.57735 -0
400 -8.88178e-15 -400 0.9 0.9 0 0.57735 -0
300 -1.11022e-14 -500 0.8 1 0 0.57735 -0
400 -8.88178e-15 -400 0.9 0.9 0 0.57735 -0
400 -1.11022e-14 -500 0.9 1 0 0.57735 -0
400 -1.11022e-14 -500 0.9 1 0 0.57735 -0
400 -8.88178e-15 -400 0.9 0.9 0 0.57735 -0
500 -8.88178e-15 -400 1 0.9 0 0.57735 -0
400 -1.11022e-14 -500 0.9 1 0 0.57735 -0
500 -8.88178e-15 -400 1 0.9 0 0.57735 -0
500 -1.11022e-14 -500 1 1 0 0.57735 -0
-200 -8.88178e-15 -400 0.3 0.9 0 0.57735 -0
-100 -6.66134e-15 -300 0.4 0.8 0 0.57735 -0
-100 -8.88178e-15 -400 0.4 0.9 0 0.57735 -0
-100 -8.88178e-15 -400 0.4 0.9 0 0.57735 -0
-100 -6.66134e-15 -300 0.4 0.8 0 0.57735 -0
0 -6.66134e-15 -300 0.5 0.8 0 0.57735 -0
-100 -8.88178e-15 -400 0.4 0.9 0 0.57735 -0
0 -6.66134e-15 -300 0.5 0.8 0 0.57735 -0
0 -8.88178e-15 -400 0.5 0.9 0 0.57735 -0
0 -8.88178e-15 -400 0.5 0.9 0 0.57735 -0
0 -6.66134e-15 -300 0.5 0.8 0 0.57735 -0
100 -6.66134e-15 -300 0.6 0.8 0 0.57735 -0
0 -8.88178e-15 -400 0.5 0.9 0 0.57735 -0
100 -6.66134e-15 -300 0.6 0.8 0 0.57735 -0
100 -8.88178e-15 -400 0.6 0.9 0 0.57735 -0
100 -8.88178e-15 -400 0.6 0.9 0 0.57735 -0
100 -6.66134e-15 -300 0.6 0.8 0 0.57735 -0
200 -6.66134e-15 -300 0.7 0.8 0 0.57735 -0
100 -8.88178e-15 -400 0.6 0.9 0 0.57735 -0
200 -6.66134e-15 -300 0.7 0.8 0 0.57735 -0
200 -8.88178e-15 -400 0.7 0.9 0 0.57735 -0
200 -8.88178e-15 -400 0.7 0.9 0 0.57735 -0
200 -6.66134e-15 -300 0.7 0.8 0 0.57735 -0
300 -6.66134e-15 -300 0.8 0.8 0 0.57735 -0
200 -8.88178e-15 -400 0.7 0.9 0 0.57735 -0
300 -6.66134e-15 -300 0.8 0.8 0 0.57735 -0
300 -8.88178e-15 -400 0.8 0.9 0 0.57735 -0
300 -8.88178e-15 -400 0.8 0.9 0 0.57735 -0
300 -6.66134e-15 -300 0.8 0.8 0 0.57735 -0
400 -6.66134e-15 -300 0.9 0.8 0 0.57735 -0
300 -8.88178e-15 -400 0.8 0.9 0 0.57735 -0
400 -6.66134e-15 -300 0.9 0.8 0 0.57735 -0
400 -8.88178e-15 -400 0.9 0.9 0 0.57735 -0
400 -8.88178e-15 -400 0.9 0.9 0 0.57735 -0
400 -6.66134e-15 -300 0.9 0.8 0 0.57735 -0
500 -6.66134e-15 -300 1 0.8 0 0.57735 -0
400 -8.88178e-15 -400 0.9 0.9 0 0.57735 -0
500 -6.66134e-15 -300 1 0.8 0 0.57735 -0
500 -8.88178e-15 -400 1 0.9 0 0.57735 -0
-100 -6.66134e-15 -300 0.4 0.8 0 0.57735 -0
0 -4.44089e-15 -200 0.5 0.7 0 0.57735 -0
0 -6.66134e-15 -300 0.5 0.8 0 0.57735 -0
-100 -6.66134e-15 -300 0.4 0.8 0 0.57735 -0
-100 -4.44089e-15 -200 0.4 0.7 0 0.57735 -0
0 -4.44089e-15 -200 0.5 0.7 0 0.57735 -0
-200 -6.66134e-15 -300 0.3 0.8 0 0.57735 -0
-100 -4.44089e-15 -200 0.4 0.7 0 0.57735 -0
-100 -6.66134e-15 -300 0.4 0.8 0 0.57735 -0
-200 -8.88178e-15 -400 0.3 0.9 0 0.57735 -0
-200 -6.66134e-15 -300 0.3 0.8 0 0.57735 -0
-100 -6.66134e-15 -300 0.4 0.8 0 0.57735 -0
-300 -8.88178e-15 -400 0.2 0.9 0 0.57735 -0
-200 -6.66134e-15 -300 0.3 0.8 0 0.57735 -0
-200 -8.88178e-15 -400 0.3 0.9 0 0.57735 -0
-300 -8.88178e-15 -400 0.2 0.9 0 0.57735 -0
-300 -6.66134e-15 -300 0.2 0.8 0 0.57735 -0
-200 -6.66134e-15 -300 0.3 0.8 0 0.57735 -0
-400 -8.88178e-15 -400 0.1 0.9 0 0.57735 -0
-300 -6.66134e-15 -300 0.2 0.8 0 0.57735 -0
-300 -8.88178e-15 -400 0.2 0.9 0 0.57735 -0
-400 -8.88178e-15 -400 0.1 0.9 0 0.57735 -0
-400 -6.66134e-15 -300 0.1 0.8 0 0.57735 -0
-300 -6.66134e-15 -300 0.2 0.8 0 0.57735 -0
-500 -8.88178e-15 -400 0 0.9 0 0.57735 -0
-400 -6.66134e-15 -300 0.1 0.8 0 0.57735 -0
-400 -8.88178e-15 -400 0.1 0.9 0 0.57735 -0
-500 -8.88178e-15 -400 0 0.9 0 0.57735 -0
-500 -6.66134e-15 -300 0 0.8 0 0.57735 -0
-400 -6.66134e-15 -300 0.1 0.8 0 0.57735 -0
-500 -6.66134e-15 -300 0 0.8 0 0.57735 -0
-400 -4.44089e-15 -200 0.1 0.7 0 0.57735 -0
-400 -6.66134e-15 -300 0.1 0.8 0 0.57735 -0
-500 -6.66134e-15 -300 0 0.8 0 0.57735 -0
-500 -4.44089e-15 -200 0 0.7 0 0.57735 -0
-400 -4.44089e-15 -200 0.1 0.7 0 0.57735 -0
-400 -6.66134e-15 -300 0.1 0.8 0 0.57735 -0
-400 -4.44089e-15 -200 0.1 0.7 0 0.57735 -0
-300 -4.44089e-15 -200 0.2 0.7 0 0.57735 -0
-400 -6.66134e-15 -300 0.1 0.8 0 0.57735 -0
-300 -4.44089e-15 -200 0.2 0.7 0 0.57735 -0
-300 -6.66134e-15 -300 0.2 0.8 0 0.57735 -0
-300 -6.66134e-15 -300 0.2 0.8 0 0.57735 -0
-300 -4.44089e-15 -200 0.2 0.7 0 0.57735 -0
-200 -4.44089e-15 -200 0.3 0.7 0 0.57735 -0
-300 -6.66134e-15 -300 0.2 0.8 0 0.57735 -0
-200 -4.44089e-15 -200 0.3 0.7 0 0.57735 -0
-200 -6.66134e-15 -300 0.3 0.8 0 0.57735 -0
-200 -6.66134e-15 -300 0.3 0.8 0 0.57735 -0
-200 -4.44089e-15 -200 0.3 0.7 0 0.57735 -0
-100 -4.44089e-15 -200 0.4 0.7 0 0.57735 -0
400 -6.66134e-15 -300 0.9 0.8 0 0.57735 -0
500 -4.44089e-15 -200 1 0.7 0 0.57735 -0
500 -6.66134e-15 -300 1 0.8 0 0.57735 -0
-500 -4.44089e-15 -200 0 0.7 0 0.57735 -0
-400 -2.22045e-15 -100 0.1 0.6 0 0.57735 -0
-400 -4.44089e-15 -200 0.1 0.7 0 0.57735 -0
-500 -4.44089e-15 -200 0 0.7 0 0.57735 -0
-500 -2.22045e-15 -100 0 0.6 0 0.57735 -0
-400 -2.22045e-15 -100 0.1 0.6 0 0.57735 -0
-400 -4.44089e-15 -200 0.1 0.7 0 0.57735 -0
-400 -2.22045e-15 -100 0.1 0.6 0 0.57735 -0
-300 -2.22045e-15 -100 0.2 0.6 0 0.57735 -0
-400 -4.44089e-15 -200 0.1 0.7 0 0.57735 -0
-300 -2.22045e-15 -100 0.2 0.6 0 0.57735 -0
-300 -4.44089e-15 -200 0.2 0.7 0 0.57735 -0
-300 -4.44089e-15 -200 0.2 0.7 0 0.57735 -0
-300 -2.22045e-15 -100 0.2 0.6 0 0.57735 -0
-200 -2.22045e-15 -100 0.3 0.6 0 0.57735 -0
-300 -4.44089e-15 -200 0.2 0.7 0 0.57735 -0
-200 -2.22045e-15 -100 0.3 0.6 0 0.57735 -0
-200 -4.44089e-15 -200 0.3 0.7 0 0.57735 -0
-200 -4.44089e-15 -200 0.3 0.7 0 0.57735 -0
-200 -2.22045e-15 -100 0.3 0.6 0 0.57735 -0
-100 -2.22045e-15 -100 0.4 0.6 0 0.57735 -0
-200 -4.44089e-15 -200 0.3 0.7 0 0.57735 -0
-100 -2.22045e-15 -100 0.4 0.6 0 0.57735 -0
-100 -4.44089e-15 -200 0.4 0.7 0 0.57735 -0
-100 -4.44089e-15 -200 0.4 0.7 0 0.57735 -0
-100 -2.22045e-15 -100 0.4 0.6 0 0.57735 -0
0 -2.22045e-15 -100 0.5 0.6 0 0.57735 -0
-100 -4.44089e-15 -200 0.4 0.7 0 0.57735 -0
0 -2.22045e-15 -100 0.5 0.6 0 0.57735 -0
0 -4.44089e-15 -200 0.5 0.7 0 0.57735 -0
0 -4.44089e-15 -200 0.5 0.7 0 0.57735 -0
0 -2.22045e-15 -100 0.5 0.6 0 0.57735 -0
100 -2.22045e-15 -100 0.6 0.6 0 0.57735 -0
0 -4.44089e-15 -200 0.5 0.7 0 0.57735 -0
100 -2.22045e-15 -100 0.6 0.6 0 0.57735 -0
100 -4.44089e-15 -200 0.6 0.7 0 0.57735 -0
0 -6.66134e-15 -300 0.5 0.8 0 0.57735 -0
0 -4.44089e-15 -200 0.5 0.7 0 0.57735 -0
100 -4.44089e-15 -200 0.6 0.7 0 0.57735 -0
0 -6.66134e-15 -300 0.5 0.8 0 0.57735 -0
100 -4.44089e-15 -200 0.6 0.7 0 0.57735 -0
100 -6.66134e-15 -300 0.6 0.8 0 0.57735 -0
100 -6.66134e-15 -300 0.6 0.8 0 0.57735 -0
100 -4.44089e-15 -200 0.6 0.7 0 0.57735 -0
200 -4.44089e-15 -200 0.7 0.7 0 0.57735 -0
100 -6.66134e-15 -300 0.6 0.8 0 0.57735 -0
200 -4.44089e-15 -200 0.7 0.7 0 0.57735 -0
200 -6.66134e-15 -300 0.7 0.8 0 0.57735 -0
200 -6.66134e-15 -300 0.7 0.8 0 0.57735 -0
200 -4.44089e-15 -200 0.7 0.7 0 0.57735 -0
300 -4.44089e-15 -200 0.8 0.7 0 0.57735 -0
200 -6.66134e-15 -300 0.7 0.8 0 0.57735 -0
300 -4.44089e-15 -200 0.8 0.7 0 0.57735 -0
300 -6.66134e-15 -300 0.8 0.8 0 0.57735 -0
300 -6.66134e-15 -300 0.8 0.8 0 0.57735 -0
300 -4.44089e-15 -200 0.8 0.7 0 0.57735 -0
400 -4.44089e-15 -200 0.9 0.7 0 0.57735 -0
300 -6.66134e-15 -300 0.8 0.8 0 0.57735 -0
400 -4.44089e-15 -200 0.9 0.7 0 0.57735 -0
400 -6.66134e-15 -300 0.9 0.8 0 0.57735 -0
400 -6.66134e-15 -300 0.9 0.8 0 0.57735 -0
400 -4.44089e-15 -200 0.9 0.7 0 0.57735 -0
500 -4.44089e-15 -200 1 0.7 0 0.57735 -0
100 -4.44089e-15 -200 0.6 0.7 0 0.57735 -0
100 -2.22045e-15 -100 0.6 0.6 0 0.57735 -0
200 -2.22045e-15 -100 0.7 0.6 0 0.57735 -0
100 -4.44089e-15 -200 0.6 0.7 0 0.57735 -0
200 -2.22045e-15 -100 0.7 0.6 0 0.57735 -0
200 -4.44089e-15 -200 0.7 0.7 0 0.57735 -0
200 -4.44089e-15 -200 0.7 0.7 0 0.57735 -0
200 -2.22045e-15 -100 0.7 0.6 0 0.57735 -0
300 -2.22045e-15 -100 0.8 0.6 0 0.57735 -0
200 -4.44089e-15 -200 0.7 0.7 0 0.57735 -0
300 -2.22045e-15 -100 0.8 0.6 0 0.57735 -0
300 -4.44089e-15 -200 0.8 0.7 0 0.57735 -0
300 -4.44089e-15 -200 0.8 0.7 0 0.57735 -0
300 -2.22045e-15 -100 0.8 0.6 0 0.57735 -0
400 -2.22045e-15 -100 0.9 0.6 0 0.57735 -0
300 -4.44089e-15 -200 0.8 0.7 0 0.57735 -0
400 -2.22045e-15 -100 0.9 0.6 0 0.57735 -0
400 -4.44089e-15 -200 0.9 0.7 0 0.57735 -0
400 -4.44089e-15 -200 0.9 0.7 0 0.57735 -0
400 -2.22045e-15 -100 0.9 0.6 0 0.57735 -0
500 -2.22045e-15 -100 1 0.6 0 0.57735 -0
400 -4.44089e-15 -200 0.9 0.7 0 0.57735 -0
500 -2.22045e-15 -100 1 0.6 0 0.57735 -0
500 -4.44089e-15 -200 1 0.7 0 0.57735 -0
100 -2.22045e-15 -100 0.6 0.6 0 0.57735 -0
200 0 -0 0.7 0.5 0 0.57735 -0
200 -2.22045e-15 -100 0.7 0.6 0 0.57735 -0
100 -2.22045e-15 -100 0.6 0.6 0 0.57735 -0
100 0 -0 0.6 0.5 0 0.57735 -0
200 0 -0 0.7 0.5 0 0.57735 -0
200 -2.22045e-15 -100 0.7 0.6 0 0.57735 -0
200 0 -0 0.7 0.5 0 0.57735 -0
300 0 -0 0.8 0.5 0 0.57735 -0
200 -2.22045e-15 -100 0.7 0.6 0 0.57735 -0
300 0 -0 0.8 0.5 0 0.57735 -0
300 -2.22045e-15 -100 0.8 0.6 0 0.57735 -0
300 -2.22045e-15 -100 0.8 0.6 0 0.57735 -0
300 0 -0 0.8 0.5 0 0.57735 -0
400 0 -0 0.9 0.5 0 0.57735 -0
300 -2.22045e-15 -100 0.8 0.6 0 0.57735 -0
400 0 -0 0.9 0.5 0 0.57735 -0
400 -2.22045e-15 -100 0.9 0.6 0 0.57735 -0
400 -2.22045e-15 -100 0.9 0.6 0 0.57735 -0
400 0 -0 0.9 0.5 0 0.57735 -0
500 0 -0 1 0.5 0 0.57735 -0
400 -2.22045e-15 -100 0.9 0.6 0 0.57735 -0
500 0 -0 1 0.5 0 0.57735 -0
500 -2.22045e-15 -100 1 0.6 0 0.57735 -0
100 0 -0 0.6 0.5 0 0.57735 -0
200 2.22045e-15 100 0.7 0.4 0 0.57735 -0
200 0 -0 0.7 0.5 0 0.57735 -0
100 0 -0 0.6 0.5 0 0.57735 -0
100 2.22045e-15 100 0.6 0.4 0 0.57735 -0
200 2.22045e-15 100 0.7 0.4 0 0.57735 -0
0 0 -0 0.5 0.5 0 0.57735 -0
100 2.22045e-15 100 0.6 0.4 0 0.57735 -0
100 0 -0 0.6 0.5 0 0.57735 -0
0 -2.22045e-15 -100 0.5 0.6 0 0.57735 -0
0 0 -0 0.5 0.5 0 0.57735 -0
100 0 -0 0.6 0.5 0 0.57735 -0
-100 -2.22045e-15 -100 0.4 0.6 0 0.57735 -0
0 0 -0 0.5 0.5 0 0.57735 -0
0 -2.22045e-15 -100 0.5 0.6 0 0.57735 -0
-100 -2.22045e-15 -100 0.4 0.6 0 0.57735 -0
-100 0 -0 0.4 0.5 0 0.57735 -0
0 0 -0 0.5 0.5 0 0.57735 -0
-200 -2.22045e-15 -100 0.3 0.6 0 0.57735 -0
-100 0 -0 0.4 0.5 0 0.57735 -0
-100 -2.22045e-15 -100 0.4 0.6 0 0.57735 -0
-200 -2.22045e-15 -100 0.3 0.6 0 0.57735 -0
-200 0 -0 0.3 0.5 0 0.57735 -0
-100 0 -0 0.4 0.5 0 0.57735 -0
-300 -2.22045e-15 -100 0.2 0.6 0 0.57735 -0
-200 0 -0 0.3 0.5 0 0.57735 -0
-200 -2.22045e-15 -100 0.3 0.6 0 0.57735 -0
-300 -2.22045e-15 -100 0.2 0.6 0 0.57735 -0
-300 0 -0 0.2 0.5 0 0.57735 -0
-200 0 -0 0.3 0.5 0 0.57735 -0
-400 -2.22045e-15 -100 0.1 0.6 0 0.57735 -0
-300 0 -0 0.2 0.5 0 0.57735 -0
-300 -2.22045e-15 -100 0.2 0.6 0 0.57735 -0
-400 -2.22045e-15 -100 0.1 0.6 0 0.57735 -0
-400 0 -0 0.1 0.5 0 0.57735 -0
-300 0 -0 0.2 0.5 0 0.57735 -0
-500 -2.22045e-15 -100 0 0.6 0 0.57735 -0
-400 0 -0 0.1 0.5 0 0.57735 -0
-400 -2.22045e-15 -100 0.1 0.6 0 0.57735 -0
-500 -2.22045e-15 -100 0 0.6 0 0.57735 -0
-500 0 -0 0 0.5 0 0.57735 -0
-400 0 -0 0.1 0.5 0 0.57735 -0
-500 0 -0 0 0.5 0 0.57735 -0
-400 2.22045e-15 100 0.1 0.4 0 0.57735 -0
-400 0 -0 0.1 0.5 0 0.57735 -0
-500 0 -0 0 0.5 0 0.57735 -0
-500 2.22045e-15 100 0 0.4 0 0.57735 -0
-400 2.22045e-15 100 0.1 0.4 0 0.57735 -0
-400 0 -0 0.1 0.5 0 0.57735 -0
-400 2.22045e-15 100 0.1 0.4 0 0.57735 -0
-300 2.22045e-15 100 0.2 0.4 0 0.57735 -0
-400 0 -0 0.1 0.5 0 0.57735 -0
-300 2.22045e-15 100 0.2 0.4 0 0.57735 -0
-300 0 -0 0.2 0.5 0 0.57735 -0
-300 0 -0 0.2 0.5 0 0.57735 -0
-300 2.22045e-15 100 0.2 0.4 0 0.57735 -0
-200 2.22045e-15 100 0.3 0.4 0 0.57735 -0
-300 0 -0 0.2 0.5 0 0.57735 -0
-200 2.22045e-15 100 0.3 0.4 0 0.57735 -0
-200 0 -0 0.3 0.5 0 0.57735 -0
-200 0 -0 0.3 0.5 0 0.57735 -0
-200 2.22045e-15 100 0.3 0.4 0 0.57735 -0
-100 2.22045e-15 100 0.4 0.4 0 0.57735 -0
-200 0 -0 0.3 0.5 0 0.57735 -0
-100 2.22045e-15 100 0.4 0.4 0 0.57735 -0
-100 0 -0 0.4 0.5 0 0.57735 -0
-100 0 -0 0.4 0.5 0 0.57735 -0
-100 2.22045e-15 100 0.4 0.4 0 0.57735 -0
0 2.22045e-15 100 0.5 0.4 0 0.57735 -0
-100 0 -0 0.4 0.5 0 0.57735 -0
0 2.22045e-15 100 0.5 0.4 0 0.57735 -0
0 0 -0 0.5 0.5 0 0.57735 -0
0 0 -0 0.5 0.5 0 0.57735 -0
0 2.22045e-15 100 0.5 0.4 0 0.57735 -0
100 2.22045e-15 100 0.6 0.4 0 0.57735 -0
-500 2.22045e-15 100 0 0.4 0 0.57735 -0
-400 4.44089e-15 200 0.1 0.3 0 0.57735 -0
-400 2.22045e-15 100 0.1 0.4 0 0.57735 -0
-500 2.22045e-15 100 0 0.4 0 0.57735 -0
-500 4.44089e-15 200 0 0.3 0 0.57735 -0
-400 4.44089e-15 200 0.1 0.3 0 0.57735 -0
-400 2.22045e-15 100 0.1 0.4 0 0.57735 -0
-400 4.44089e-15 200 0.1 0.3 0 0.57735 -0
-300 4.44089e-15 200 0.2 0.3 0 0.57735 -0
-400 2.22045e-15 100 0.1 0.4 0 0.57735 -0
-300 4.44089e-15 200 0.2 0.3 0 0.57735 -0
-300 2.22045e-15 100 0.2 0.4 0 0.57735 -0
-300 2.22045e-15 100 0.2 0.4 0 0.57735 -0
-300 4.44089e-15 200 0.2 0.3 0 0.57735 -0
-200 4.44089e-15 200 0.3 0.3 0 0.57735 -0
-300 2.22045e-15 100 0.2 0.4 0 0.57735 -0
-200 4.44089e-15 200 0.3 0.3 0 0.57735 -0
-200 2.22045e-15 100 0.3 0.4 0 0.57735 -0
-200 2.22045e-15 100 0.3 0.4 0 0.57735 -0
-200 4.44089e-15 200 0.3 0.3 0 0.57735 -0
-100 4.44089e-15 200 0.4 0.3 0 0.57735 -0
-200 2.22045e-15 100 0.3 0.4 0 0.57735 -0
-100 4.44089e-15 200 0.4 0.3 0 0.57735 -0
-100 2.22045e-15 100 0.4 0.4 0 0.57735 -0
-100 2.22045e-15 100 0.4 0.4 0 0.57735 -0
-100 4.44089e-15 200 0.4 0.3 0 0.57735 -0
0 4.44089e-15 200 0.5 0.3 0 0.57735 -0
-100 2.22045e-15 100 0.4 0.4 0 0.57735 -0
0 4.44089e-15 200 0.5 0.3 0 0.57735 -0
0 2.22045e-15 100 0.5 0.4 0 0.57735 -0
0 2.22045e-15 100 0.5 0.4 0 0.57735 -0
0 4.44089e-15 200 0.5 0.3 0 0.57735 -0
100 4.44089e-15 200 0.6 0.3 0 0.57735 -0
0 2.22045e-15 100 0.5 0.4 0 0.57735 -0
100 4.44089e-15 200 0.6 0.3 0 0.57735 -0
100 2.22045e-15 100 0.6 0.4 0 0.57735 -0
100 2.22045e-15 100 0.6 0.4 0 0.57735 -0
100 4.44089e-15 200 0.6 0.3 0 0.57735 -0
200 4.44089e-15 200 0.7 0.3 0 0.57735 -0
100 2.22045e-15 100 0.6 0.4 0 0.57735 -0
200 4.44089e-15 200 0.7 0.3 0 0.57735 -0
200 2.22045e-15 100 0.7 0.4 0 0.57735 -0
200 2.22045e-15 100 0.7 0.4 0 0.57735 -0
200 4.44089e-15 200 0.7 0.3 0 0.57735 -0
300 4.44089e-15 200 0.8 0.3 0 0.57735 -0
200 2.22045e-15 100 0.7 0.4 0 0.57735 -0
300 4.44089e-15 200 0.8 0.3 0 0.57735 -0
300 2.22045e-15 100 0.8 0.4 0 0.57735 -0
200 0 -0 0.7 0.5 0 0.57735 -0
200 2.22045e-15 100 0.7 0.4 0 0.57735 -0
300 2.22045e-15 100 0.8 0.4 0 0.57735 -0
200 0 -0 0.7 0.5 0 0.57735 -0
300 2.22045e-15 100 0.8 0.4 0 0.57735 -0
300 0 -0 0.8 0.5 0 0.57735 -0
300 0 -0 0.8 0.5 0 0.57735 -0
300 2.22045e-15 100 0.8 0.4 0 0.57735 -0
400 2.22045e-15 100 0.9 0.4 0 0.57735 -0
300 0 -0 0.8 0.5 0 0.57735 -0
400 2.22045e-15 100 0.9 0.4 0 0.57735 -0
400 0 -0 0.9 0.5 0 0.57735 -0
400 0 -0 0.9 0.5 0 0.57735 -0
400 2.22045e-15 100 0.9 0.4 0 0.57735 -0
500 2.22045e-15 100 1 0.4 0 0.57735 -0
400 0 -0 0.9 0.5 0 0.57735 -0
500 2.22045e-15 100 1 0.4 0 0.57735 -0
500 0 -0 1 0.5 0 0.57735 -0
300 2.22045e-15 100 0.8 0.4 0 0.57735 -0
300 4.44089e-15 200 0.8 0.3 0 0.57735 -0
400 4.44089e-15 200 0.9 0.3 0 0.57735 -0
300 2.22045e-15 100 0.8 0.4 0 0.57735 -0
400 4.44089e-15 200 0.9 0.3 0 0.57735 -0
400 2.22045e-15 100 0.9 0.4 0 0.57735 -0
400 2.22045e-15 100 0.9 0.4 0 0.57735 -0
400 4.44089e-15 200 0.9 0.3 0 0.57735 -0
500 4.44089e-15 200 1 0.3 0 0.57735 -0
400 2.22045e-15 100 0.9 0.4 0 0.57735 -0
500 4.44089e-15 200 1 0.3 0 0.57735 -0
500 2.22045e-15 100 1 0.4 0 0.57735 -0
-200 4.44089e-15 200 0.3 0.3 0 0.57735 -0
-100 6.66134e-15 300 0.4 0.2 0 0.57735 -0
-100 4.44089e-15 200 0.4 0.3 0 0.57735 -0
-100 4.44089e-15 200 0.4 0.3 0 0.57735 -0
-100 6.66134e-15 300 0.4 0.2 0 0.57735 -0
0 6.66134e-15 300 0.5 0.2 0 0.57735 -0
-100 4.44089e-15 200 0.4 0.3 0 0.57735 -0
0 6.66134e-15 300 0.5 0.2 0 0.57735 -0
0 4.44089e-15 200 0.5 0.3 0 0.57735 -0
0 4.44089e-15 200 0.5 0.3 0 0.57735 -0
0 6.66134e-15 300 0.5 0.2 0 0.57735 -0
100 6.66134e-15 300 0.6 0.2 0 0.57735 -0
0 4.44089e-15 200 0.5 0.3 0 0.57735 -0
100 6.66134e-15 300 0.6 0.2 0 0.57735 -0
100 4.44089e-15 200 0.6 0.3 0 0.57735 -0
100 4.44089e-15 200 0.6 0.3 0 0.57735 -0
100 6.66134e-15 300 0.6 0.2 0 0.57735 -0
200 6.66134e-15 300 0.7 0.2 0 0.57735 -0
100 4.44089e-15 200 0.6 0.3 0 0.57735 -0
200 6.66134e-15 300 0.7 0.2 0 0.57735 -0
200 4.44089e-15 200 0.7 0.3 0 0.57735 -0
200 4.44089e-15 200 0.7 0.3 0 0.57735 -0
200 6.66134e-15 300 0.7 0.2 0 0.57735 -0
300 6.66134e-15 300 0.8 0.2 0 0.57735 -0
200 4.44089e-15 200 0.7 0.3 0 0.57735 -0
300 6.66134e-15 300 0.8 0.2 0 0.57735 -0
300 4.44089e-15 200 0.8 0.3 0 0.57735 -0
300 4.44089e-15 200 0.8 0.3 0 0.57735 -0
300 6.66134e-15 300 0.8 0.2 0 0.57735 -0
400 6.66134e-15 300 0.9 0.2 0 0.57735 -0
300 4.44089e-15 200 0.8 0.3 0 0.57735 -0
400 6.66134e-15 300 0.9 0.2 0 0.57735 -0
400 4.44089e-15 200 0.9 0.3 0 0.57735 -0
400 4.44089e-15 200 0.9 0.3 0 0.57735 -0
400 6.66134e-15 300 0.9 0.2 0 0.57735 -0
500 6.66134e-15 300 1 0.2 0 0.57735 -0
400 4.44089e-15 200 0.9 0.3 0 0.57735 -0
500 6.66134e-15 300 1 0.2 0 0.57735 -0
500 4.44089e-15 200 1 0.3 0 0.57735 -0
-100 6.66134e-15 300 0.4 0.2 0 0.57735 -0
0 8.88179e-15 400 0.5 0.1 0 0.57735 -0
0 6.66134e-15 300 0.5 0.2 0 0.57735 -0
-100 6.66134e-15 300 0.4 0.2 0 0.57735 -0
-100 8.88179e-15 400 0.4 0.1 0 0.57735 -0
0 8.88179e-15 400 0.5 0.1 0 0.57735 -0
-200 6.66134e-15 300 0.3 0.2 0 0.57735 -0
-100 8.88179e-15 400 0.4 0.1 0 0.57735 -0
-100 6.66134e-15 300 0.4 0.2 0 0.57735 -0
-200 4.44089e-15 200 0.3 0.3 0 0.57735 -0
-200 6.66134e-15 300 0.3 0.2 0 0.57735 -0
-100 6.66134e-15 300 0.4 0.2 0 0.57735 -0
-300 4.44089e-15 200 0.2 0.3 0 0.57735 -0
-200 6.66134e-15 300 0.3 0.2 0 0.57735 -0
-200 4.44089e-15 200 0.3 0.3 0 0.57735 -0
-300 4.44089e-15 200 0.2 0.3 0 0.57735 -0
-300 6.66134e-15 300 0.2 0.2 0 0.57735 -0
-200 6.66134e-15 300 0.3 0.2 0 0.57735 -0
-400 4.44089e-15 200 0.1 0.3 0 0.57735 -0
-300 6.66134e-15 300 0.2 0.2 0 0.57735 -0
-300 4.44089e-15 200 0.2 0.3 0 0.57735 -0
-400 4.44089e-15 200 0.1 0.3 0 0.57735 -0
-400 6.66134e-15 300 0.1 0.2 0 0.57735 -0
-300 6.66134e-15 300 0.2 0.2 0 0.57735 -0
-500 4.44089e-15 200 0 0.3 0 0.57735 -0
-400 6.66134e-15 300 0.1 0.2 0 0.57735 -0
-400 4.44089e-15 200 0.1 0.3 0 0.57735 -0
-500 4.44089e-15 200 0 0.3 0 0.57735 -0
-500 6.66134e-15 300 0 0.2 0 0.57735 -0
-400 6.66134e-15 300 0.1 0.2 0 0.57735 -0
-500 6.66134e-15 300 0 0.2 0 0.57735 -0
-400 8.88179e-15 400 0.1 0.1 0 0.57735 -0
-400 6.66134e-15 300 0.1 0.2 0 0.57735 -0
-500 6.66134e-15 300 0 0.2 0 0.57735 -0
-500 8.88179e-15 400 0 0.1 0 0.57735 -0
-400 8.88179e-15 400 0.1 0.1 0 0.57735 -0
-400 6.66134e-15 300 0.1 0.2 0 0.57735 -0
-400 8.88179e-15 400 0.1 0.1 0 0.57735 -0
-300 8.88179e-15 400 0.2 0.1 0 0.57735 -0
-400 6.66134e-15 300 0.1 0.2 0 0.57735 -0
-300 8.88179e-15 400 0.2 0.1 0 0.57735 -0
-300 6.66134e-15 300 0.2 0.2 0 0.57735 -0
-300 6.66134e-15 300 0.2 0.2 0 0.57735 -0
-300 8.88179e-15 400 0.2 0.1 0 0.57735 -0
-200 8.88179e-15 400 0.3 0.1 0 0.57735 -0
-300 6.66134e-15 300 0.2 0.2 0 0.57735 -0
-200 8.88179e-15 400 0.3 0.1 0 0.57735 -0
-200 6.66134e-15 300 0.3 0.2 0 0.57735 -0
-200 6.66134e-15 300 0.3 0.2 0 0.57735 -0
-200 8.88179e-15 400 0.3 0.1 0 0.57735 -0
-100 8.88179e-15 400 0.4 0.1 0 0.57735 -0
400 6.66134e-15 300 0.9 0.2 0 0.57735 -0
500 8.88179e-15 400 1 0.1 0 0.57735 -0
500 6.66134e-15 300 1 0.2 0 0.57735 -0
-500 8.88179e-15 400 0 0.1 0 0.57735 -0
-400 1.11022e-14 500 0.1 0 0 0.57735 -0
-400 8.88179e-15 400 0.1 0.1 0 0.57735 -0
-500 8.88179e-15 400 0 0.1 0 0.57735 -0
-500 1.11022e-14 500 0 0 0 0.57735 -0
-400 1.11022e-14 500 0.1 0 0 0.57735 -0
-400 8.88179e-15 400 0.1 0.1 0 0.57735 -0
-400 1.11022e-14 500 0.1 0 0 0.57735 -0
-300 1.11022e-14 500 0.2 0 0 0.57735 -0
-400 8.88179e-15 400 0.1 0.1 0 0.57735 -0
-300 1.11022e-14 500 0.2 0 0 0.57735 -0
-300 8.88179e-15 400 0.2 0.1 0 0.57735 -0
-300 8.88179e-15 400 0.2 0.1 0 0.57735 -0
-300 1.11022e-14 500 0.2 0 0 0.57735 -0
-200 1.11022e-14 500 0.3 0 0 0.57735 -0
-300 8.88179e-15 400 0.2 0.1 0 0.57735 -0
-200 1.11022e-14 500 0.3 0 0 0.57735 -0
-200 8.88179e-15 400 0.3 0.1 0 0.57735 -0
-200 8.88179e-15 400 0.3 0.1 0 0.57735 -0
-200 1.11022e-14 500 0.3 0 0 0.57735 -0
-100 1.11022e-14 500 0.4 0 0 0.57735 -0
-200 8.88179e-15 400 0.3 0.1 0 0.57735 -0
-100 1.11022e-14 500 0.4 0 0 0.57735 -0
-100 8.88179e-15 400 0.4 0.1 0 0.57735 -0
-100 8.88179e-15 400 0.4 0.1 0 0.57735 -0
-100 1.11022e-14 500 0.4 0 0 0.57735 -0
0 1.11022e-14 500 0.5 0 0 0.57735 -0
-100 8.88179e-15 400 0.4 0.1 0 0.57735 -0
0 1.11022e-14 500 0.5 0 0 0.57735 -0
0 8.88179e-15 400 0.5 0.1 0 0.57735 -0
0 8.88179e-15 400 0.5 0.1 0 0.57735 -0
0 1.11022e-14 500 0.5 0 0 0.57735 -0
100 1.11022e-14 500 0.6 0 0 0.57735 -0
0 8.88179e-15 400 0.5 0.1 0 0.57735 -0
100 1.11022e-14 500 0.6 0 0 0.57735 -0
100 8.88179e-15 400 0.6 0.1 0 0.57735 -0
0 6.66134e-15 300 0.5 0.2 0 0.57735 -0
0 8.88179e-15 400 0.5 0.1 0 0.57735 -0
100 8.88179e-15 400 0.6 0.1 0 0.57735 -0
0 6.66134e-15 300 0.5 0.2 0 0.57735 -0
100 8.88179e-15 400 0.6 0.1 0 0.57735 -0
100 6.66134e-15 300 0.6 0.2 0 0.57735 -0
100 6.66134e-15 300 0.6 0.2 0 0.57735 -0
100 8.88179e-15 400 0.6 0.1 0 0.57735 -0
200 8.88179e-15 400 0.7 0.1 0 0.57735 -0
100 6.66134e-15 300 0.6 0.2 0 0.57735 -0
200 8.88179e-15 400 0.7 0.1 0 0.57735 -0
200 6.66134e-15 300 0.7 0.2 0 0.57735 -0
200 6.66134e-15 300 0.7 0.2 0 0.57735 -0
200 8.88179e-15 400 0.7 0.1 0 0.57735 -0
300 8.88179e-15 400 0.8 0.1 0 0.57735 -0
200 6.66134e-15 300 0.7 0.2 0 0.57735 -0
300 8.88179e-15 400 0.8 0.1 0 0.57735 -0
300 6.66134e-15 300 0.8 0.2 0 0.57735 -0
300 6.66134e-15 300 0.8 0.2 0 0.57735 -0
300 8.88179e-15 400 0.8 0.1 0 0.57735 -0
400 8.88179e-15 400 0.9 0.1 0 0.57735 -0
300 6.66134e-15 300 0.8 0.2 0 0.57735 -0
400 8.88179e-15 400 0.9 0.1 0 0.57735 -0
400 6.66134e-15 300 0.9 0.2 0 0.57735 -0
400 6.66134e-15 300 0.9 0.2 0 0.57735 -0
400 8.88179e-15 400 0.9 0.1 0 0.57735 -0
500 8.88179e-15 400 1 0.1 0 0.57735 -0
100 8.88179e-15 400 0.6 0.1 0 0.57735 -0
100 1.11022e-14 500 0.6 0 0 0.57735 -0
200 1.11022e-14 500 0.7 0 0 0.57735 -0
100 8.88179e-15 400 0.6 0.1 0 0.57735 -0
200 1.11022e-14 500 0.7 0 0 0.57735 -0
200 8.88179e-15 400 0.7 0.1 0 0.57735 -0
200 8.88179e-15 400 0.7 0.1 0 0.57735 -0
200 1.11022e-14 500 0.7 0 0 0.57735 -0
300 1.11022e-14 500 0.8 0 0 0.57735 -0
200 8.88179e-15 400 0.7 0.1 0 0.57735 -0
300 1.11022e-14 500 0.8 0 0 0.57735 -0
300 8.88179e-15 400 0.8 0.1 0 0.57735 -0
300 8.88179e-15 400 0.8 0.1 0 0.57735 -0
300 1.11022e-14 500 0.8 0 0 0.57735 -0
400 1.11022e-14 500 0.9 0 0 0.57735 -0
300 8.88179e-15 400 0.8 0.1 0 0.57735 -0
400 1.11022e-14 500 0.9 0 0 0.57735 -0
400 8.88179e-15 400 0.9 0.1 0 0.57735 -0
400 8.88179e-15 400 0.9 0.1 0 0.57735 -0
400 1.11022e-14 500 0.9 0 0 0.57735 -0
500 1.11022e-14 500 1 0 0 0.57735 -0
400 8.88179e-15 400 0.9 0.1 0 0.57735 -0
500 1.11022e-14 500 1 0 0 0.57735 -0
500 8.88179e-15 400 1 0.1 0 0.57735 -0
0 -2.22045e-15 -100 0.5 0.6 0 0.57735 -0
100 0 -0 0.6 0.5 0 0.57735 -0
100 -2.22045e-15 -100 0.6 0.6 0 0.57735 -0
