Vertex Count: 36

Data:

-47.5198 -1.51984 -41.8198 0 1 0 0 -0.57735
-47.5198 148.32 -41.8198 0 0 0 0 -0.57735
102.32 148.32 -41.8198 1 0 0 0 -0.57735
-47.5198 -1.51984 -41.8198 0 1 0 0 -0.57735
102.32 148.32 -41.8198 1 0 0 0 -0.57735
102.32 -1.51984 -41.8198 1 1 0 0 -0.57735
-47.5198 148.32 -41.8198 0 1 0 0.57735 -0
-47.5198 148.32 108.02 0 0 0 0.57735 -0
102.32 148.32 108.02 1 0 0 0.57735 -0
-47.5198 148.32 -41.8198 0 1 0 0.57735 -0
102.32 148.32 108.02 1 0 0 0.57735 -0
102.32 148.32 -41.8198 1 1 0 0.57735 -0
-47.5198 148.32 108.02 0 1 0 0 0.57735
-47.5198 -1.51984 108.02 0 0 0 0 0.57735
102.32 -1.51984 108.02 1 0 0 0 0.57735
-47.5198 148.32 108.02 0 1 0 0 0.57735
102.32 -1.51984 108.02 1 0 0 0 0.57735
102.32 148.32 108.02 1 1 0 0 0.57735
-47.5198 -1.51984 108.02 0 1 0 -0.57735 -0
-47.5198 -1.51984 -41.8198 0 0 0 -0.57735 -0
102.32 -1.51984 -41.8198 1 0 0 -0.57735 -0
-47.5198 -1.51984 108.02 0 1 0 -0.57735 -0
102.32 -1.51984 -41.8198 1 0 0 -0.57735 -0
102.32 -1.51984 108.02 1 1 0 -0.57735 -0
102.32 -1.51984 -41.8198 0 1 0.57735 0 -0
102.32 148.32 -41.8198 0 0 0.57735 0 -0
102.32 148.32 108.02 1 0 0.57735 0 -0
102.32 -1.51984 -41.8198 0 1 0.57735 0 -0
102.32 148.32 108.02 1 0 0.57735 0 -0
102.32 -1.51984 108.02 1 1 0.57735 0 -0
-47.5198 -1.51984 108.02 0 1 -0.57735 0 -0
-47.5198 148.32 108.02 0 0 -0.57735 0 -0
-47.5198 148.32 -41.8198 1 0 -0.57735 0 -0
-47.5198 -1.51984 108.02 0 1 -0.57735 0 -0
-47.5198 148.32 -41.8198 1 0 -0.57735 0 -0
-47.5198 -1.51984 -41.8198 1 1 -0.57735 0 -0
