Vertex Count: 1368

Data:

-58.3672 72.3546 42.5926 0.0695044 0.11513 0 0 0.57735
48.2492 86.5701 42.5926 0.125752 0.11513 0 0 0.57735
48.2492 91.901 42.5926 0.125752 0.111418 0 0 0.57735
-58.3672 72.3546 42.5926 0.0695044 0.11513 0 0 0.57735
48.2492 91.901 42.5926 0.125752 0.111418 0 0 0.57735
-58.3672 77.6855 42.5926 0.0695044 0.111418 0 0 0.57735
-58.3672 77.6855 42.5926 0.0695044 0.104666 -0.0763047 0.572286 -0
48.2492 91.901 42.5926 0.125752 0.104666 -0.0763047 0.572286 -0
48.2492 91.901 40.8156 0.125752 0.101066 -0.0763047 0.572286 -0
-58.3672 77.6855 42.5926 0.0695044 0.104666 -0.0763047 0.572286 -0
48.2492 91.901 40.8156 0.125752 0.101066 -0.0763047 0.572286 -0
-58.3672 77.6855 40.8156 0.0695044 0.101066 -0.0763047 0.572286 -0
-58.3672 77.6855 40.8156 0.0695044 0.111418 0 0 -0.57735
48.2492 91.901 40.8156 0.125752 0.111418 0 0 -0.57735
48.2492 86.5701 40.8156 0.125752 0.11513 0 0 -0.57735
-58.3672 77.6855 40.8156 0.0695044 0.111418 0 0 -0.57735
48.2492 86.5701 40.8156 0.125752 0.11513 0 0 -0.57735
-58.3672 72.3546 40.8156 0.0695044 0.11513 0 0 -0.57735
-58.3672 72.3546 40.8156 0.0695044 0.101066 0.0763047 -0.572286 -0
48.2492 86.5701 40.8156 0.125752 0.101066 0.0763047 -0.572286 -0
48.2492 86.5701 42.5926 0.125752 0.104666 0.0763047 -0.572286 -0
-58.3672 72.3546 40.8156 0.0695044 0.101066 0.0763047 -0.572286 -0
48.2492 86.5701 42.5926 0.125752 0.104666 0.0763047 -0.572286 -0
-58.3672 72.3546 42.5926 0.0695044 0.104666 0.0763047 -0.572286 -0
48.2492 86.5701 42.5926 0.0590169 0.770247 0.57735 0 -0
48.2492 86.5701 40.8156 0.0590169 0.766647 0.57735 0 -0
48.2492 91.901 40.8156 0.0567671 0.766647 0.57735 0 -0
48.2492 86.5701 42.5926 0.0590169 0.770247 0.57735 0 -0
48.2492 91.901 40.8156 0.0567671 0.766647 0.57735 0 -0
48.2492 91.901 42.5926 0.0567671 0.770247 0.57735 0 -0
-58.3672 72.3546 40.8156 0.0590169 0.766647 -0.57735 0 -0
-58.3672 72.3546 42.5926 0.0590169 0.770247 -0.57735 0 -0
-58.3672 77.6855 42.5926 0.0567671 0.770247 -0.57735 0 -0
-58.3672 72.3546 40.8156 0.0590169 0.766647 -0.57735 0 -0
-58.3672 77.6855 42.5926 0.0567671 0.770247 -0.57735 0 -0
-58.3672 77.6855 40.8156 0.0567671 0.766647 -0.57735 0 -0
-58.3672 77.6855 -46.2544 0.0695044 0.11513 -0.0763049 0.572286 -0
48.2492 91.901 -46.2544 0.125752 0.11513 -0.0763049 0.572286 -0
48.2492 91.901 -48.0314 0.125752 0.111418 -0.0763049 0.572286 -0
-58.3672 77.6855 -46.2544 0.0695044 0.11513 -0.0763049 0.572286 -0
48.2492 91.901 -48.0314 0.125752 0.111418 -0.0763049 0.572286 -0
-58.3672 77.6855 -48.0314 0.0695044 0.111418 -0.0763049 0.572286 -0
-58.3672 77.6855 -48.0314 0.0695044 0.10463 0 0 -0.57735
48.2492 91.901 -48.0314 0.125752 0.10463 0 0 -0.57735
48.2492 86.5701 -48.0314 0.125752 0.101031 0 0 -0.57735
-58.3672 77.6855 -48.0314 0.0695044 0.10463 0 0 -0.57735
48.2492 86.5701 -48.0314 0.125752 0.101031 0 0 -0.57735
-58.3672 72.3546 -48.0314 0.0695044 0.101031 0 0 -0.57735
-58.3672 72.3546 -48.0314 0.0695044 0.111418 0.0763049 -0.572286 -0
48.2492 86.5701 -48.0314 0.125752 0.111418 0.0763049 -0.572286 -0
48.2492 86.5701 -46.2544 0.125752 0.11513 0.0763049 -0.572286 -0
-58.3672 72.3546 -48.0314 0.0695044 0.111418 0.0763049 -0.572286 -0
48.2492 86.5701 -46.2544 0.125752 0.11513 0.0763049 -0.572286 -0
-58.3672 72.3546 -46.2544 0.0695044 0.11513 0.0763049 -0.572286 -0
-58.3672 72.3546 -46.2544 0.0695044 0.101031 6.11783e-08 0 0.57735
48.2492 86.5701 -46.2544 0.125752 0.101031 6.11783e-08 0 0.57735
48.2492 91.901 -46.2544 0.125752 0.10463 6.11783e-08 0 0.57735
-58.3672 72.3546 -46.2544 0.0695044 0.101031 6.11783e-08 0 0.57735
48.2492 91.901 -46.2544 0.125752 0.10463 6.11783e-08 0 0.57735
-58.3672 77.6855 -46.2544 0.0695044 0.10463 6.11783e-08 0 0.57735
48.2492 91.901 -46.2544 0.0590169 0.770212 0.57735 0 -0
48.2492 86.5701 -46.2544 0.0590169 0.766612 0.57735 0 -0
48.2492 86.5701 -48.0314 0.0567671 0.766612 0.57735 0 -0
48.2492 91.901 -46.2544 0.0590169 0.770212 0.57735 0 -0
48.2492 86.5701 -48.0314 0.0567671 0.766612 0.57735 0 -0
48.2492 91.901 -48.0314 0.0567671 0.770212 0.57735 0 -0
-58.3672 72.3546 -46.2544 0.0590169 0.766612 -0.57735 0 -0
-58.3672 77.6855 -46.2544 0.0590169 0.770212 -0.57735 0 -0
-58.3672 77.6855 -48.0314 0.0567671 0.770212 -0.57735 0 -0
-58.3672 72.3546 -46.2544 0.0590169 0.766612 -0.57735 0 -0
-58.3672 77.6855 -48.0314 0.0567671 0.770212 -0.57735 0 -0
-58.3672 72.3546 -48.0314 0.0567671 0.766612 -0.57735 0 -0
-29.5763 84.7473 -50.6968 0.0860158 0.766612 0 0.57735 6.79758e-08
-29.5763 84.7473 45.258 0.0297682 0.766612 0 0.57735 6.79758e-08
-27.7993 84.7473 45.258 0.0297682 0.770324 0 0.57735 6.79758e-08
-29.5763 84.7473 -50.6968 0.0860158 0.766612 0 0.57735 6.79758e-08
-27.7993 84.7473 45.258 0.0297682 0.770324 0 0.57735 6.79758e-08
-27.7993 84.7473 -50.6968 0.0860158 0.770324 0 0.57735 6.79758e-08
-27.7993 84.7473 -50.6968 0.0860158 0.777111 0.57735 0 -6.29406e-08
-27.7993 84.7473 45.258 0.0297682 0.777111 0.57735 0 -6.29406e-08
-27.7993 80.7491 45.258 0.0297682 0.780711 0.57735 0 -6.29406e-08
-27.7993 84.7473 -50.6968 0.0860158 0.777111 0.57735 0 -6.29406e-08
-27.7993 80.7491 45.258 0.0297682 0.780711 0.57735 0 -6.29406e-08
-27.7993 80.7491 -50.6968 0.0860158 0.780711 0.57735 0 -6.29406e-08
-27.7993 80.7491 -50.6968 0.0860158 0.770324 0 -0.57735 -0
-27.7993 80.7491 45.258 0.0297682 0.770324 0 -0.57735 -0
-29.5763 80.7491 45.258 0.0297682 0.766612 0 -0.57735 -0
-27.7993 80.7491 -50.6968 0.0860158 0.770324 0 -0.57735 -0
-29.5763 80.7491 45.258 0.0297682 0.766612 0 -0.57735 -0
-29.5763 80.7491 -50.6968 0.0860158 0.766612 0 -0.57735 -0
-29.5763 80.7491 -50.6968 0.0860158 0.780711 -0.57735 0 7.55287e-08
-29.5763 80.7491 45.258 0.0297682 0.780711 -0.57735 0 7.55287e-08
-29.5763 84.7473 45.258 0.0297682 0.777111 -0.57735 0 7.55287e-08
-29.5763 80.7491 -50.6968 0.0860158 0.780711 -0.57735 0 7.55287e-08
-29.5763 84.7473 45.258 0.0297682 0.777111 -0.57735 0 7.55287e-08
-29.5763 84.7473 -50.6968 0.0860158 0.777111 -0.57735 0 7.55287e-08
-29.5763 84.7473 45.258 0.0567671 0.777111 0 0 0.57735
-29.5763 80.7491 45.258 0.0567671 0.780711 0 0 0.57735
-27.7993 80.7491 45.258 0.0590169 0.780711 0 0 0.57735
-29.5763 84.7473 45.258 0.0567671 0.777111 0 0 0.57735
-27.7993 80.7491 45.258 0.0590169 0.780711 0 0 0.57735
-27.7993 84.7473 45.258 0.0590169 0.777111 0 0 0.57735
-29.5763 80.7491 -50.6968 0.0567671 0.780711 0 0 -0.57735
-29.5763 84.7473 -50.6968 0.0567671 0.777111 0 0 -0.57735
-27.7993 84.7473 -50.6968 0.0590169 0.777111 0 0 -0.57735
-29.5763 80.7491 -50.6968 0.0567671 0.780711 0 0 -0.57735
-27.7993 84.7473 -50.6968 0.0590169 0.777111 0 0 -0.57735
-27.7993 80.7491 -50.6968 0.0590169 0.780711 0 0 -0.57735
20.7067 91.2396 -50.6968 0.0860158 0.766612 0 0.57735 6.79758e-08
20.7067 91.2396 45.258 0.0297682 0.766612 0 0.57735 6.79758e-08
22.4836 91.2396 45.258 0.0297682 0.770324 0 0.57735 6.79758e-08
20.7067 91.2396 -50.6968 0.0860158 0.766612 0 0.57735 6.79758e-08
22.4836 91.2396 45.258 0.0297682 0.770324 0 0.57735 6.79758e-08
22.4836 91.2396 -50.6968 0.0860158 0.770324 0 0.57735 6.79758e-08
22.4836 91.2396 -50.6968 0.0860158 0.777111 0.57735 0 -0
22.4836 91.2396 45.258 0.0297682 0.777111 0.57735 0 -0
22.4836 87.2414 45.258 0.0297682 0.780711 0.57735 0 -0
22.4836 91.2396 -50.6968 0.0860158 0.777111 0.57735 0 -0
22.4836 87.2414 45.258 0.0297682 0.780711 0.57735 0 -0
22.4836 87.2414 -50.6968 0.0860158 0.780711 0.57735 0 -0
22.4836 87.2414 -50.6968 0.0860158 0.770324 0 -0.57735 -6.79758e-08
22.4836 87.2414 45.258 0.0297682 0.770324 0 -0.57735 -6.79758e-08
20.7067 87.2414 45.258 0.0297682 0.766612 0 -0.57735 -6.79758e-08
22.4836 87.2414 -50.6968 0.0860158 0.770324 0 -0.57735 -6.79758e-08
20.7067 87.2414 45.258 0.0297682 0.766612 0 -0.57735 -6.79758e-08
20.7067 87.2414 -50.6968 0.0860158 0.766612 0 -0.57735 -6.79758e-08
20.7067 87.2414 -50.6968 0.0860158 0.780711 -0.57735 0 7.55286e-08
20.7067 87.2414 45.258 0.0297682 0.780711 -0.57735 0 7.55286e-08
20.7067 91.2396 45.258 0.0297682 0.777111 -0.57735 0 7.55286e-08
20.7067 87.2414 -50.6968 0.0860158 0.780711 -0.57735 0 7.55286e-08
20.7067 91.2396 45.258 0.0297682 0.777111 -0.57735 0 7.55286e-08
20.7067 91.2396 -50.6968 0.0860158 0.777111 -0.57735 0 7.55286e-08
20.7067 91.2396 45.258 0.0567671 0.777111 0 0 0.57735
20.7067 87.2414 45.258 0.0567671 0.780711 0 0 0.57735
22.4836 87.2414 45.258 0.0590169 0.780711 0 0 0.57735
20.7067 91.2396 45.258 0.0567671 0.777111 0 0 0.57735
22.4836 87.2414 45.258 0.0590169 0.780711 0 0 0.57735
22.4836 91.2396 45.258 0.0590169 0.777111 0 0 0.57735
20.7067 87.2414 -50.6968 0.0567671 0.780711 0 0 -0.57735
20.7067 91.2396 -50.6968 0.0567671 0.777111 0 0 -0.57735
22.4836 91.2396 -50.6968 0.0590169 0.777111 0 0 -0.57735
20.7067 87.2414 -50.6968 0.0567671 0.780711 0 0 -0.57735
22.4836 91.2396 -50.6968 0.0590169 0.777111 0 0 -0.57735
22.4836 87.2414 -50.6968 0.0590169 0.780711 0 0 -0.57735
-59.2556 83.3789 -50.6968 0.0860158 0.766612 0 0.57735 -0
-59.2556 83.3788 45.258 0.0297682 0.766612 0 0.57735 -0
-57.4787 83.3788 45.258 0.0297682 0.770324 0 0.57735 -0
-59.2556 83.3789 -50.6968 0.0860158 0.766612 0 0.57735 -0
-57.4787 83.3788 45.258 0.0297682 0.770324 0 0.57735 -0
-57.4787 83.3789 -50.6968 0.0860158 0.770324 0 0.57735 -0
-57.4787 83.3789 -50.6968 0.0860158 0.766591 0.57735 0 -7.55287e-08
-57.4787 83.3788 45.258 0.0297682 0.766591 0.57735 0 -7.55287e-08
-57.4787 78.048 45.258 0.0297682 0.770191 0.57735 0 -7.55287e-08
-57.4787 83.3789 -50.6968 0.0860158 0.766591 0.57735 0 -7.55287e-08
-57.4787 78.048 45.258 0.0297682 0.770191 0.57735 0 -7.55287e-08
-57.4787 78.048 -50.6968 0.0860158 0.770191 0.57735 0 -7.55287e-08
-57.4787 78.048 -50.6968 0.0860158 0.770324 0 -0.57735 -6.79758e-08
-57.4787 78.048 45.258 0.0297682 0.770324 0 -0.57735 -6.79758e-08
-59.2556 78.048 45.258 0.0297682 0.766612 0 -0.57735 -6.79758e-08
-57.4787 78.048 -50.6968 0.0860158 0.770324 0 -0.57735 -6.79758e-08
-59.2556 78.048 45.258 0.0297682 0.766612 0 -0.57735 -6.79758e-08
-59.2556 78.048 -50.6968 0.0860158 0.766612 0 -0.57735 -6.79758e-08
-59.2556 78.048 -50.6968 0.0860158 0.770191 -0.57735 0 7.55287e-08
-59.2556 78.048 45.258 0.0297682 0.770191 -0.57735 0 7.55287e-08
-59.2556 83.3788 45.258 0.0297682 0.766591 -0.57735 0 7.55287e-08
-59.2556 78.048 -50.6968 0.0860158 0.770191 -0.57735 0 7.55287e-08
-59.2556 83.3788 45.258 0.0297682 0.766591 -0.57735 0 7.55287e-08
-59.2556 83.3789 -50.6968 0.0860158 0.766591 -0.57735 0 7.55287e-08
-59.2556 83.3788 45.258 0.0567671 0.766591 0 0 0.57735
-59.2556 78.048 45.258 0.0567671 0.770191 0 0 0.57735
-57.4787 78.048 45.258 0.0590169 0.770191 0 0 0.57735
-59.2556 83.3788 45.258 0.0567671 0.766591 0 0 0.57735
-57.4787 78.048 45.258 0.0590169 0.770191 0 0 0.57735
-57.4787 83.3788 45.258 0.0590169 0.766591 0 0 0.57735
-59.2556 78.048 -50.6968 0.0567671 0.770191 0 0 -0.57735
-59.2556 83.3789 -50.6968 0.0567671 0.766591 0 0 -0.57735
-57.4787 83.3789 -50.6968 0.0590169 0.766591 0 0 -0.57735
-59.2556 78.048 -50.6968 0.0567671 0.770191 0 0 -0.57735
-57.4787 83.3789 -50.6968 0.0590169 0.766591 0 0 -0.57735
-57.4787 78.048 -50.6968 0.0590169 0.770191 0 0 -0.57735
47.3608 101.148 -50.6968 0.0860158 0.766612 0 0.57735 -0
47.3608 101.148 45.258 0.0297682 0.766612 0 0.57735 -0
49.1377 101.148 45.258 0.0297682 0.770324 0 0.57735 -0
47.3608 101.148 -50.6968 0.0860158 0.766612 0 0.57735 -0
49.1377 101.148 45.258 0.0297682 0.770324 0 0.57735 -0
49.1377 101.148 -50.6968 0.0860158 0.770324 0 0.57735 -0
49.1377 101.148 -50.6968 0.0860158 0.777111 0.57735 0 -0
49.1377 101.148 45.258 0.0297682 0.777111 0.57735 0 -0
49.1377 95.8174 45.258 0.0297682 0.780711 0.57735 0 -0
49.1377 101.148 -50.6968 0.0860158 0.777111 0.57735 0 -0
49.1377 95.8174 45.258 0.0297682 0.780711 0.57735 0 -0
49.1377 95.8174 -50.6968 0.0860158 0.780711 0.57735 0 -0
49.1377 95.8174 -50.6968 0.0860158 0.770324 0 -0.57735 -6.79758e-08
49.1377 95.8174 45.258 0.0297682 0.770324 0 -0.57735 -6.79758e-08
47.3608 95.8174 45.258 0.0297682 0.766612 0 -0.57735 -6.79758e-08
49.1377 95.8174 -50.6968 0.0860158 0.770324 0 -0.57735 -6.79758e-08
47.3608 95.8174 45.258 0.0297682 0.766612 0 -0.57735 -6.79758e-08
47.3608 95.8174 -50.6968 0.0860158 0.766612 0 -0.57735 -6.79758e-08
47.3608 95.8174 -50.6968 0.0860158 0.780711 -0.57735 0 -0
47.3608 95.8174 45.258 0.0297682 0.780711 -0.57735 0 -0
47.3608 101.148 45.258 0.0297682 0.777111 -0.57735 0 -0
47.3608 95.8174 -50.6968 0.0860158 0.780711 -0.57735 0 -0
47.3608 101.148 45.258 0.0297682 0.777111 -0.57735 0 -0
47.3608 101.148 -50.6968 0.0860158 0.777111 -0.57735 0 -0
47.3608 101.148 45.258 0.0567671 0.777111 0 0 0.57735
47.3608 95.8174 45.258 0.0567671 0.780711 0 0 0.57735
49.1377 95.8174 45.258 0.0590169 0.780711 0 0 0.57735
47.3608 101.148 45.258 0.0567671 0.777111 0 0 0.57735
49.1377 95.8174 45.258 0.0590169 0.780711 0 0 0.57735
49.1377 101.148 45.258 0.0590169 0.777111 0 0 0.57735
47.3608 95.8174 -50.6968 0.0567671 0.780711 0 0 -0.57735
47.3608 101.148 -50.6968 0.0567671 0.777111 0 0 -0.57735
49.1377 101.148 -50.6968 0.0590169 0.777111 0 0 -0.57735
47.3608 95.8174 -50.6968 0.0567671 0.780711 0 0 -0.57735
49.1377 101.148 -50.6968 0.0590169 0.777111 0 0 -0.57735
49.1377 95.8174 -50.6968 0.0590169 0.780711 0 0 -0.57735
47.3608 51.3939 -50.6968 0.0860158 0.766612 0 0.57735 6.79758e-08
47.3608 51.3939 45.258 0.0297682 0.766612 0 0.57735 6.79758e-08
49.1377 51.3939 45.258 0.0297682 0.770324 0 0.57735 6.79758e-08
47.3608 51.3939 -50.6968 0.0860158 0.766612 0 0.57735 6.79758e-08
49.1377 51.3939 45.258 0.0297682 0.770324 0 0.57735 6.79758e-08
49.1377 51.3939 -50.6968 0.0860158 0.770324 0 0.57735 6.79758e-08
49.1377 51.3939 -50.6968 0.0860158 0.777111 0.57735 0 -0
49.1377 51.3939 45.258 0.0297682 0.777111 0.57735 0 -0
49.1377 46.0631 45.258 0.0297682 0.780711 0.57735 0 -0
49.1377 51.3939 -50.6968 0.0860158 0.777111 0.57735 0 -0
49.1377 46.0631 45.258 0.0297682 0.780711 0.57735 0 -0
49.1377 46.0631 -50.6968 0.0860158 0.780711 0.57735 0 -0
49.1377 46.0631 -50.6968 0.0860158 0.770324 0 -0.57735 -6.79758e-08
49.1377 46.0631 45.258 0.0297682 0.770324 0 -0.57735 -6.79758e-08
47.3608 46.0631 45.258 0.0297682 0.766612 0 -0.57735 -6.79758e-08
49.1377 46.0631 -50.6968 0.0860158 0.770324 0 -0.57735 -6.79758e-08
47.3608 46.0631 45.258 0.0297682 0.766612 0 -0.57735 -6.79758e-08
47.3608 46.0631 -50.6968 0.0860158 0.766612 0 -0.57735 -6.79758e-08
47.3608 46.0631 -50.6968 0.0860158 0.780711 -0.57735 0 -0
47.3608 46.0631 45.258 0.0297682 0.780711 -0.57735 0 -0
47.3608 51.3939 45.258 0.0297682 0.777111 -0.57735 0 -0
47.3608 46.0631 -50.6968 0.0860158 0.780711 -0.57735 0 -0
47.3608 51.3939 45.258 0.0297682 0.777111 -0.57735 0 -0
47.3608 51.3939 -50.6968 0.0860158 0.777111 -0.57735 0 -0
47.3608 51.3939 45.258 0.0567671 0.777111 0 0 0.57735
47.3608 46.0631 45.258 0.0567671 0.780711 0 0 0.57735
49.1377 46.0631 45.258 0.0590169 0.780711 0 0 0.57735
47.3608 51.3939 45.258 0.0567671 0.777111 0 0 0.57735
49.1377 46.0631 45.258 0.0590169 0.780711 0 0 0.57735
49.1377 51.3939 45.258 0.0590169 0.777111 0 0 0.57735
47.3608 46.0631 -50.6968 0.0567671 0.780711 0 0 -0.57735
47.3608 51.3939 -50.6968 0.0567671 0.777111 0 0 -0.57735
49.1377 51.3939 -50.6968 0.0590169 0.777111 0 0 -0.57735
47.3608 46.0631 -50.6968 0.0567671 0.780711 0 0 -0.57735
49.1377 51.3939 -50.6968 0.0590169 0.777111 0 0 -0.57735
49.1377 46.0631 -50.6968 0.0590169 0.780711 0 0 -0.57735
-58.3672 79.825 42.5926 0.125752 0.101031 7.13745e-08 0 0.57735
48.2492 94.0405 42.5926 0.0695044 0.101031 7.13745e-08 0 0.57735
48.2492 99.3713 42.5926 0.0695044 0.104743 7.13745e-08 0 0.57735
-58.3672 79.825 42.5926 0.125752 0.101031 7.13745e-08 0 0.57735
48.2492 99.3713 42.5926 0.0695044 0.104743 7.13745e-08 0 0.57735
-58.3672 85.1558 42.5926 0.125752 0.104743 7.13745e-08 0 0.57735
-58.3672 85.1558 42.5926 0.125752 0.111495 -0.0763046 0.572286 -0
48.2492 99.3713 42.5926 0.0695044 0.111495 -0.0763046 0.572286 -0
48.2492 99.3713 40.8156 0.0695044 0.115095 -0.0763046 0.572286 -0
-58.3672 85.1558 42.5926 0.125752 0.111495 -0.0763046 0.572286 -0
48.2492 99.3713 40.8156 0.0695044 0.115095 -0.0763046 0.572286 -0
-58.3672 85.1558 40.8156 0.125752 0.115095 -0.0763046 0.572286 -0
-58.3672 85.1558 40.8156 0.125752 0.104743 -7.13745e-08 0 -0.57735
48.2492 99.3713 40.8156 0.0695044 0.104743 -7.13745e-08 0 -0.57735
48.2492 94.0405 40.8156 0.0695044 0.101031 -7.13745e-08 0 -0.57735
-58.3672 85.1558 40.8156 0.125752 0.104743 -7.13745e-08 0 -0.57735
48.2492 94.0405 40.8156 0.0695044 0.101031 -7.13745e-08 0 -0.57735
-58.3672 79.825 40.8156 0.125752 0.101031 -7.13745e-08 0 -0.57735
-58.3672 79.825 40.8156 0.125752 0.115095 0.0763047 -0.572286 -0
48.2492 94.0405 40.8156 0.0695044 0.115095 0.0763047 -0.572286 -0
48.2492 94.0405 42.5926 0.0695044 0.111495 0.0763047 -0.572286 -0
-58.3672 79.825 40.8156 0.125752 0.115095 0.0763047 -0.572286 -0
48.2492 94.0405 42.5926 0.0695044 0.111495 0.0763047 -0.572286 -0
-58.3672 79.825 42.5926 0.125752 0.111495 0.0763047 -0.572286 -0
48.2492 94.0405 42.5926 0.0567671 0.777076 0.57735 0 -0
48.2492 94.0405 40.8156 0.0567671 0.780676 0.57735 0 -0
48.2492 99.3713 40.8156 0.0590169 0.780676 0.57735 0 -0
48.2492 94.0405 42.5926 0.0567671 0.777076 0.57735 0 -0
48.2492 99.3713 40.8156 0.0590169 0.780676 0.57735 0 -0
48.2492 99.3713 42.5926 0.0590169 0.777076 0.57735 0 -0
-58.3672 79.825 40.8156 0.0567671 0.780676 -0.57735 0 -0
-58.3672 79.825 42.5926 0.0567671 0.777076 -0.57735 0 -0
-58.3672 85.1558 42.5926 0.0590169 0.777076 -0.57735 0 -0
-58.3672 79.825 40.8156 0.0567671 0.780676 -0.57735 0 -0
-58.3672 85.1558 42.5926 0.0590169 0.777076 -0.57735 0 -0
-58.3672 85.1558 40.8156 0.0590169 0.780676 -0.57735 0 -0
-58.3672 85.1558 -46.2544 0.125752 0.101031 -0.0763047 0.572286 -0
48.2492 99.3713 -46.2544 0.0695044 0.101031 -0.0763047 0.572286 -0
48.2492 99.3713 -48.0314 0.0695044 0.104743 -0.0763047 0.572286 -0
-58.3672 85.1558 -46.2544 0.125752 0.101031 -0.0763047 0.572286 -0
48.2492 99.3713 -48.0314 0.0695044 0.104743 -0.0763047 0.572286 -0
-58.3672 85.1558 -48.0314 0.125752 0.104743 -0.0763047 0.572286 -0
-58.3672 85.1558 -48.0314 0.125752 0.11153 -7.13745e-08 0 -0.57735
48.2492 99.3713 -48.0314 0.0695044 0.11153 -7.13745e-08 0 -0.57735
48.2492 94.0405 -48.0314 0.0695044 0.11513 -7.13745e-08 0 -0.57735
-58.3672 85.1558 -48.0314 0.125752 0.11153 -7.13745e-08 0 -0.57735
48.2492 94.0405 -48.0314 0.0695044 0.11513 -7.13745e-08 0 -0.57735
-58.3672 79.825 -48.0314 0.125752 0.11513 -7.13745e-08 0 -0.57735
-58.3672 79.825 -48.0314 0.125752 0.104743 0.0763049 -0.572286 -0
48.2492 94.0405 -48.0314 0.0695044 0.104743 0.0763049 -0.572286 -0
48.2492 94.0405 -46.2544 0.0695044 0.101031 0.0763049 -0.572286 -0
-58.3672 79.825 -48.0314 0.125752 0.104743 0.0763049 -0.572286 -0
48.2492 94.0405 -46.2544 0.0695044 0.101031 0.0763049 -0.572286 -0
-58.3672 79.825 -46.2544 0.125752 0.101031 0.0763049 -0.572286 -0
-58.3672 79.825 -46.2544 0.125752 0.11513 8.66691e-08 -5.43806e-07 0.57735
48.2492 94.0405 -46.2544 0.0695044 0.11513 8.66691e-08 -5.43806e-07 0.57735
48.2492 99.3713 -46.2544 0.0695044 0.11153 8.66691e-08 -5.43806e-07 0.57735
-58.3672 79.825 -46.2544 0.125752 0.11513 8.66691e-08 -5.43806e-07 0.57735
48.2492 99.3713 -46.2544 0.0695044 0.11153 8.66691e-08 -5.43806e-07 0.57735
-58.3672 85.1558 -46.2544 0.125752 0.11153 8.66691e-08 -5.43806e-07 0.57735
48.2492 99.3713 -46.2544 0.0567671 0.777111 0.57735 0 -0
48.2492 94.0405 -46.2544 0.0567671 0.780711 0.57735 0 -0
48.2492 94.0405 -48.0314 0.0590169 0.780711 0.57735 0 -0
48.2492 99.3713 -46.2544 0.0567671 0.777111 0.57735 0 -0
48.2492 94.0405 -48.0314 0.0590169 0.780711 0.57735 0 -0
48.2492 99.3713 -48.0314 0.0590169 0.777111 0.57735 0 -0
-58.3672 79.825 -46.2544 0.0567671 0.780711 -0.57735 0 -0
-58.3672 85.1558 -46.2544 0.0567671 0.777111 -0.57735 0 -0
-58.3672 85.1558 -48.0314 0.0590169 0.777111 -0.57735 0 -0
-58.3672 79.825 -46.2544 0.0567671 0.780711 -0.57735 0 -0
-58.3672 85.1558 -48.0314 0.0590169 0.777111 -0.57735 0 -0
-58.3672 79.825 -48.0314 0.0590169 0.780711 -0.57735 0 -0
46.4723 105.591 43.481 0.0860158 0.767638 0 0 0.57735
46.4723 -1.02581 43.481 0.0297682 0.767638 0 0 0.57735
50.0262 -1.02581 43.481 0.0297682 0.769888 0 0 0.57735
46.4723 105.591 43.481 0.0860158 0.767638 0 0 0.57735
50.0262 -1.02581 43.481 0.0297682 0.769888 0 0 0.57735
50.0262 105.591 43.481 0.0860158 0.769888 0 0 0.57735
50.0262 105.591 43.481 0.0860158 0.777758 0.57735 0 -0
50.0262 -1.02581 43.481 0.0297682 0.777758 0.57735 0 -0
50.0262 -1.02581 39.9272 0.0297682 0.780007 0.57735 0 -0
50.0262 105.591 43.481 0.0860158 0.777758 0.57735 0 -0
50.0262 -1.02581 39.9272 0.0297682 0.780007 0.57735 0 -0
50.0262 105.591 39.9272 0.0860158 0.780007 0.57735 0 -0
50.0262 105.591 39.9272 0.0860158 0.769888 2.29419e-07 0 -0.57735
50.0262 -1.02581 39.9272 0.0297682 0.769888 2.29419e-07 0 -0.57735
46.4723 -1.02581 39.9272 0.0297682 0.767638 2.29419e-07 0 -0.57735
50.0262 105.591 39.9272 0.0860158 0.769888 2.29419e-07 0 -0.57735
46.4723 -1.02581 39.9272 0.0297682 0.767638 2.29419e-07 0 -0.57735
46.4723 105.591 39.9272 0.0860158 0.767638 2.29419e-07 0 -0.57735
46.4723 105.591 39.9272 0.0860158 0.780007 -0.57735 0 -0
46.4723 -1.02581 39.9272 0.0297682 0.780007 -0.57735 0 -0
46.4723 -1.02581 43.481 0.0297682 0.777758 -0.57735 0 -0
46.4723 105.591 39.9272 0.0860158 0.780007 -0.57735 0 -0
46.4723 -1.02581 43.481 0.0297682 0.777758 -0.57735 0 -0
46.4723 105.591 43.481 0.0860158 0.777758 -0.57735 0 -0
46.4723 -1.02581 43.481 0.0567671 0.777758 0 -0.57735 -0
46.4723 -1.02581 39.9272 0.0567671 0.780007 0 -0.57735 -0
50.0262 -1.02581 39.9272 0.0590169 0.780007 0 -0.57735 -0
46.4723 -1.02581 43.481 0.0567671 0.777758 0 -0.57735 -0
50.0262 -1.02581 39.9272 0.0590169 0.780007 0 -0.57735 -0
50.0262 -1.02581 43.481 0.0590169 0.777758 0 -0.57735 -0
46.4723 105.591 39.9272 0.0567671 0.780007 0 0.57735 -0
46.4723 105.591 43.481 0.0567671 0.777758 0 0.57735 -0
50.0262 105.591 43.481 0.0590169 0.777758 0 0.57735 -0
46.4723 105.591 39.9272 0.0567671 0.780007 0 0.57735 -0
50.0262 105.591 43.481 0.0590169 0.777758 0 0.57735 -0
50.0262 105.591 39.9272 0.0590169 0.780007 0 0.57735 -0
50.0262 105.591 -45.366 0.0860158 0.767638 0.57735 0 -0
50.0262 -1.02581 -45.366 0.0297682 0.767638 0.57735 0 -0
50.0262 -1.02581 -48.9198 0.0297682 0.769888 0.57735 0 -0
50.0262 105.591 -45.366 0.0860158 0.767638 0.57735 0 -0
50.0262 -1.02581 -48.9198 0.0297682 0.769888 0.57735 0 -0
50.0262 105.591 -48.9198 0.0860158 0.769888 0.57735 0 -0
50.0262 105.591 -48.9198 0.0860158 0.77778 0 0 -0.57735
50.0262 -1.02581 -48.9198 0.0297682 0.77778 0 0 -0.57735
46.4723 -1.02581 -48.9198 0.0297682 0.78003 0 0 -0.57735
50.0262 105.591 -48.9198 0.0860158 0.77778 0 0 -0.57735
46.4723 -1.02581 -48.9198 0.0297682 0.78003 0 0 -0.57735
46.4723 105.591 -48.9198 0.0860158 0.78003 0 0 -0.57735
46.4723 105.591 -48.9198 0.0860158 0.769888 -0.57735 0 -0
46.4723 -1.02581 -48.9198 0.0297682 0.769888 -0.57735 0 -0
46.4723 -1.02581 -45.366 0.0297682 0.767638 -0.57735 0 -0
46.4723 105.591 -48.9198 0.0860158 0.769888 -0.57735 0 -0
46.4723 -1.02581 -45.366 0.0297682 0.767638 -0.57735 0 -0
46.4723 105.591 -45.366 0.0860158 0.767638 -0.57735 0 -0
46.4723 105.591 -45.366 0.0860158 0.78003 0 0 0.57735
46.4723 -1.02581 -45.366 0.0297682 0.78003 0 0 0.57735
50.0262 -1.02581 -45.366 0.0297682 0.77778 0 0 0.57735
46.4723 105.591 -45.366 0.0860158 0.78003 0 0 0.57735
50.0262 -1.02581 -45.366 0.0297682 0.77778 0 0 0.57735
50.0262 105.591 -45.366 0.0860158 0.77778 0 0 0.57735
50.0262 -1.02581 -45.366 0.0567671 0.77778 0 -0.57735 -0
46.4723 -1.02581 -45.366 0.0567671 0.78003 0 -0.57735 -0
46.4723 -1.02581 -48.9198 0.0590169 0.78003 0 -0.57735 -0
50.0262 -1.02581 -45.366 0.0567671 0.77778 0 -0.57735 -0
46.4723 -1.02581 -48.9198 0.0590169 0.78003 0 -0.57735 -0
50.0262 -1.02581 -48.9198 0.0590169 0.77778 0 -0.57735 -0
46.4723 105.591 -45.366 0.0567671 0.78003 0 0.57735 -0
50.0262 105.591 -45.366 0.0567671 0.77778 0 0.57735 -0
50.0262 105.591 -48.9198 0.0590169 0.77778 0 0.57735 -0
46.4723 105.591 -45.366 0.0567671 0.78003 0 0.57735 -0
50.0262 105.591 -48.9198 0.0590169 0.77778 0 0.57735 -0
46.4723 105.591 -48.9198 0.0590169 0.78003 0 0.57735 -0
-60.1441 87.8212 43.481 0.0860158 0.767638 -4.58836e-07 0 0.57735
-60.1441 -1.02581 43.481 0.0297682 0.767638 -4.58836e-07 0 0.57735
-56.5902 -1.02581 43.481 0.0297682 0.769888 -4.58836e-07 0 0.57735
-60.1441 87.8212 43.481 0.0860158 0.767638 -4.58836e-07 0 0.57735
-56.5902 -1.02581 43.481 0.0297682 0.769888 -4.58836e-07 0 0.57735
-56.5902 87.8212 43.481 0.0860158 0.769888 -4.58836e-07 0 0.57735
-56.5902 87.8212 43.481 0.0860158 0.777758 0.57735 0 -0
-56.5902 -1.02581 43.481 0.0297682 0.777758 0.57735 0 -0
-56.5902 -1.02581 39.9272 0.0297682 0.780007 0.57735 0 -0
-56.5902 87.8212 43.481 0.0860158 0.777758 0.57735 0 -0
-56.5902 -1.02581 39.9272 0.0297682 0.780007 0.57735 0 -0
-56.5902 87.8212 39.9272 0.0860158 0.780007 0.57735 0 -0
-56.5902 87.8212 39.9272 0.0860158 0.769888 4.58836e-07 0 -0.57735
-56.5902 -1.02581 39.9272 0.0297682 0.769888 4.58836e-07 0 -0.57735
-60.1441 -1.02581 39.9272 0.0297682 0.767638 4.58836e-07 0 -0.57735
-56.5902 87.8212 39.9272 0.0860158 0.769888 4.58836e-07 0 -0.57735
-60.1441 -1.02581 39.9272 0.0297682 0.767638 4.58836e-07 0 -0.57735
-60.1441 87.8212 39.9272 0.0860158 0.767638 4.58836e-07 0 -0.57735
-60.1441 87.8212 39.9272 0.0860158 0.780007 -0.57735 0 -0
-60.1441 -1.02581 39.9272 0.0297682 0.780007 -0.57735 0 -0
-60.1441 -1.02581 43.481 0.0297682 0.777758 -0.57735 0 -0
-60.1441 87.8212 39.9272 0.0860158 0.780007 -0.57735 0 -0
-60.1441 -1.02581 43.481 0.0297682 0.777758 -0.57735 0 -0
-60.1441 87.8212 43.481 0.0860158 0.777758 -0.57735 0 -0
-60.1441 -1.02581 43.481 0.0567671 0.777758 0 -0.57735 -0
-60.1441 -1.02581 39.9272 0.0567671 0.780007 0 -0.57735 -0
-56.5902 -1.02581 39.9272 0.0590169 0.780007 0 -0.57735 -0
-60.1441 -1.02581 43.481 0.0567671 0.777758 0 -0.57735 -0
-56.5902 -1.02581 39.9272 0.0590169 0.780007 0 -0.57735 -0
-56.5902 -1.02581 43.481 0.0590169 0.777758 0 -0.57735 -0
-60.1441 87.8212 39.9272 0.0567671 0.780007 -3.3306e-07 0.57735 -0
-60.1441 87.8212 43.481 0.0567671 0.777758 -3.3306e-07 0.57735 -0
-56.5902 87.8212 43.481 0.0590169 0.777758 -3.3306e-07 0.57735 -0
-60.1441 87.8212 39.9272 0.0567671 0.780007 -3.3306e-07 0.57735 -0
-56.5902 87.8212 43.481 0.0590169 0.777758 -3.3306e-07 0.57735 -0
-56.5902 87.8212 39.9272 0.0590169 0.780007 -3.3306e-07 0.57735 -0
-56.5902 87.8212 -45.366 0.0860158 0.767638 0.57735 0 -0
-56.5902 -1.02581 -45.366 0.0297682 0.767638 0.57735 0 -0
-56.5902 -1.02581 -48.9198 0.0297682 0.769888 0.57735 0 -0
-56.5902 87.8212 -45.366 0.0860158 0.767638 0.57735 0 -0
-56.5902 -1.02581 -48.9198 0.0297682 0.769888 0.57735 0 -0
-56.5902 87.8212 -48.9198 0.0860158 0.769888 0.57735 0 -0
-56.5902 87.8212 -48.9198 0.0860158 0.77778 0 0 -0.57735
-56.5902 -1.02581 -48.9198 0.0297682 0.77778 0 0 -0.57735
-60.1441 -1.02581 -48.9198 0.0297682 0.78003 0 0 -0.57735
-56.5902 87.8212 -48.9198 0.0860158 0.77778 0 0 -0.57735
-60.1441 -1.02581 -48.9198 0.0297682 0.78003 0 0 -0.57735
-60.1441 87.8212 -48.9198 0.0860158 0.78003 0 0 -0.57735
-60.1441 87.8212 -48.9198 0.0860158 0.769888 -0.57735 0 -0
-60.1441 -1.02581 -48.9198 0.0297682 0.769888 -0.57735 0 -0
-60.1441 -1.02581 -45.366 0.0297682 0.767638 -0.57735 0 -0
-60.1441 87.8212 -48.9198 0.0860158 0.769888 -0.57735 0 -0
-60.1441 -1.02581 -45.366 0.0297682 0.767638 -0.57735 0 -0
-60.1441 87.8212 -45.366 0.0860158 0.767638 -0.57735 0 -0
-60.1441 87.8212 -45.366 0.0860158 0.78003 0 0 0.57735
-60.1441 -1.02581 -45.366 0.0297682 0.78003 0 0 0.57735
-56.5902 -1.02581 -45.366 0.0297682 0.77778 0 0 0.57735
-60.1441 87.8212 -45.366 0.0860158 0.78003 0 0 0.57735
-56.5902 -1.02581 -45.366 0.0297682 0.77778 0 0 0.57735
-56.5902 87.8212 -45.366 0.0860158 0.77778 0 0 0.57735
-56.5902 -1.02581 -45.366 0.0567671 0.77778 0 -0.57735 -0
-60.1441 -1.02581 -45.366 0.0567671 0.78003 0 -0.57735 -0
-60.1441 -1.02581 -48.9198 0.0590169 0.78003 0 -0.57735 -0
-56.5902 -1.02581 -45.366 0.0567671 0.77778 0 -0.57735 -0
-60.1441 -1.02581 -48.9198 0.0590169 0.78003 0 -0.57735 -0
-56.5902 -1.02581 -48.9198 0.0590169 0.77778 0 -0.57735 -0
-60.1441 87.8212 -45.366 0.0567671 0.78003 0 0.57735 -0
-56.5902 87.8212 -45.366 0.0567671 0.77778 0 0.57735 -0
-56.5902 87.8212 -48.9198 0.0590169 0.77778 0 0.57735 -0
-60.1441 87.8212 -45.366 0.0567671 0.78003 0 0.57735 -0
-56.5902 87.8212 -48.9198 0.0590169 0.77778 0 0.57735 -0
-60.1441 87.8212 -48.9198 0.0590169 0.78003 0 0.57735 -0
-47.2414 84.8632 -20.4888 0.282004 0.280036 -0.0674628 0.571321 0.04873
-29.5477 86.9525 -20.4888 0.280359 0.280139 -0.0674628 0.571321 0.04873
-29.5477 89.9837 -56.0276 0.27991 0.273782 -0.0674628 0.571321 0.04873
-47.2414 84.8632 -20.4888 0.282004 0.280036 -0.0674628 0.571321 0.04873
-29.5477 89.9837 -56.0276 0.27991 0.273782 -0.0674628 0.571321 0.04873
-47.2414 87.8944 -56.0276 0.281434 0.273587 -0.0674628 0.571321 0.04873
-58.3672 84.7899 15.05 0.263128 0.273974 -0.202077 0.538874 -0.0459626
-59.7638 84.2662 15.05 0.263362 0.273971 -0.202077 0.538874 -0.0459626
-59.7638 87.2974 50.5888 0.262653 0.280524 -0.202077 0.538874 -0.0459626
-58.3672 84.7899 15.05 0.263128 0.273974 -0.202077 0.538874 -0.0459626
-59.7638 87.2974 50.5888 0.262653 0.280524 -0.202077 0.538874 -0.0459626
-58.3672 87.8212 50.5888 0.262429 0.280527 -0.202077 0.538874 -0.0459626
-59.7638 84.2662 15.05 0.638672 0.425357 -0.382794 0.430643 -0.0367312
-61.335 82.8696 15.05 0.639172 0.425334 -0.382794 0.430643 -0.0367312
-61.335 85.9008 50.5888 0.638443 0.431866 -0.382794 0.430643 -0.0367312
-59.7638 84.2662 15.05 0.638672 0.425357 -0.382794 0.430643 -0.0367312
-61.335 85.9008 50.5888 0.638443 0.431866 -0.382794 0.430643 -0.0367312
-59.7638 87.2974 50.5888 0.637963 0.431909 -0.382794 0.430643 -0.0367312
-61.335 82.8696 15.05 0.263862 0.273949 -0.560554 0.137748 -0.011749
-62.2079 79.3175 15.05 0.265055 0.273896 -0.560554 0.137748 -0.011749
-62.2079 82.3487 50.5888 0.26427 0.280363 -0.560554 0.137748 -0.011749
-61.335 82.8696 15.05 0.263862 0.273949 -0.560554 0.137748 -0.011749
-62.2079 82.3487 50.5888 0.26427 0.280363 -0.560554 0.137748 -0.011749
-61.335 85.9008 50.5888 0.263133 0.280481 -0.560554 0.137748 -0.011749
-61.335 82.8696 -20.4888 0.263878 0.267348 -0.560554 0.137748 0.011749
-62.2079 79.3175 15.05 0.265055 0.273896 -0.560554 0.137748 -0.011749
-61.335 82.8696 15.05 0.263862 0.273949 -0.560554 0.137748 -0.011749
-61.335 82.8696 -20.4888 0.263878 0.267348 -0.560554 0.137748 0.011749
-62.2079 79.3175 -20.4888 0.265065 0.267408 -0.560554 0.137748 0.011749
-62.2079 79.3175 15.05 0.265055 0.273896 -0.560554 0.137748 -0.011749
-61.335 85.9008 -56.0276 0.263162 0.260826 -0.560554 0.137748 0.011749
-62.2079 79.3175 -20.4888 0.265065 0.267408 -0.560554 0.137748 0.011749
-61.335 82.8696 -20.4888 0.263878 0.267348 -0.560554 0.137748 0.011749
-61.335 85.9008 -56.0276 0.263162 0.260826 -0.560554 0.137748 0.011749
-62.2079 82.3487 -56.0276 0.264296 0.260952 -0.560554 0.137748 0.011749
-62.2079 79.3175 -20.4888 0.265065 0.267408 -0.560554 0.137748 0.011749
-62.2079 79.3175 15.05 0.640365 0.425282 -0.555822 -0.155627 0.0132741
-61.335 76.2 15.05 0.641396 0.425245 -0.555822 -0.155627 0.0132741
-61.335 79.2312 50.5888 0.640584 0.431667 -0.555822 -0.155627 0.0132741
-62.2079 79.3175 15.05 0.640365 0.425282 -0.555822 -0.155627 0.0132741
-61.335 79.2312 50.5888 0.640584 0.431667 -0.555822 -0.155627 0.0132741
-62.2079 82.3487 50.5888 0.639579 0.431748 -0.555822 -0.155627 0.0132741
-62.2079 79.3175 -20.4888 0.640375 0.418794 -0.555821 -0.155627 -0.013274
-61.335 76.2 15.05 0.641396 0.425245 -0.555822 -0.155627 0.0132741
-62.2079 79.3175 15.05 0.640365 0.425282 -0.555822 -0.155627 0.0132741
-62.2079 79.3175 -20.4888 0.640375 0.418794 -0.555821 -0.155627 -0.013274
-61.335 76.2 -20.4888 0.641403 0.418837 -0.555821 -0.155627 -0.013274
-61.335 76.2 15.05 0.641396 0.425245 -0.555822 -0.155627 0.0132741
-62.2079 82.3487 -56.0276 0.639606 0.412337 -0.555821 -0.155627 -0.013274
-61.335 76.2 -20.4888 0.641403 0.418837 -0.555821 -0.155627 -0.013274
-62.2079 79.3175 -20.4888 0.640375 0.418794 -0.555821 -0.155627 -0.013274
-62.2079 82.3487 -56.0276 0.639606 0.412337 -0.555821 -0.155627 -0.013274
-61.335 79.2312 -56.0276 0.640608 0.412425 -0.555821 -0.155627 -0.013274
-61.335 76.2 -20.4888 0.641403 0.418837 -0.555821 -0.155627 -0.013274
-61.335 76.2 15.05 0.266087 0.27386 -0.571032 -0.0848735 0.00723905
-60.8112 72.6763 15.05 0.267236 0.273823 -0.571032 -0.0848735 0.00723905
-60.8112 75.7075 50.5888 0.266406 0.280201 -0.571032 -0.0848735 0.00723905
-61.335 76.2 15.05 0.266087 0.27386 -0.571032 -0.0848735 0.00723905
-60.8112 75.7075 50.5888 0.266406 0.280201 -0.571032 -0.0848735 0.00723905
-61.335 79.2312 50.5888 0.265274 0.280281 -0.571032 -0.0848735 0.00723905
-61.335 76.2 -20.4888 0.266093 0.267452 -0.571032 -0.0848728 -0.00723873
-60.8112 72.6763 15.05 0.267236 0.273823 -0.571032 -0.0848735 0.00723905
-61.335 76.2 15.05 0.266087 0.27386 -0.571032 -0.0848735 0.00723905
-61.335 76.2 -20.4888 0.266093 0.267452 -0.571032 -0.0848728 -0.00723873
-60.8112 72.6763 -20.4888 0.26724 0.267493 -0.571032 -0.0848728 -0.00723873
-60.8112 72.6763 15.05 0.267236 0.273823 -0.571032 -0.0848735 0.00723905
-61.335 79.2312 -56.0276 0.265298 0.26104 -0.571032 -0.0848728 -0.00723873
-60.8112 72.6763 -20.4888 0.26724 0.267493 -0.571032 -0.0848728 -0.00723873
-61.335 76.2 -20.4888 0.266093 0.267452 -0.571032 -0.0848728 -0.00723873
-61.335 79.2312 -56.0276 0.265298 0.26104 -0.571032 -0.0848728 -0.00723873
-60.8112 75.7075 -56.0276 0.266426 0.261127 -0.571032 -0.0848728 -0.00723873
-60.8112 72.6763 -20.4888 0.26724 0.267493 -0.571032 -0.0848728 -0.00723873
-60.8112 72.6763 15.05 0.642546 0.425209 -0.563506 0.125223 -0.0106807
-61.5095 69.5339 15.05 0.643561 0.425179 -0.563506 0.125223 -0.0106807
-61.5095 72.5652 50.5888 0.642728 0.431524 -0.563506 0.125223 -0.0106807
-60.8112 72.6763 15.05 0.642546 0.425209 -0.563506 0.125223 -0.0106807
-61.5095 72.5652 50.5888 0.642728 0.431524 -0.563506 0.125223 -0.0106807
-60.8112 75.7075 50.5888 0.641716 0.431587 -0.563506 0.125223 -0.0106807
-60.8112 72.6763 -20.4888 0.642549 0.418879 -0.563506 0.125223 0.0106805
-61.5095 69.5339 15.05 0.643561 0.425179 -0.563506 0.125223 -0.0106807
-60.8112 72.6763 15.05 0.642546 0.425209 -0.563506 0.125223 -0.0106807
-60.8112 72.6763 -20.4888 0.642549 0.418879 -0.563506 0.125223 0.0106805
-61.5095 69.5339 -20.4888 0.643561 0.418912 -0.563506 0.125223 0.0106805
-61.5095 69.5339 15.05 0.643561 0.425179 -0.563506 0.125223 -0.0106807
-60.8112 75.7075 -56.0276 0.641736 0.412513 -0.563506 0.125223 0.0106805
-61.5095 69.5339 -20.4888 0.643561 0.418912 -0.563506 0.125223 0.0106805
-60.8112 72.6763 -20.4888 0.642549 0.418879 -0.563506 0.125223 0.0106805
-60.8112 75.7075 -56.0276 0.641736 0.412513 -0.563506 0.125223 0.0106805
-61.5096 72.5652 -56.0276 0.642745 0.412582 -0.563506 0.125223 0.0106805
-61.5095 69.5339 -20.4888 0.643561 0.418912 -0.563506 0.125223 0.0106805
-29.5477 86.9525 -20.4888 0.635169 0.418909 -0.084521 0.569064 0.0485375
-5.05897 90.5897 -20.4888 0.632301 0.418894 -0.084521 0.569064 0.0485375
-5.05897 93.6209 -56.0276 0.631956 0.412545 -0.084521 0.569064 0.0485375
-29.5477 86.9525 -20.4888 0.635169 0.418909 -0.084521 0.569064 0.0485375
-5.05897 93.6209 -56.0276 0.631956 0.412545 -0.084521 0.569064 0.0485375
-29.5477 89.9837 -56.0276 0.63472 0.412552 -0.084521 0.569064 0.0485375
19.9966 93.9559 -20.4888 0.629237 0.41878 -0.0766034 0.570176 0.0486323
-5.05897 93.6209 -56.0276 0.631956 0.412545 -0.0766034 0.570176 0.0486323
-5.05897 90.5897 -20.4888 0.632301 0.418894 -0.084521 0.569064 0.0485375
19.9966 93.9559 -20.4888 0.629237 0.41878 -0.0766034 0.570176 0.0486323
19.9966 96.9872 -56.0276 0.629075 0.412264 -0.0766034 0.570176 0.0486323
-5.05897 93.6209 -56.0276 0.631956 0.412545 -0.0766034 0.570176 0.0486323
36.3838 97.5946 -20.4888 0.272292 0.27979 -0.124716 0.561679 0.0479077
36.3838 100.626 -56.0276 0.272501 0.272933 -0.124716 0.561679 0.0479077
19.9966 96.9872 -56.0276 0.274265 0.273494 -0.124716 0.561679 0.0479077
36.3838 97.5946 -20.4888 0.272292 0.27979 -0.124716 0.561679 0.0479077
19.9966 96.9872 -56.0276 0.274265 0.273494 -0.124716 0.561679 0.0479077
19.9966 93.9559 -20.4888 0.274427 0.28001 -0.124716 0.561679 0.0479077
48.2492 101.614 15.05 0.24972 0.274358 0.202078 0.538874 -0.0459624
48.2492 104.645 50.5888 0.250352 0.281593 0.202078 0.538874 -0.0459624
49.6459 104.121 50.5888 0.250114 0.281577 0.202078 0.538874 -0.0459624
48.2492 101.614 15.05 0.24972 0.274358 0.202078 0.538874 -0.0459624
49.6459 104.121 50.5888 0.250114 0.281577 0.202078 0.538874 -0.0459624
49.6459 101.09 15.05 0.249461 0.27435 0.202078 0.538874 -0.0459624
49.6459 101.09 15.05 0.62477 0.425735 0.382795 0.430642 -0.0367309
49.6459 104.121 50.5888 0.625424 0.432963 0.382795 0.430642 -0.0367309
51.217 102.725 50.5888 0.624902 0.432891 0.382795 0.430642 -0.0367309
49.6459 101.09 15.05 0.62477 0.425735 0.382795 0.430642 -0.0367309
51.217 102.725 50.5888 0.624902 0.432891 0.382795 0.430642 -0.0367309
51.217 99.6933 15.05 0.624218 0.425701 0.382795 0.430642 -0.0367309
51.217 99.6933 15.05 0.248908 0.274316 0.560554 0.137748 -0.0117491
51.217 102.725 50.5888 0.249592 0.281506 0.560554 0.137748 -0.0117491
52.0899 99.1724 50.5888 0.248365 0.281328 0.560554 0.137748 -0.0117491
51.217 99.6933 15.05 0.248908 0.274316 0.560554 0.137748 -0.0117491
52.0899 99.1724 50.5888 0.248365 0.281328 0.560554 0.137748 -0.0117491
52.0899 96.1412 15.05 0.247591 0.274243 0.560554 0.137748 -0.0117491
51.217 99.6933 -20.4888 0.248856 0.26702 0.560554 0.137747 0.0117491
51.217 99.6933 15.05 0.248908 0.274316 0.560554 0.137748 -0.0117491
52.0899 96.1412 15.05 0.247591 0.274243 0.560554 0.137748 -0.0117491
51.217 99.6933 -20.4888 0.248856 0.26702 0.560554 0.137747 0.0117491
52.0899 96.1412 15.05 0.247591 0.274243 0.560554 0.137748 -0.0117491
52.0899 96.1412 -20.4888 0.247552 0.267127 0.560554 0.137747 0.0117491
51.217 102.725 -56.0276 0.249481 0.259858 0.560554 0.137747 0.0117491
51.217 99.6933 -20.4888 0.248856 0.26702 0.560554 0.137747 0.0117491
52.0899 96.1412 -20.4888 0.247552 0.267127 0.560554 0.137747 0.0117491
51.217 102.725 -56.0276 0.249481 0.259858 0.560554 0.137747 0.0117491
52.0899 96.1412 -20.4888 0.247552 0.267127 0.560554 0.137747 0.0117491
52.0899 99.1724 -56.0276 0.248261 0.260064 0.560554 0.137747 0.0117491
52.0899 96.1412 15.05 0.622901 0.425629 0.555822 -0.155626 0.013274
52.0899 99.1724 50.5888 0.623674 0.432713 0.555822 -0.155626 0.013274
51.217 96.0549 50.5888 0.622587 0.43259 0.555822 -0.155626 0.013274
52.0899 96.1412 15.05 0.622901 0.425629 0.555822 -0.155626 0.013274
51.217 96.0549 50.5888 0.622587 0.43259 0.555822 -0.155626 0.013274
51.217 93.0237 15.05 0.621771 0.425579 0.555822 -0.155626 0.013274
52.0899 96.1412 -20.4888 0.622862 0.418512 0.555822 -0.155626 -0.013274
52.0899 96.1412 15.05 0.622901 0.425629 0.555822 -0.155626 0.013274
51.217 93.0237 15.05 0.621771 0.425579 0.555822 -0.155626 0.013274
52.0899 96.1412 -20.4888 0.622862 0.418512 0.555822 -0.155626 -0.013274
51.217 93.0237 15.05 0.621771 0.425579 0.555822 -0.155626 0.013274
51.217 93.0237 -20.4888 0.621739 0.41859 0.555822 -0.155626 -0.013274
52.0899 99.1724 -56.0276 0.623571 0.41145 0.555822 -0.155626 -0.013274
52.0899 96.1412 -20.4888 0.622862 0.418512 0.555822 -0.155626 -0.013274
51.217 93.0237 -20.4888 0.621739 0.41859 0.555822 -0.155626 -0.013274
52.0899 99.1724 -56.0276 0.623571 0.41145 0.555822 -0.155626 -0.013274
51.217 93.0237 -20.4888 0.621739 0.41859 0.555822 -0.155626 -0.013274
51.217 96.0549 -56.0276 0.622491 0.411597 0.555822 -0.155626 -0.013274
51.217 93.0237 15.05 0.246462 0.274194 0.571032 -0.0848732 0.00723876
51.217 96.0549 50.5888 0.247277 0.281205 0.571032 -0.0848732 0.00723876
50.6933 92.5313 50.5888 0.246053 0.281086 0.571032 -0.0848732 0.00723876
51.217 93.0237 15.05 0.246462 0.274194 0.571032 -0.0848732 0.00723876
50.6933 92.5313 50.5888 0.246053 0.281086 0.571032 -0.0848732 0.00723876
50.6933 89.5 15.05 0.245209 0.274146 0.571032 -0.0848732 0.00723876
51.217 93.0237 -20.4888 0.24643 0.267205 0.571032 -0.0848741 -0.00723914
51.217 93.0237 15.05 0.246462 0.274194 0.571032 -0.0848732 0.00723876
50.6933 89.5 15.05 0.245209 0.274146 0.571032 -0.0848732 0.00723876
51.217 93.0237 -20.4888 0.24643 0.267205 0.571032 -0.0848741 -0.00723914
50.6933 89.5 15.05 0.245209 0.274146 0.571032 -0.0848732 0.00723876
50.6933 89.5 -20.4888 0.245184 0.267281 0.571032 -0.0848741 -0.00723914
51.217 96.0549 -56.0276 0.247181 0.260212 0.571032 -0.0848741 -0.00723914
51.217 93.0237 -20.4888 0.24643 0.267205 0.571032 -0.0848741 -0.00723914
50.6933 89.5 -20.4888 0.245184 0.267281 0.571032 -0.0848741 -0.00723914
51.217 96.0549 -56.0276 0.247181 0.260212 0.571032 -0.0848741 -0.00723914
50.6933 89.5 -20.4888 0.245184 0.267281 0.571032 -0.0848741 -0.00723914
50.6933 92.5313 -56.0276 0.245965 0.260358 0.571032 -0.0848741 -0.00723914
50.6933 89.5 15.05 0.620519 0.425532 0.563506 0.125223 -0.0106806
50.6933 92.5313 50.5888 0.621363 0.432472 0.563506 0.125223 -0.0106806
51.3916 89.3889 50.5888 0.620268 0.43238 0.563506 0.125223 -0.0106806
50.6933 89.5 15.05 0.620519 0.425532 0.563506 0.125223 -0.0106806
51.3916 89.3889 50.5888 0.620268 0.43238 0.563506 0.125223 -0.0106806
51.3916 86.3577 15.05 0.619419 0.425492 0.563506 0.125223 -0.0106806
50.6933 89.5 -20.4888 0.620494 0.418666 0.563505 0.125224 0.0106807
50.6933 89.5 15.05 0.620519 0.425532 0.563506 0.125223 -0.0106806
51.3916 86.3577 15.05 0.619419 0.425492 0.563506 0.125223 -0.0106806
50.6933 89.5 -20.4888 0.620494 0.418666 0.563505 0.125224 0.0106807
51.3916 86.3577 15.05 0.619419 0.425492 0.563506 0.125223 -0.0106806
51.3916 86.3577 -20.4888 0.6194 0.418728 0.563505 0.125224 0.0106807
50.6933 92.5313 -56.0276 0.621275 0.411744 0.563505 0.125224 0.0106807
50.6933 89.5 -20.4888 0.620494 0.418666 0.563505 0.125224 0.0106807
51.3916 86.3577 -20.4888 0.6194 0.418728 0.563505 0.125224 0.0106807
50.6933 92.5313 -56.0276 0.621275 0.411744 0.563505 0.125224 0.0106807
51.3916 86.3577 -20.4888 0.6194 0.418728 0.563505 0.125224 0.0106807
51.3916 89.3889 -56.0276 0.620187 0.41186 0.563505 0.125224 0.0106807
19.9966 96.9872 50.5888 0.629116 0.431795 -0.0766035 0.570176 -0.0486323
19.9966 93.9559 15.05 0.629242 0.425319 -0.0766035 0.570176 -0.0486323
-5.05897 90.5897 15.05 0.632299 0.425175 -0.0766035 0.570176 -0.0486323
19.9966 96.9872 50.5888 0.629116 0.431795 -0.0766035 0.570176 -0.0486323
-5.05897 90.5897 15.05 0.632299 0.425175 -0.0766035 0.570176 -0.0486323
-5.05896 93.6209 50.5888 0.631968 0.431497 -0.0766035 0.570176 -0.0486323
-29.5477 89.9837 50.5888 0.634715 0.431496 -0.084521 0.569064 -0.0485375
-5.05896 93.6209 50.5888 0.631968 0.431497 -0.084521 0.569064 -0.0485375
-5.05897 90.5897 15.05 0.632299 0.425175 -0.0766035 0.570176 -0.0486323
-29.5477 89.9837 50.5888 0.634715 0.431496 -0.084521 0.569064 -0.0485375
-5.05897 90.5897 15.05 0.632299 0.425175 -0.0766035 0.570176 -0.0486323
-29.5477 86.9525 15.05 0.63518 0.425167 -0.084521 0.569064 -0.0485375
19.9966 93.9559 15.05 0.629242 0.425319 -0.0768768 0.572209 -0
19.9966 93.9559 -20.4888 0.629237 0.41878 -0.0768768 0.572209 -0
-5.05897 90.5897 -20.4888 0.632301 0.418894 -0.0768768 0.572209 -0
19.9966 93.9559 15.05 0.629242 0.425319 -0.0768768 0.572209 -0
-5.05897 90.5897 -20.4888 0.632301 0.418894 -0.0768768 0.572209 -0
-5.05897 90.5897 15.05 0.632299 0.425175 -0.0768768 0.572209 -0
-29.5477 86.9525 15.05 0.63518 0.425167 -0.0848211 0.571086 -0
-5.05897 90.5897 15.05 0.632299 0.425175 -0.0768768 0.572209 -0
-5.05897 90.5897 -20.4888 0.632301 0.418894 -0.0768768 0.572209 -0
-29.5477 86.9525 15.05 0.63518 0.425167 -0.0848211 0.571086 -0
-5.05897 90.5897 -20.4888 0.632301 0.418894 -0.0768768 0.572209 -0
-29.5477 86.9525 -20.4888 0.635169 0.418909 -0.0848211 0.571086 -0
49.6459 104.121 -56.0276 0.62531 0.411162 0.382794 0.430642 0.0367308
49.6459 101.09 -20.4888 0.624713 0.418355 0.382794 0.430642 0.0367308
51.217 99.6933 -20.4888 0.624166 0.418405 0.382794 0.430642 0.0367308
49.6459 104.121 -56.0276 0.62531 0.411162 0.382794 0.430642 0.0367308
51.217 99.6933 -20.4888 0.624166 0.418405 0.382794 0.430642 0.0367308
51.217 102.725 -56.0276 0.624791 0.411244 0.382794 0.430642 0.0367308
49.6459 101.09 -20.4888 0.624713 0.418355 0.383571 0.431516 6.46413e-08
49.6459 101.09 15.05 0.62477 0.425735 0.383571 0.431516 6.46413e-08
51.217 99.6933 15.05 0.624218 0.425701 0.383571 0.431516 6.46413e-08
49.6459 101.09 -20.4888 0.624713 0.418355 0.383571 0.431516 6.46413e-08
51.217 99.6933 15.05 0.624218 0.425701 0.383571 0.431516 6.46413e-08
51.217 99.6933 -20.4888 0.624166 0.418405 0.383571 0.431516 6.46413e-08
48.2492 104.645 -56.0276 0.250237 0.259756 0.202077 0.538875 0.0459625
48.2492 101.614 -20.4888 0.249656 0.266955 0.202077 0.538875 0.0459625
49.6459 101.09 -20.4888 0.249403 0.26697 0.202077 0.538875 0.0459625
48.2492 104.645 -56.0276 0.250237 0.259756 0.202077 0.538875 0.0459625
49.6459 101.09 -20.4888 0.249403 0.26697 0.202077 0.538875 0.0459625
49.6459 104.121 -56.0276 0.25 0.259776 0.202077 0.538875 0.0459625
48.2492 101.614 -20.4888 0.249656 0.266955 0.202717 0.540591 -0
48.2492 101.614 15.05 0.24972 0.274358 0.202717 0.540591 -0
49.6459 101.09 15.05 0.249461 0.27435 0.202717 0.540591 -0
48.2492 101.614 -20.4888 0.249656 0.266955 0.202717 0.540591 -0
49.6459 101.09 15.05 0.249461 0.27435 0.202717 0.540591 -0
49.6459 101.09 -20.4888 0.249403 0.26697 0.202717 0.540591 -0
36.3838 100.626 50.5888 0.272579 0.293617 -0.124716 0.561679 -0.0479076
36.3838 97.5946 15.05 0.272326 0.286761 -0.124716 0.561679 -0.0479076
19.9966 93.9559 15.05 0.274433 0.286549 -0.124716 0.561679 -0.0479076
36.3838 100.626 50.5888 0.272579 0.293617 -0.124716 0.561679 -0.0479076
19.9966 93.9559 15.05 0.274433 0.286549 -0.124716 0.561679 -0.0479076
19.9966 96.9872 50.5888 0.274306 0.293025 -0.124716 0.561679 -0.0479076
36.3838 97.5946 15.05 0.272326 0.286761 -0.125148 0.563623 -0
36.3838 97.5946 -20.4888 0.272292 0.27979 -0.125148 0.563623 -0
19.9966 93.9559 -20.4888 0.274427 0.28001 -0.125148 0.563623 -0
36.3838 97.5946 15.05 0.272326 0.286761 -0.125148 0.563623 -0
19.9966 93.9559 -20.4888 0.274427 0.28001 -0.125148 0.563623 -0
19.9966 93.9559 15.05 0.274433 0.286549 -0.125148 0.563623 -0
-59.7638 87.2974 -56.0276 0.637992 0.412166 -0.382794 0.430643 0.0367312
-61.335 85.9008 -56.0276 0.638471 0.412211 -0.382794 0.430643 0.0367312
-61.335 82.8696 -20.4888 0.639188 0.418733 -0.382794 0.430643 0.0367312
-59.7638 87.2974 -56.0276 0.637992 0.412166 -0.382794 0.430643 0.0367312
-61.335 82.8696 -20.4888 0.639188 0.418733 -0.382794 0.430643 0.0367312
-59.7638 84.2662 -20.4888 0.638691 0.418707 -0.382794 0.430643 0.0367312
-59.7638 84.2662 -20.4888 0.638691 0.418707 -0.38357 0.431518 -0
-61.335 82.8696 -20.4888 0.639188 0.418733 -0.38357 0.431518 -0
-61.335 82.8696 15.05 0.639172 0.425334 -0.38357 0.431518 -0
-59.7638 84.2662 -20.4888 0.638691 0.418707 -0.38357 0.431518 -0
-61.335 82.8696 15.05 0.639172 0.425334 -0.38357 0.431518 -0
-59.7638 84.2662 15.05 0.638672 0.425357 -0.38357 0.431518 -0
-58.3672 87.8212 -56.0276 0.262458 0.260776 -0.202078 0.538874 0.0459623
-59.7638 87.2974 -56.0276 0.262682 0.26078 -0.202078 0.538874 0.0459623
-59.7638 84.2662 -20.4888 0.263382 0.267322 -0.202078 0.538874 0.0459623
-58.3672 87.8212 -56.0276 0.262458 0.260776 -0.202078 0.538874 0.0459623
-59.7638 84.2662 -20.4888 0.263382 0.267322 -0.202078 0.538874 0.0459623
-58.3672 84.7899 -20.4888 0.263149 0.267318 -0.202078 0.538874 0.0459623
-58.3672 84.7899 -20.4888 0.263149 0.267318 -0.202724 0.540589 -0
-59.7638 84.2662 -20.4888 0.263382 0.267322 -0.202724 0.540589 -0
-59.7638 84.2662 15.05 0.263362 0.273971 -0.202724 0.540589 -0
-58.3672 84.7899 -20.4888 0.263149 0.267318 -0.202724 0.540589 -0
-59.7638 84.2662 15.05 0.263362 0.273971 -0.202724 0.540589 -0
-58.3672 84.7899 15.05 0.263128 0.273974 -0.202724 0.540589 -0
-47.2414 87.8944 50.5888 0.281417 0.292934 -0.0674628 0.571321 -0.04873
-29.5477 89.9837 50.5888 0.279906 0.292726 -0.0674628 0.571321 -0.04873
-29.5477 86.9525 15.05 0.280371 0.286397 -0.0674628 0.571321 -0.04873
-47.2414 87.8944 50.5888 0.281417 0.292934 -0.0674628 0.571321 -0.04873
-29.5477 86.9525 15.05 0.280371 0.286397 -0.0674628 0.571321 -0.04873
-47.2414 84.8632 15.05 0.281999 0.286493 -0.0674628 0.571321 -0.04873
-47.2414 84.8632 15.05 0.281999 0.286493 -0.0677046 0.573367 -0
-29.5477 86.9525 15.05 0.280371 0.286397 -0.0677046 0.573367 -0
-29.5477 86.9525 -20.4888 0.280359 0.280139 -0.0677046 0.573367 -0
-47.2414 84.8632 15.05 0.281999 0.286493 -0.0677046 0.573367 -0
-29.5477 86.9525 -20.4888 0.280359 0.280139 -0.0677046 0.573367 -0
-47.2414 84.8632 -20.4888 0.282004 0.280036 -0.0677046 0.573367 -0
48.2492 101.614 15.05 0.625029 0.425743 -0.185223 0.546832 -0
48.2492 101.614 -20.4888 0.624965 0.418341 -0.185223 0.546832 -0
36.3838 97.5946 -20.4888 0.627101 0.41856 -0.185223 0.546832 -0
48.2492 101.614 15.05 0.625029 0.425743 -0.185223 0.546832 -0
36.3838 97.5946 -20.4888 0.627101 0.41856 -0.185223 0.546832 -0
36.3838 97.5946 15.05 0.627136 0.425531 -0.185223 0.546832 -0
48.2492 104.645 50.5888 0.625662 0.432978 -0.184622 0.545057 -0.0464898
48.2492 101.614 15.05 0.625029 0.425743 -0.184622 0.545057 -0.0464898
36.3838 97.5946 15.05 0.627136 0.425531 -0.184622 0.545057 -0.0464898
48.2492 104.645 50.5888 0.625662 0.432978 -0.184622 0.545057 -0.0464898
36.3838 97.5946 15.05 0.627136 0.425531 -0.184622 0.545057 -0.0464898
36.3838 100.626 50.5888 0.627389 0.432387 -0.184622 0.545057 -0.0464898
48.2492 101.614 -20.4888 0.624965 0.418341 -0.184623 0.545056 0.0464898
48.2492 104.645 -56.0276 0.625547 0.411141 -0.184623 0.545056 0.0464898
36.3838 100.626 -56.0276 0.627311 0.411703 -0.184623 0.545056 0.0464898
48.2492 101.614 -20.4888 0.624965 0.418341 -0.184623 0.545056 0.0464898
36.3838 100.626 -56.0276 0.627311 0.411703 -0.184623 0.545056 0.0464898
36.3838 97.5946 -20.4888 0.627101 0.41856 -0.184623 0.545056 0.0464898
-58.3672 84.7899 15.05 0.638438 0.425359 -0.00379929 0.577338 -0
-47.2414 84.8632 15.05 0.636809 0.425263 -0.00379929 0.577338 -0
-47.2414 84.8632 -20.4888 0.636814 0.418806 -0.00379929 0.577338 -0
-58.3672 84.7899 15.05 0.638438 0.425359 -0.00379929 0.577338 -0
-47.2414 84.8632 -20.4888 0.636814 0.418806 -0.00379929 0.577338 -0
-58.3672 84.7899 -20.4888 0.638459 0.418703 -0.00379929 0.577338 -0
-58.3672 87.8212 50.5888 0.637738 0.431913 -0.00378593 0.575249 -0.049065
-47.2414 87.8944 50.5888 0.636227 0.431704 -0.00378593 0.575249 -0.049065
-47.2414 84.8632 15.05 0.636809 0.425263 -0.00378593 0.575249 -0.049065
-58.3672 87.8212 50.5888 0.637738 0.431913 -0.00378593 0.575249 -0.049065
-47.2414 84.8632 15.05 0.636809 0.425263 -0.00378593 0.575249 -0.049065
-58.3672 84.7899 15.05 0.638438 0.425359 -0.00378593 0.575249 -0.049065
-58.3672 84.7899 -20.4888 0.638459 0.418703 -0.00378555 0.575249 0.049065
-47.2414 84.8632 -20.4888 0.636814 0.418806 -0.00378555 0.575249 0.049065
-47.2414 87.8944 -56.0276 0.636244 0.412356 -0.00378555 0.575249 0.049065
-58.3672 84.7899 -20.4888 0.638459 0.418703 -0.00378555 0.575249 0.049065
-47.2414 87.8944 -56.0276 0.636244 0.412356 -0.00378555 0.575249 0.049065
-58.3672 87.8212 -56.0276 0.637768 0.412161 -0.00378555 0.575249 0.049065
-29.4498 86.8705 -20.5197 0.280359 0.280139 0.0674289 -0.571326 -0.0487189
-47.1946 84.7764 -20.5212 0.282004 0.280036 0.0674289 -0.571326 -0.0487189
-47.1939 87.8097 -56.0926 0.281434 0.273587 0.0674289 -0.571326 -0.0487189
-29.4498 86.8705 -20.5197 0.280359 0.280139 0.0674289 -0.571326 -0.0487189
-47.1939 87.8097 -56.0926 0.281434 0.273587 0.0674289 -0.571326 -0.0487189
-29.451 89.9035 -56.0891 0.27991 0.273782 0.0674289 -0.571326 -0.0487189
-59.5343 84.2214 15.0669 0.263362 0.273971 0.205384 -0.537632 0.04586
-58.2528 84.7104 15.0809 0.263128 0.273974 0.205384 -0.537632 0.04586
-58.2643 87.7418 50.6497 0.262429 0.280527 0.205384 -0.537632 0.04586
-59.5343 84.2214 15.0669 0.263362 0.273971 0.205384 -0.537632 0.04586
-58.2643 87.7418 50.6497 0.262429 0.280527 0.205384 -0.537632 0.04586
-59.5411 87.2502 50.6251 0.262653 0.280524 0.205384 -0.537632 0.04586
-61.0743 82.8512 15.0567 0.639172 0.425334 0.383132 -0.430344 0.036708
-59.5343 84.2214 15.0669 0.638672 0.425357 0.383132 -0.430344 0.036708
-59.5411 87.2502 50.6251 0.637963 0.431909 0.383132 -0.430344 0.036708
-61.0743 82.8512 15.0567 0.639172 0.425334 0.383132 -0.430344 0.036708
-59.5411 87.2502 50.6251 0.637963 0.431909 0.383132 -0.430344 0.036708
-61.0766 85.8796 50.6051 0.638443 0.431866 0.383132 -0.430344 0.036708
-61.9413 79.3186 15.0493 0.265055 0.273896 0.560624 -0.137465 0.0117324
-61.0743 82.8512 15.0567 0.263862 0.273949 0.560624 -0.137465 0.0117324
-61.0766 85.8796 50.6051 0.263133 0.280481 0.560624 -0.137465 0.0117324
-61.9413 79.3186 15.0493 0.265055 0.273896 0.560624 -0.137465 0.0117324
-61.0766 85.8796 50.6051 0.263133 0.280481 0.560624 -0.137465 0.0117324
-61.9413 82.348 50.5894 0.26427 0.280363 0.560624 -0.137465 0.0117324
-61.9413 79.3186 -20.4881 0.265065 0.267408 0.560624 -0.137465 -0.0117325
-61.0743 82.8512 15.0567 0.263862 0.273949 0.560624 -0.137465 0.0117324
-61.9413 79.3186 15.0493 0.265055 0.273896 0.560624 -0.137465 0.0117324
-61.9413 79.3186 -20.4881 0.265065 0.267408 0.560624 -0.137465 -0.0117325
-61.0743 82.8512 -20.4955 0.263878 0.267348 0.560624 -0.137465 -0.0117325
-61.0743 82.8512 15.0567 0.263862 0.273949 0.560624 -0.137465 0.0117324
-61.9413 82.348 -56.0281 0.264296 0.260952 0.560624 -0.137465 -0.0117325
-61.0743 82.8512 -20.4955 0.263878 0.267348 0.560624 -0.137465 -0.0117325
-61.9413 79.3186 -20.4881 0.265065 0.267408 0.560624 -0.137465 -0.0117325
-61.9413 82.348 -56.0281 0.264296 0.260952 0.560624 -0.137465 -0.0117325
-61.0767 85.8796 -56.0439 0.263162 0.260826 0.560624 -0.137465 -0.0117325
-61.0743 82.8512 -20.4955 0.263878 0.267348 0.560624 -0.137465 -0.0117325
-61.0691 76.2061 15.0477 0.641396 0.425245 0.555769 0.155812 -0.0132862
-61.9413 79.3186 15.0493 0.640365 0.425282 0.555769 0.155812 -0.0132862
-61.9413 82.348 50.5894 0.639579 0.431748 0.555769 0.155812 -0.0132862
-61.0691 76.2061 15.0477 0.641396 0.425245 0.555769 0.155812 -0.0132862
-61.9413 82.348 50.5894 0.639579 0.431748 0.555769 0.155812 -0.0132862
-61.0692 79.2378 50.5837 0.640584 0.431667 0.555769 0.155812 -0.0132862
-61.0691 76.2061 -20.4865 0.641403 0.418837 0.55577 0.155811 0.0132859
-61.9413 79.3186 15.0493 0.640365 0.425282 0.555769 0.155812 -0.0132862
-61.0691 76.2061 15.0477 0.641396 0.425245 0.555769 0.155812 -0.0132862
-61.0691 76.2061 -20.4865 0.641403 0.418837 0.55577 0.155811 0.0132859
-61.9413 79.3186 -20.4881 0.640375 0.418794 0.55577 0.155811 0.0132859
-61.9413 79.3186 15.0493 0.640365 0.425282 0.555769 0.155812 -0.0132862
-61.0692 79.2378 -56.0225 0.640608 0.412425 0.55577 0.155811 0.0132859
-61.9413 79.3186 -20.4881 0.640375 0.418794 0.55577 0.155811 0.0132859
-61.0691 76.2061 -20.4865 0.641403 0.418837 0.55577 0.155811 0.0132859
-61.0692 79.2378 -56.0225 0.640608 0.412425 0.55577 0.155811 0.0132859
-61.9413 82.348 -56.0281 0.639606 0.412337 0.55577 0.155811 0.0132859
-61.9413 79.3186 -20.4881 0.640375 0.418794 0.55577 0.155811 0.0132859
-60.5447 72.6748 15.0508 0.267236 0.273823 0.571042 0.0848061 -0.00723525
-61.0691 76.2061 15.0477 0.266087 0.27386 0.571042 0.0848061 -0.00723525
-61.0692 79.2378 50.5837 0.265274 0.280281 0.571042 0.0848061 -0.00723525
-60.5447 72.6748 15.0508 0.267236 0.273823 0.571042 0.0848061 -0.00723525
-61.0692 79.2378 50.5837 0.265274 0.280281 0.571042 0.0848061 -0.00723525
-60.5447 75.7073 50.589 0.266406 0.280201 0.571042 0.0848061 -0.00723525
-60.5447 72.6748 -20.4895 0.26724 0.267493 0.571042 0.0848059 0.00723501
-61.0691 76.2061 15.0477 0.266087 0.27386 0.571042 0.0848061 -0.00723525
-60.5447 72.6748 15.0508 0.267236 0.273823 0.571042 0.0848061 -0.00723525
-60.5447 72.6748 -20.4895 0.26724 0.267493 0.571042 0.0848059 0.00723501
-61.0691 76.2061 -20.4865 0.266093 0.267452 0.571042 0.0848059 0.00723501
-61.0691 76.2061 15.0477 0.266087 0.27386 0.571042 0.0848061 -0.00723525
-60.5447 75.7073 -56.0277 0.266426 0.261127 0.571042 0.0848059 0.00723501
-61.0691 76.2061 -20.4865 0.266093 0.267452 0.571042 0.0848059 0.00723501
-60.5447 72.6748 -20.4895 0.26724 0.267493 0.571042 0.0848059 0.00723501
-60.5447 75.7073 -56.0277 0.266426 0.261127 0.571042 0.0848059 0.00723501
-61.0692 79.2378 -56.0225 0.265298 0.26104 0.571042 0.0848059 0.00723501
-61.0691 76.2061 -20.4865 0.266093 0.267452 0.571042 0.0848059 0.00723501
-61.2438 69.5274 15.0523 0.643561 0.425179 0.563528 -0.125123 0.0106741
-60.5447 72.6748 15.0508 0.642546 0.425209 0.563528 -0.125123 0.0106741
-60.5447 75.7073 50.589 0.641716 0.431587 0.563528 -0.125123 0.0106741
-61.2438 69.5274 15.0523 0.643561 0.425179 0.563528 -0.125123 0.0106741
-60.5447 75.7073 50.589 0.641716 0.431587 0.563528 -0.125123 0.0106741
-61.2438 72.5586 50.5938 0.642728 0.431524 0.563528 -0.125123 0.0106741
-61.2438 69.5274 -20.4911 0.643561 0.418912 0.563528 -0.125124 -0.0106742
-60.5447 72.6748 15.0508 0.642546 0.425209 0.563528 -0.125123 0.0106741
-61.2438 69.5274 15.0523 0.643561 0.425179 0.563528 -0.125123 0.0106741
-61.2438 69.5274 -20.4911 0.643561 0.418912 0.563528 -0.125124 -0.0106742
-60.5447 72.6748 -20.4895 0.642549 0.418879 0.563528 -0.125124 -0.0106742
-60.5447 72.6748 15.0508 0.642546 0.425209 0.563528 -0.125123 0.0106741
-61.2438 72.5586 -56.0326 0.642745 0.412582 0.563528 -0.125124 -0.0106742
-60.5447 72.6748 -20.4895 0.642549 0.418879 0.563528 -0.125124 -0.0106742
-61.2438 69.5274 -20.4911 0.643561 0.418912 0.563528 -0.125124 -0.0106742
-61.2438 72.5586 -56.0326 0.642745 0.412582 0.563528 -0.125124 -0.0106742
-60.5447 75.7073 -56.0277 0.641736 0.412513 0.563528 -0.125124 -0.0106742
-60.5447 72.6748 -20.4895 0.642549 0.418879 0.563528 -0.125124 -0.0106742
-4.95545 90.5085 -20.5196 0.632301 0.418894 0.08452 -0.569065 -0.0485272
-29.4498 86.8705 -20.5197 0.635169 0.418909 0.08452 -0.569065 -0.0485272
-29.451 89.9035 -56.0891 0.63472 0.412552 0.08452 -0.569065 -0.0485272
-4.95545 90.5085 -20.5196 0.632301 0.418894 0.08452 -0.569065 -0.0485272
-29.451 89.9035 -56.0891 0.63472 0.412552 0.08452 -0.569065 -0.0485272
-4.95793 93.5413 -56.0887 0.631956 0.412545 0.08452 -0.569065 -0.0485272
20.1196 96.9108 -56.0862 0.629075 0.412264 0.0766153 -0.570175 -0.0486218
20.1193 93.8777 -20.5183 0.629237 0.41878 0.0766153 -0.570175 -0.0486218
-4.95545 90.5085 -20.5196 0.632301 0.418894 0.08452 -0.569065 -0.0485272
20.1196 96.9108 -56.0862 0.629075 0.412264 0.0766153 -0.570175 -0.0486218
-4.95545 90.5085 -20.5196 0.632301 0.418894 0.08452 -0.569065 -0.0485272
-4.95793 93.5413 -56.0887 0.631956 0.412545 0.0766153 -0.570175 -0.0486218
36.5525 100.559 -56.0787 0.272501 0.272933 0.124721 -0.561679 -0.0478985
36.5517 97.5261 -20.5147 0.272292 0.27979 0.124721 -0.561679 -0.0478985
20.1193 93.8777 -20.5183 0.274427 0.28001 0.124721 -0.561679 -0.0478985
36.5525 100.559 -56.0787 0.272501 0.272933 0.124721 -0.561679 -0.0478985
20.1193 93.8777 -20.5183 0.274427 0.28001 0.124721 -0.561679 -0.0478985
20.1196 96.9108 -56.0862 0.274265 0.273494 0.124721 -0.561679 -0.0478985
48.2433 104.559 50.6548 0.250352 0.281593 -0.217608 -0.532838 0.0454367
48.2421 101.526 15.0854 0.24972 0.274358 -0.217608 -0.532838 0.0454367
49.4163 101.045 15.0669 0.249461 0.27435 -0.217608 -0.532838 0.0454367
48.2433 104.559 50.6548 0.250352 0.281593 -0.217608 -0.532838 0.0454367
49.4163 101.045 15.0669 0.249461 0.27435 -0.217608 -0.532838 0.0454367
49.4231 104.074 50.6251 0.250114 0.281577 -0.217608 -0.532838 0.0454367
49.4231 104.074 50.6251 0.625424 0.432963 -0.383129 -0.430346 0.0367082
49.4163 101.045 15.0669 0.62477 0.425735 -0.383129 -0.430346 0.0367082
50.9564 99.6749 15.0567 0.624218 0.425701 -0.383129 -0.430346 0.0367082
49.4231 104.074 50.6251 0.625424 0.432963 -0.383129 -0.430346 0.0367082
50.9564 99.6749 15.0567 0.624218 0.425701 -0.383129 -0.430346 0.0367082
50.9587 102.703 50.6051 0.624902 0.432891 -0.383129 -0.430346 0.0367082
50.9587 102.703 50.6051 0.249592 0.281506 -0.560624 -0.137465 0.0117324
50.9564 99.6749 15.0567 0.248908 0.274316 -0.560624 -0.137465 0.0117324
51.8234 96.1423 15.0493 0.247591 0.274243 -0.560624 -0.137465 0.0117324
50.9587 102.703 50.6051 0.249592 0.281506 -0.560624 -0.137465 0.0117324
51.8234 96.1423 15.0493 0.247591 0.274243 -0.560624 -0.137465 0.0117324
51.8234 99.1717 50.5894 0.248365 0.281328 -0.560624 -0.137465 0.0117324
50.9564 99.6749 15.0567 0.248908 0.274316 -0.560624 -0.137465 0.0117324
51.8234 96.1423 -20.4881 0.247552 0.267127 -0.560624 -0.137466 -0.0117323
51.8234 96.1423 15.0493 0.247591 0.274243 -0.560624 -0.137465 0.0117324
50.9564 99.6749 15.0567 0.248908 0.274316 -0.560624 -0.137465 0.0117324
50.9564 99.6749 -20.4955 0.248856 0.26702 -0.560624 -0.137466 -0.0117323
51.8234 96.1423 -20.4881 0.247552 0.267127 -0.560624 -0.137466 -0.0117323
50.9564 99.6749 -20.4955 0.248856 0.26702 -0.560624 -0.137466 -0.0117323
51.8234 99.1717 -56.0281 0.248261 0.260064 -0.560624 -0.137466 -0.0117323
51.8234 96.1423 -20.4881 0.247552 0.267127 -0.560624 -0.137466 -0.0117323
50.9564 99.6749 -20.4955 0.248856 0.26702 -0.560624 -0.137466 -0.0117323
50.9587 102.703 -56.0439 0.249481 0.259858 -0.560624 -0.137466 -0.0117323
51.8234 99.1717 -56.0281 0.248261 0.260064 -0.560624 -0.137466 -0.0117323
51.8234 99.1717 50.5894 0.623674 0.432713 -0.55577 0.155812 -0.0132861
51.8234 96.1423 15.0493 0.622901 0.425629 -0.55577 0.155812 -0.0132861
50.9512 93.0298 15.0477 0.621771 0.425579 -0.55577 0.155812 -0.0132861
51.8234 99.1717 50.5894 0.623674 0.432713 -0.55577 0.155812 -0.0132861
50.9512 93.0298 15.0477 0.621771 0.425579 -0.55577 0.155812 -0.0132861
50.9513 96.0615 50.5837 0.622587 0.43259 -0.55577 0.155812 -0.0132861
51.8234 96.1423 15.0493 0.622901 0.425629 -0.55577 0.155812 -0.0132861
50.9512 93.0298 -20.4865 0.621739 0.41859 -0.55577 0.155811 0.013286
50.9512 93.0298 15.0477 0.621771 0.425579 -0.55577 0.155812 -0.0132861
51.8234 96.1423 15.0493 0.622901 0.425629 -0.55577 0.155812 -0.0132861
51.8234 96.1423 -20.4881 0.622862 0.418512 -0.55577 0.155811 0.013286
50.9512 93.0298 -20.4865 0.621739 0.41859 -0.55577 0.155811 0.013286
51.8234 96.1423 -20.4881 0.622862 0.418512 -0.55577 0.155811 0.013286
50.9513 96.0615 -56.0225 0.622491 0.411597 -0.55577 0.155811 0.013286
50.9512 93.0298 -20.4865 0.621739 0.41859 -0.55577 0.155811 0.013286
51.8234 96.1423 -20.4881 0.622862 0.418512 -0.55577 0.155811 0.013286
51.8234 99.1717 -56.0281 0.623571 0.41145 -0.55577 0.155811 0.013286
50.9513 96.0615 -56.0225 0.622491 0.411597 -0.55577 0.155811 0.013286
50.9513 96.0615 50.5837 0.247277 0.281205 -0.571042 0.0848057 -0.007235
50.9512 93.0298 15.0477 0.246462 0.274194 -0.571042 0.0848057 -0.007235
50.4268 89.4985 15.0507 0.245209 0.274146 -0.571042 0.0848057 -0.007235
50.9513 96.0615 50.5837 0.247277 0.281205 -0.571042 0.0848057 -0.007235
50.4268 89.4985 15.0507 0.245209 0.274146 -0.571042 0.0848057 -0.007235
50.4268 92.531 50.5889 0.246053 0.281086 -0.571042 0.0848057 -0.007235
50.9512 93.0298 15.0477 0.246462 0.274194 -0.571042 0.0848057 -0.007235
50.4268 89.4985 -20.4895 0.245184 0.267281 -0.571042 0.0848065 0.00723501
50.4268 89.4985 15.0507 0.245209 0.274146 -0.571042 0.0848057 -0.007235
50.9512 93.0298 15.0477 0.246462 0.274194 -0.571042 0.0848057 -0.007235
50.9512 93.0298 -20.4865 0.24643 0.267205 -0.571042 0.0848065 0.00723501
50.4268 89.4985 -20.4895 0.245184 0.267281 -0.571042 0.0848065 0.00723501
50.9512 93.0298 -20.4865 0.24643 0.267205 -0.571042 0.0848065 0.00723501
50.4268 92.531 -56.0277 0.245965 0.260358 -0.571042 0.0848065 0.00723501
50.4268 89.4985 -20.4895 0.245184 0.267281 -0.571042 0.0848065 0.00723501
50.9512 93.0298 -20.4865 0.24643 0.267205 -0.571042 0.0848065 0.00723501
50.9513 96.0615 -56.0225 0.247181 0.260212 -0.571042 0.0848065 0.00723501
50.4268 92.531 -56.0277 0.245965 0.260358 -0.571042 0.0848065 0.00723501
50.4268 92.531 50.5889 0.621363 0.432472 -0.563528 -0.125123 0.0106742
50.4268 89.4985 15.0507 0.620519 0.425532 -0.563528 -0.125123 0.0106742
51.1258 86.3511 15.0523 0.619419 0.425492 -0.563528 -0.125123 0.0106742
50.4268 92.531 50.5889 0.621363 0.432472 -0.563528 -0.125123 0.0106742
51.1258 86.3511 15.0523 0.619419 0.425492 -0.563528 -0.125123 0.0106742
51.1259 89.3823 50.5938 0.620268 0.43238 -0.563528 -0.125123 0.0106742
50.4268 89.4985 15.0507 0.620519 0.425532 -0.563528 -0.125123 0.0106742
51.1258 86.3511 -20.4911 0.6194 0.418728 -0.563528 -0.125123 -0.0106741
51.1258 86.3511 15.0523 0.619419 0.425492 -0.563528 -0.125123 0.0106742
50.4268 89.4985 15.0507 0.620519 0.425532 -0.563528 -0.125123 0.0106742
50.4268 89.4985 -20.4895 0.620494 0.418666 -0.563528 -0.125123 -0.0106741
51.1258 86.3511 -20.4911 0.6194 0.418728 -0.563528 -0.125123 -0.0106741
50.4268 89.4985 -20.4895 0.620494 0.418666 -0.563528 -0.125123 -0.0106741
51.1259 89.3823 -56.0326 0.620187 0.41186 -0.563528 -0.125123 -0.0106741
51.1258 86.3511 -20.4911 0.6194 0.418728 -0.563528 -0.125123 -0.0106741
50.4268 89.4985 -20.4895 0.620494 0.418666 -0.563528 -0.125123 -0.0106741
50.4268 92.531 -56.0277 0.621275 0.411744 -0.563528 -0.125123 -0.0106741
51.1259 89.3823 -56.0326 0.620187 0.41186 -0.563528 -0.125123 -0.0106741
20.1193 93.8777 15.0795 0.629242 0.425319 0.0766153 -0.570175 0.0486218
20.1196 96.9108 50.6474 0.629116 0.431795 0.0766153 -0.570175 0.0486218
-4.95793 93.5413 50.6499 0.631968 0.431497 0.0766153 -0.570175 0.0486218
20.1193 93.8777 15.0795 0.629242 0.425319 0.0766153 -0.570175 0.0486218
-4.95793 93.5413 50.6499 0.631968 0.431497 0.0766153 -0.570175 0.0486218
-4.95546 90.5085 15.0808 0.632299 0.425175 0.0766153 -0.570175 0.0486218
-4.95793 93.5413 50.6499 0.631968 0.431497 0.0845202 -0.569065 0.0485272
-29.4498 86.8705 15.081 0.63518 0.425167 0.0845202 -0.569065 0.0485272
-4.95546 90.5085 15.0808 0.632299 0.425175 0.0766153 -0.570175 0.0486218
-4.95793 93.5413 50.6499 0.631968 0.431497 0.0845202 -0.569065 0.0485272
-29.451 89.9035 50.6504 0.634715 0.431496 0.0845202 -0.569065 0.0485272
-29.4498 86.8705 15.081 0.63518 0.425167 0.0845202 -0.569065 0.0485272
20.1193 93.8777 -20.5183 0.629237 0.41878 0.0768853 -0.572208 -0
20.1193 93.8777 15.0795 0.629242 0.425319 0.0768853 -0.572208 -0
-4.95546 90.5085 15.0808 0.632299 0.425175 0.0768853 -0.572208 -0
20.1193 93.8777 -20.5183 0.629237 0.41878 0.0768853 -0.572208 -0
-4.95546 90.5085 15.0808 0.632299 0.425175 0.0768853 -0.572208 -0
-4.95545 90.5085 -20.5196 0.632301 0.418894 0.0768853 -0.572208 -0
-4.95546 90.5085 15.0808 0.632299 0.425175 0.0768853 -0.572208 -0
-29.4498 86.8705 -20.5197 0.635169 0.418909 0.0848198 -0.571086 -0
-4.95545 90.5085 -20.5196 0.632301 0.418894 0.0768853 -0.572208 -0
-4.95546 90.5085 15.0808 0.632299 0.425175 0.0768853 -0.572208 -0
-29.4498 86.8705 15.081 0.63518 0.425167 0.0848198 -0.571086 -0
-29.4498 86.8705 -20.5197 0.635169 0.418909 0.0848198 -0.571086 -0
49.4163 101.045 -20.5057 0.624713 0.418355 -0.383131 -0.430344 -0.0367079
49.4231 104.074 -56.0639 0.62531 0.411162 -0.383131 -0.430344 -0.0367079
50.9587 102.703 -56.0439 0.624791 0.411244 -0.383131 -0.430344 -0.0367079
49.4163 101.045 -20.5057 0.624713 0.418355 -0.383131 -0.430344 -0.0367079
50.9587 102.703 -56.0439 0.624791 0.411244 -0.383131 -0.430344 -0.0367079
50.9564 99.6749 -20.4955 0.624166 0.418405 -0.383131 -0.430344 -0.0367079
49.4163 101.045 15.0669 0.62477 0.425735 -0.383775 -0.431336 -0
49.4163 101.045 -20.5057 0.624713 0.418355 -0.383775 -0.431336 -0
50.9564 99.6749 -20.4955 0.624166 0.418405 -0.383775 -0.431336 -0
49.4163 101.045 15.0669 0.62477 0.425735 -0.383775 -0.431336 -0
50.9564 99.6749 -20.4955 0.624166 0.418405 -0.383775 -0.431336 -0
50.9564 99.6749 15.0567 0.624218 0.425701 -0.383775 -0.431336 -0
48.2421 101.526 -20.5242 0.249656 0.266955 -0.217602 -0.53284 -0.0454367
48.2433 104.559 -56.0936 0.250237 0.259756 -0.217602 -0.53284 -0.0454367
49.4231 104.074 -56.0639 0.25 0.259776 -0.217602 -0.53284 -0.0454367
48.2421 101.526 -20.5242 0.249656 0.266955 -0.217602 -0.53284 -0.0454367
49.4231 104.074 -56.0639 0.25 0.259776 -0.217602 -0.53284 -0.0454367
49.4163 101.045 -20.5057 0.249403 0.26697 -0.217602 -0.53284 -0.0454367
48.2421 101.526 15.0854 0.24972 0.274358 -0.21866 -0.534342 -0
48.2421 101.526 -20.5242 0.249656 0.266955 -0.21866 -0.534342 -0
49.4163 101.045 -20.5057 0.249403 0.26697 -0.21866 -0.534342 -0
48.2421 101.526 15.0854 0.24972 0.274358 -0.21866 -0.534342 -0
49.4163 101.045 -20.5057 0.249403 0.26697 -0.21866 -0.534342 -0
49.4163 101.045 15.0669 0.249461 0.27435 -0.21866 -0.534342 -0
36.5517 97.5261 15.076 0.272326 0.286761 0.124721 -0.561679 0.0478984
36.5525 100.559 50.6399 0.272579 0.293617 0.124721 -0.561679 0.0478984
20.1196 96.9108 50.6474 0.274306 0.293025 0.124721 -0.561679 0.0478984
36.5517 97.5261 15.076 0.272326 0.286761 0.124721 -0.561679 0.0478984
20.1196 96.9108 50.6474 0.274306 0.293025 0.124721 -0.561679 0.0478984
20.1193 93.8777 15.0795 0.274433 0.286549 0.124721 -0.561679 0.0478984
36.5517 97.5261 -20.5147 0.272292 0.27979 0.125141 -0.563625 -0
36.5517 97.5261 15.076 0.272326 0.286761 0.125141 -0.563625 -0
20.1193 93.8777 15.0795 0.274433 0.286549 0.125141 -0.563625 -0
36.5517 97.5261 -20.5147 0.272292 0.27979 0.125141 -0.563625 -0
20.1193 93.8777 15.0795 0.274433 0.286549 0.125141 -0.563625 -0
20.1193 93.8777 -20.5183 0.274427 0.28001 0.125141 -0.563625 -0
-61.0767 85.8796 -56.0439 0.638471 0.412211 0.38313 -0.430345 -0.0367082
-59.5411 87.2502 -56.0639 0.637992 0.412166 0.38313 -0.430345 -0.0367082
-59.5343 84.2214 -20.5057 0.638691 0.418707 0.38313 -0.430345 -0.0367082
-61.0767 85.8796 -56.0439 0.638471 0.412211 0.38313 -0.430345 -0.0367082
-59.5343 84.2214 -20.5057 0.638691 0.418707 0.38313 -0.430345 -0.0367082
-61.0743 82.8512 -20.4955 0.639188 0.418733 0.38313 -0.430345 -0.0367082
-61.0743 82.8512 -20.4955 0.639188 0.418733 0.383775 -0.431336 -0
-59.5343 84.2214 -20.5057 0.638691 0.418707 0.383775 -0.431336 -0
-59.5343 84.2214 15.0669 0.638672 0.425357 0.383775 -0.431336 -0
-61.0743 82.8512 -20.4955 0.639188 0.418733 0.383775 -0.431336 -0
-59.5343 84.2214 15.0669 0.638672 0.425357 0.383775 -0.431336 -0
-61.0743 82.8512 15.0567 0.639172 0.425334 0.383775 -0.431336 -0
-59.5411 87.2502 -56.0639 0.262682 0.26078 0.205387 -0.53763 -0.0458603
-58.2643 87.7418 -56.0885 0.262458 0.260776 0.205387 -0.53763 -0.0458603
-58.2528 84.7104 -20.5196 0.263149 0.267318 0.205387 -0.53763 -0.0458603
-59.5411 87.2502 -56.0639 0.262682 0.26078 0.205387 -0.53763 -0.0458603
-58.2528 84.7104 -20.5196 0.263149 0.267318 0.205387 -0.53763 -0.0458603
-59.5343 84.2214 -20.5057 0.263382 0.267322 0.205387 -0.53763 -0.0458603
-59.5343 84.2214 -20.5057 0.263382 0.267322 0.205817 -0.539419 -0
-58.2528 84.7104 -20.5196 0.263149 0.267318 0.205817 -0.539419 -0
-58.2528 84.7104 15.0809 0.263128 0.273974 0.205817 -0.539419 -0
-59.5343 84.2214 -20.5057 0.263382 0.267322 0.205817 -0.539419 -0
-58.2528 84.7104 15.0809 0.263128 0.273974 0.205817 -0.539419 -0
-59.5343 84.2214 15.0669 0.263362 0.273971 0.205817 -0.539419 -0
-29.451 89.9035 50.6504 0.279906 0.292726 0.0674292 -0.571326 0.0487189
-47.1939 87.8097 50.6538 0.281417 0.292934 0.0674292 -0.571326 0.0487189
-47.1946 84.7764 15.0824 0.281999 0.286493 0.0674292 -0.571326 0.0487189
-29.451 89.9035 50.6504 0.279906 0.292726 0.0674292 -0.571326 0.0487189
-47.1946 84.7764 15.0824 0.281999 0.286493 0.0674292 -0.571326 0.0487189
-29.4498 86.8705 15.081 0.280371 0.286397 0.0674292 -0.571326 0.0487189
-29.4498 86.8705 15.081 0.280371 0.286397 0.0676655 -0.573371 -0
-47.1946 84.7764 15.0824 0.281999 0.286493 0.0676655 -0.573371 -0
-47.1946 84.7764 -20.5212 0.282004 0.280036 0.0676655 -0.573371 -0
-29.4498 86.8705 15.081 0.280371 0.286397 0.0676655 -0.573371 -0
-47.1946 84.7764 -20.5212 0.282004 0.280036 0.0676655 -0.573371 -0
-29.4498 86.8705 -20.5197 0.280359 0.280139 0.0676655 -0.573371 -0
48.2421 101.526 -20.5242 0.624965 0.418341 0.186889 -0.546265 -0
48.2421 101.526 15.0854 0.625029 0.425743 0.186889 -0.546265 -0
36.5517 97.5261 15.076 0.627136 0.425531 0.186889 -0.546265 -0
48.2421 101.526 -20.5242 0.624965 0.418341 0.186889 -0.546265 -0
36.5517 97.5261 15.076 0.627136 0.425531 0.186889 -0.546265 -0
36.5517 97.5261 -20.5147 0.627101 0.41856 0.186889 -0.546265 -0
48.2421 101.526 15.0854 0.625029 0.425743 0.18624 -0.544511 0.0464302
48.2433 104.559 50.6548 0.625662 0.432978 0.18624 -0.544511 0.0464302
36.5525 100.559 50.6399 0.627389 0.432387 0.18624 -0.544511 0.0464302
48.2421 101.526 15.0854 0.625029 0.425743 0.18624 -0.544511 0.0464302
36.5525 100.559 50.6399 0.627389 0.432387 0.18624 -0.544511 0.0464302
36.5517 97.5261 15.076 0.627136 0.425531 0.18624 -0.544511 0.0464302
48.2433 104.559 -56.0936 0.625547 0.411141 0.18624 -0.544511 -0.0464303
48.2421 101.526 -20.5242 0.624965 0.418341 0.18624 -0.544511 -0.0464303
36.5517 97.5261 -20.5147 0.627101 0.41856 0.18624 -0.544511 -0.0464303
48.2433 104.559 -56.0936 0.625547 0.411141 0.18624 -0.544511 -0.0464303
36.5517 97.5261 -20.5147 0.627101 0.41856 0.18624 -0.544511 -0.0464303
36.5525 100.559 -56.0787 0.627311 0.411703 0.18624 -0.544511 -0.0464303
-47.1946 84.7764 15.0824 0.636809 0.425263 0.00344635 -0.57734 -0
-58.2528 84.7104 15.0809 0.638438 0.425359 0.00344635 -0.57734 -0
-58.2528 84.7104 -20.5196 0.638459 0.418703 0.00344635 -0.57734 -0
-47.1946 84.7764 15.0824 0.636809 0.425263 0.00344635 -0.57734 -0
-58.2528 84.7104 -20.5196 0.638459 0.418703 0.00344635 -0.57734 -0
-47.1946 84.7764 -20.5212 0.636814 0.418806 0.00344635 -0.57734 -0
-47.1939 87.8097 50.6538 0.636227 0.431704 0.0034699 -0.575253 0.0490411
-58.2643 87.7418 50.6497 0.637738 0.431913 0.0034699 -0.575253 0.0490411
-58.2528 84.7104 15.0809 0.638438 0.425359 0.0034699 -0.575253 0.0490411
-47.1939 87.8097 50.6538 0.636227 0.431704 0.0034699 -0.575253 0.0490411
-58.2528 84.7104 15.0809 0.638438 0.425359 0.0034699 -0.575253 0.0490411
-47.1946 84.7764 15.0824 0.636809 0.425263 0.0034699 -0.575253 0.0490411
-47.1946 84.7764 -20.5212 0.636814 0.418806 0.00346951 -0.575253 -0.0490412
-58.2528 84.7104 -20.5196 0.638459 0.418703 0.00346951 -0.575253 -0.0490412
-58.2643 87.7418 -56.0885 0.637768 0.412161 0.00346951 -0.575253 -0.0490412
-47.1946 84.7764 -20.5212 0.636814 0.418806 0.00346951 -0.575253 -0.0490412
-58.2643 87.7418 -56.0885 0.637768 0.412161 0.00346951 -0.575253 -0.0490412
-47.1939 87.8097 -56.0926 0.636244 0.412356 0.00346951 -0.575253 -0.0490412
-58.3672 87.8212 50.5888 0.637738 0.431913 -0.00231102 0.350197 0.45901
-58.2643 87.7418 50.6497 0.637738 0.431913 -0.00231102 0.350197 0.45901
-47.1939 87.8097 50.6538 0.636227 0.431704 -0.00231102 0.350197 0.45901
-58.3672 87.8212 50.5888 0.637738 0.431913 -0.00231102 0.350197 0.45901
-47.1939 87.8097 50.6538 0.636227 0.431704 -0.00231102 0.350197 0.45901
-47.2414 87.8944 50.5888 0.636227 0.431704 -0.00231102 0.350197 0.45901
-29.5477 89.9837 50.5888 0.634715 0.431496 -0.0464993 0.313127 0.482827
-29.451 89.9035 50.6504 0.634715 0.431496 -0.0464993 0.313127 0.482827
-4.95793 93.5413 50.6499 0.631968 0.431497 -0.0464993 0.313127 0.482827
-29.5477 89.9837 50.5888 0.634715 0.431496 -0.0464993 0.313127 0.482827
-4.95793 93.5413 50.6499 0.631968 0.431497 -0.0464993 0.313127 0.482827
-5.05896 93.6209 50.5888 0.631968 0.431497 -0.0464993 0.313127 0.482827
-5.05896 93.6209 50.5888 0.631968 0.431497 -0.0464993 0.313127 0.482827
-4.95793 93.5413 50.6499 0.631968 0.431497 -0.0464993 0.313127 0.482827
20.1196 96.9108 50.6474 0.629116 0.431795 -0.0418385 0.31156 0.484265
-5.05896 93.6209 50.5888 0.631968 0.431497 -0.0464993 0.313127 0.482827
20.1196 96.9108 50.6474 0.629116 0.431795 -0.0418385 0.31156 0.484265
19.9966 96.9872 50.5888 0.629116 0.431795 -0.0418385 0.31156 0.484265
-29.5477 89.9837 -56.0276 0.27991 0.273782 -0.0387943 0.329045 -0.472819
-29.451 89.9035 -56.0891 0.27991 0.273782 -0.0387943 0.329045 -0.472819
-47.1939 87.8097 -56.0926 0.281434 0.273587 -0.0387943 0.329045 -0.472819
-29.5477 89.9837 -56.0276 0.27991 0.273782 -0.0387943 0.329045 -0.472819
-47.1939 87.8097 -56.0926 0.281434 0.273587 -0.0387943 0.329045 -0.472819
-47.2414 87.8944 -56.0276 0.281434 0.273587 -0.0387943 0.329045 -0.472819
-59.7638 87.2974 50.5888 0.262653 0.280524 -0.081411 0.20136 0.534939
-59.5411 87.2502 50.6251 0.262653 0.280524 -0.081411 0.20136 0.534939
-58.2643 87.7418 50.6497 0.262429 0.280527 -0.081411 0.20136 0.534939
-59.7638 87.2974 50.5888 0.262653 0.280524 -0.081411 0.20136 0.534939
-58.2643 87.7418 50.6497 0.262429 0.280527 -0.081411 0.20136 0.534939
-58.3672 87.8212 50.5888 0.262429 0.280527 -0.081411 0.20136 0.534939
-58.3672 87.8212 -56.0276 0.262458 0.260776 -0.0814163 0.20136 -0.534938
-58.2643 87.7418 -56.0885 0.262458 0.260776 -0.0814163 0.20136 -0.534938
-59.5411 87.2502 -56.0639 0.262682 0.26078 -0.0814163 0.20136 -0.534938
-58.3672 87.8212 -56.0276 0.262458 0.260776 -0.0814163 0.20136 -0.534938
-59.5411 87.2502 -56.0639 0.262682 0.26078 -0.0814163 0.20136 -0.534938
-59.7638 87.2974 -56.0276 0.262682 0.26078 -0.0814163 0.20136 -0.534938
-61.335 85.9008 50.5888 0.638443 0.431866 -0.0543954 0.0569303 0.571956
-61.0766 85.8796 50.6051 0.638443 0.431866 -0.0543954 0.0569303 0.571956
-59.5411 87.2502 50.6251 0.637963 0.431909 -0.0543954 0.0569303 0.571956
-61.335 85.9008 50.5888 0.638443 0.431866 -0.0543954 0.0569303 0.571956
-59.5411 87.2502 50.6251 0.637963 0.431909 -0.0543954 0.0569303 0.571956
-59.7638 87.2974 50.5888 0.637963 0.431909 -0.0543954 0.0569303 0.571956
-59.7638 87.2974 -56.0276 0.637992 0.412166 -0.0544066 0.0569425 -0.571953
-59.5411 87.2502 -56.0639 0.637992 0.412166 -0.0544066 0.0569425 -0.571953
-61.0767 85.8796 -56.0439 0.638471 0.412211 -0.0544066 0.0569425 -0.571953
-59.7638 87.2974 -56.0276 0.637992 0.412166 -0.0544066 0.0569425 -0.571953
-61.0767 85.8796 -56.0439 0.638471 0.412211 -0.0544066 0.0569425 -0.571953
-61.335 85.9008 -56.0276 0.638471 0.412211 -0.0544066 0.0569425 -0.571953
-62.2079 82.3487 50.5888 0.26427 0.280363 -0.018385 0.0032281 0.577048
-61.9413 82.348 50.5894 0.26427 0.280363 -0.018385 0.0032281 0.577048
-61.0766 85.8796 50.6051 0.263133 0.280481 -0.018385 0.0032281 0.577048
-62.2079 82.3487 50.5888 0.26427 0.280363 -0.018385 0.0032281 0.577048
-61.0766 85.8796 50.6051 0.263133 0.280481 -0.018385 0.0032281 0.577048
-61.335 85.9008 50.5888 0.263133 0.280481 -0.018385 0.0032281 0.577048
-61.335 85.9008 -56.0276 0.263162 0.260826 -0.0183981 0.00323078 -0.577048
-61.0767 85.8796 -56.0439 0.263162 0.260826 -0.0183981 0.00323078 -0.577048
-61.9413 82.348 -56.0281 0.264296 0.260952 -0.0183981 0.00323078 -0.577048
-61.335 85.9008 -56.0276 0.263162 0.260826 -0.0183981 0.00323078 -0.577048
-61.9413 82.348 -56.0281 0.264296 0.260952 -0.0183981 0.00323078 -0.577048
-62.2079 82.3487 -56.0276 0.264296 0.260952 -0.0183981 0.00323078 -0.577048
-61.335 79.2312 50.5888 0.640584 0.431667 0.00489807 0.000851029 0.577329
-61.0692 79.2378 50.5837 0.640584 0.431667 0.00489807 0.000851029 0.577329
-61.9413 82.348 50.5894 0.639579 0.431748 0.00489807 0.000851029 0.577329
-61.335 79.2312 50.5888 0.640584 0.431667 0.00489807 0.000851029 0.577329
-61.9413 82.348 50.5894 0.639579 0.431748 0.00489807 0.000851029 0.577329
-62.2079 82.3487 50.5888 0.639579 0.431748 0.00489807 0.000851029 0.577329
-62.2079 82.3487 -56.0276 0.639606 0.412337 0.00489219 0.000851063 -0.577329
-61.9413 82.348 -56.0281 0.639606 0.412337 0.00489219 0.000851063 -0.577329
-61.0692 79.2378 -56.0225 0.640608 0.412425 0.00489219 0.000851063 -0.577329
-62.2079 82.3487 -56.0276 0.639606 0.412337 0.00489219 0.000851063 -0.577329
-61.0692 79.2378 -56.0225 0.640608 0.412425 0.00489219 0.000851063 -0.577329
-61.335 79.2312 -56.0276 0.640608 0.412425 0.00489219 0.000851063 -0.577329
-60.8112 75.7075 50.5888 0.266406 0.280201 0.00533384 0.00122216 0.577324
-60.5447 75.7073 50.589 0.266406 0.280201 0.00533384 0.00122216 0.577324
-61.0692 79.2378 50.5837 0.265274 0.280281 0.00533384 0.00122216 0.577324
-60.8112 75.7075 50.5888 0.266406 0.280201 0.00533384 0.00122216 0.577324
-61.0692 79.2378 50.5837 0.265274 0.280281 0.00533384 0.00122216 0.577324
-61.335 79.2312 50.5888 0.265274 0.280281 0.00533384 0.00122216 0.577324
-61.335 79.2312 -56.0276 0.265298 0.26104 0.00532761 0.00122086 -0.577324
-61.0692 79.2378 -56.0225 0.265298 0.26104 0.00532761 0.00122086 -0.577324
-60.5447 75.7073 -56.0277 0.266426 0.261127 0.00532761 0.00122086 -0.577324
-61.335 79.2312 -56.0276 0.265298 0.26104 0.00532761 0.00122086 -0.577324
-60.5447 75.7073 -56.0277 0.266426 0.261127 0.00532761 0.00122086 -0.577324
-60.8112 75.7075 -56.0276 0.266426 0.261127 0.00532761 0.00122086 -0.577324
-61.5096 72.5652 -56.0276 0.642745 0.412582 -0.0148456 -0.575072 -0.0490477
-61.2438 72.5586 -56.0326 0.642745 0.412582 -0.0148456 -0.575072 -0.0490477
-61.2438 69.5274 -20.4911 0.643561 0.418912 -0.0148456 -0.575072 -0.0490477
-61.5096 72.5652 -56.0276 0.642745 0.412582 -0.0148456 -0.575072 -0.0490477
-61.2438 69.5274 -20.4911 0.643561 0.418912 -0.0148456 -0.575072 -0.0490477
-61.5095 69.5339 -20.4888 0.643561 0.418912 -0.0148456 -0.575072 -0.0490477
-61.5095 72.5652 50.5888 0.642728 0.431524 -0.00560265 0.00169107 0.577321
-61.2438 72.5586 50.5938 0.642728 0.431524 -0.00560265 0.00169107 0.577321
-60.5447 75.7073 50.589 0.641716 0.431587 -0.00560265 0.00169107 0.577321
-61.5095 72.5652 50.5888 0.642728 0.431524 -0.00560265 0.00169107 0.577321
-60.5447 75.7073 50.589 0.641716 0.431587 -0.00560265 0.00169107 0.577321
-60.8112 75.7075 50.5888 0.641716 0.431587 -0.00560265 0.00169107 0.577321
-60.8112 75.7075 -56.0276 0.641736 0.412513 -0.00561496 0.00169397 -0.57732
-60.5447 75.7073 -56.0277 0.641736 0.412513 -0.00561496 0.00169397 -0.57732
-61.2438 72.5586 -56.0326 0.642745 0.412582 -0.00561496 0.00169397 -0.57732
-60.8112 75.7075 -56.0276 0.641736 0.412513 -0.00561496 0.00169397 -0.57732
-61.2438 72.5586 -56.0326 0.642745 0.412582 -0.00561496 0.00169397 -0.57732
-61.5096 72.5652 -56.0276 0.642745 0.412582 -0.00561496 0.00169397 -0.57732
-5.05897 93.6209 -56.0276 0.631956 0.412545 -0.0465004 0.313147 -0.482815
-4.95793 93.5413 -56.0887 0.631956 0.412545 -0.0465004 0.313147 -0.482815
-29.451 89.9035 -56.0891 0.63472 0.412552 -0.0465004 0.313147 -0.482815
-5.05897 93.6209 -56.0276 0.631956 0.412545 -0.0465004 0.313147 -0.482815
-29.451 89.9035 -56.0891 0.63472 0.412552 -0.0465004 0.313147 -0.482815
-29.5477 89.9837 -56.0276 0.63472 0.412552 -0.0465004 0.313147 -0.482815
19.9966 96.9872 -56.0276 0.629075 0.412264 -0.0418374 0.31158 -0.484253
-4.95793 93.5413 -56.0887 0.631956 0.412545 -0.0465004 0.313147 -0.482815
-5.05897 93.6209 -56.0276 0.631956 0.412545 -0.0465004 0.313147 -0.482815
19.9966 96.9872 -56.0276 0.629075 0.412264 -0.0418374 0.31158 -0.484253
20.1196 96.9108 -56.0862 0.629075 0.412264 -0.0418374 0.31158 -0.484253
-4.95793 93.5413 -56.0887 0.631956 0.412545 -0.0465004 0.313147 -0.482815
36.3838 100.626 50.5888 0.627389 0.432387 -0.0953536 0.279227 0.49626
36.5525 100.559 50.6399 0.627389 0.432387 -0.0953536 0.279227 0.49626
48.2433 104.559 50.6548 0.625662 0.432978 -0.0953536 0.279227 0.49626
36.3838 100.626 50.5888 0.627389 0.432387 -0.0953536 0.279227 0.49626
48.2433 104.559 50.6548 0.625662 0.432978 -0.0953536 0.279227 0.49626
48.2492 104.645 50.5888 0.625662 0.432978 -0.0953536 0.279227 0.49626
36.3838 100.626 -56.0276 0.272501 0.272933 -0.0594608 0.268351 -0.507725
36.5525 100.559 -56.0787 0.272501 0.272933 -0.0594608 0.268351 -0.507725
20.1196 96.9108 -56.0862 0.274265 0.273494 -0.0594608 0.268351 -0.507725
36.3838 100.626 -56.0276 0.272501 0.272933 -0.0594608 0.268351 -0.507725
20.1196 96.9108 -56.0862 0.274265 0.273494 -0.0594608 0.268351 -0.507725
19.9966 96.9872 -56.0276 0.274265 0.273494 -0.0594608 0.268351 -0.507725
48.2492 104.645 50.5888 0.250352 0.281593 0.0969956 0.232415 0.519527
48.2433 104.559 50.6548 0.250352 0.281593 0.0969956 0.232415 0.519527
49.4231 104.074 50.6251 0.250114 0.281577 0.0969956 0.232415 0.519527
48.2492 104.645 50.5888 0.250352 0.281593 0.0969956 0.232415 0.519527
49.4231 104.074 50.6251 0.250114 0.281577 0.0969956 0.232415 0.519527
49.6459 104.121 50.5888 0.250114 0.281577 0.0969956 0.232415 0.519527
49.6459 104.121 -56.0276 0.25 0.259776 0.0969969 0.232433 -0.519519
49.4231 104.074 -56.0639 0.25 0.259776 0.0969969 0.232433 -0.519519
48.2433 104.559 -56.0936 0.250237 0.259756 0.0969969 0.232433 -0.519519
49.6459 104.121 -56.0276 0.25 0.259776 0.0969969 0.232433 -0.519519
48.2433 104.559 -56.0936 0.250237 0.259756 0.0969969 0.232433 -0.519519
48.2492 104.645 -56.0276 0.250237 0.259756 0.0969969 0.232433 -0.519519
49.6459 104.121 50.5888 0.625424 0.432963 0.0544064 0.0569425 0.571953
49.4231 104.074 50.6251 0.625424 0.432963 0.0544064 0.0569425 0.571953
50.9587 102.703 50.6051 0.624902 0.432891 0.0544064 0.0569425 0.571953
49.6459 104.121 50.5888 0.625424 0.432963 0.0544064 0.0569425 0.571953
50.9587 102.703 50.6051 0.624902 0.432891 0.0544064 0.0569425 0.571953
51.217 102.725 50.5888 0.624902 0.432891 0.0544064 0.0569425 0.571953
51.217 102.725 -56.0276 0.624791 0.411244 0.0544063 0.0569548 -0.571952
50.9587 102.703 -56.0439 0.624791 0.411244 0.0544063 0.0569548 -0.571952
49.4231 104.074 -56.0639 0.62531 0.411162 0.0544063 0.0569548 -0.571952
51.217 102.725 -56.0276 0.624791 0.411244 0.0544063 0.0569548 -0.571952
49.4231 104.074 -56.0639 0.62531 0.411162 0.0544063 0.0569548 -0.571952
49.6459 104.121 -56.0276 0.62531 0.411162 0.0544063 0.0569548 -0.571952
51.217 102.725 50.5888 0.249592 0.281506 0.0183919 0.00323078 0.577048
50.9587 102.703 50.6051 0.249592 0.281506 0.0183919 0.00323078 0.577048
51.8234 99.1717 50.5894 0.248365 0.281328 0.0183919 0.00323078 0.577048
51.217 102.725 50.5888 0.249592 0.281506 0.0183919 0.00323078 0.577048
51.8234 99.1717 50.5894 0.248365 0.281328 0.0183919 0.00323078 0.577048
52.0899 99.1724 50.5888 0.248365 0.281328 0.0183919 0.00323078 0.577048
52.0899 99.1724 -56.0276 0.248261 0.260064 0.0183915 0.00322559 -0.577048
51.8234 99.1717 -56.0281 0.248261 0.260064 0.0183915 0.00322559 -0.577048
50.9587 102.703 -56.0439 0.249481 0.259858 0.0183915 0.00322559 -0.577048
52.0899 99.1724 -56.0276 0.248261 0.260064 0.0183915 0.00322559 -0.577048
50.9587 102.703 -56.0439 0.249481 0.259858 0.0183915 0.00322559 -0.577048
51.217 102.725 -56.0276 0.249481 0.259858 0.0183915 0.00322559 -0.577048
52.0899 99.1724 50.5888 0.623674 0.432713 -0.00489824 0.000848141 0.577329
51.8234 99.1717 50.5894 0.623674 0.432713 -0.00489824 0.000848141 0.577329
50.9513 96.0615 50.5837 0.622587 0.43259 -0.00489824 0.000848141 0.577329
52.0899 99.1724 50.5888 0.623674 0.432713 -0.00489824 0.000848141 0.577329
50.9513 96.0615 50.5837 0.622587 0.43259 -0.00489824 0.000848141 0.577329
51.217 96.0549 50.5888 0.622587 0.43259 -0.00489824 0.000848141 0.577329
51.217 96.0549 -56.0276 0.622491 0.411597 -0.00489829 0.000851063 -0.577329
50.9513 96.0615 -56.0225 0.622491 0.411597 -0.00489829 0.000851063 -0.577329
51.8234 99.1717 -56.0281 0.623571 0.41145 -0.00489829 0.000851063 -0.577329
51.217 96.0549 -56.0276 0.622491 0.411597 -0.00489829 0.000851063 -0.577329
51.8234 99.1717 -56.0281 0.623571 0.41145 -0.00489829 0.000851063 -0.577329
52.0899 99.1724 -56.0276 0.623571 0.41145 -0.00489829 0.000851063 -0.577329
51.217 96.0549 50.5888 0.247277 0.281205 -0.00533389 0.00122347 0.577324
50.9513 96.0615 50.5837 0.247277 0.281205 -0.00533389 0.00122347 0.577324
50.4268 92.531 50.5889 0.246053 0.281086 -0.00533389 0.00122347 0.577324
51.217 96.0549 50.5888 0.247277 0.281205 -0.00533389 0.00122347 0.577324
50.4268 92.531 50.5889 0.246053 0.281086 -0.00533389 0.00122347 0.577324
50.6933 92.5313 50.5888 0.246053 0.281086 -0.00533389 0.00122347 0.577324
50.6933 92.5313 -56.0276 0.245965 0.260358 -0.00533408 0.00122095 -0.577324
50.4268 92.531 -56.0277 0.245965 0.260358 -0.00533408 0.00122095 -0.577324
50.9513 96.0615 -56.0225 0.247181 0.260212 -0.00533408 0.00122095 -0.577324
50.6933 92.5313 -56.0276 0.245965 0.260358 -0.00533408 0.00122095 -0.577324
50.9513 96.0615 -56.0225 0.247181 0.260212 -0.00533408 0.00122095 -0.577324
51.217 96.0549 -56.0276 0.247181 0.260212 -0.00533408 0.00122095 -0.577324
51.3916 86.3577 -20.4888 0.6194 0.418728 0.014878 -0.575071 -0.0490461
51.1258 86.3511 -20.4911 0.6194 0.418728 0.014878 -0.575071 -0.0490461
51.1259 89.3823 -56.0326 0.620187 0.41186 0.014878 -0.575071 -0.0490461
51.3916 86.3577 -20.4888 0.6194 0.418728 0.014878 -0.575071 -0.0490461
51.1259 89.3823 -56.0326 0.620187 0.41186 0.014878 -0.575071 -0.0490461
51.3916 89.3889 -56.0276 0.620187 0.41186 0.014878 -0.575071 -0.0490461
50.6933 92.5313 50.5888 0.621363 0.432472 0.00560271 0.0016911 0.577321
50.4268 92.531 50.5889 0.621363 0.432472 0.00560271 0.0016911 0.577321
51.1259 89.3823 50.5938 0.620268 0.43238 0.00560271 0.0016911 0.577321
50.6933 92.5313 50.5888 0.621363 0.432472 0.00560271 0.0016911 0.577321
51.1259 89.3823 50.5938 0.620268 0.43238 0.00560271 0.0016911 0.577321
51.3916 89.3889 50.5888 0.620268 0.43238 0.00560271 0.0016911 0.577321
51.3916 89.3889 -56.0276 0.620187 0.41186 0.00560271 0.0016911 -0.577321
51.1259 89.3823 -56.0326 0.620187 0.41186 0.00560271 0.0016911 -0.577321
50.4268 92.531 -56.0277 0.621275 0.411744 0.00560271 0.0016911 -0.577321
51.3916 89.3889 -56.0276 0.620187 0.41186 0.00560271 0.0016911 -0.577321
50.4268 92.531 -56.0277 0.621275 0.411744 0.00560271 0.0016911 -0.577321
50.6933 92.5313 -56.0276 0.621275 0.411744 0.00560271 0.0016911 -0.577321
-61.5095 69.5339 15.05 0.643561 0.425179 -0.0148455 -0.575071 0.0490482
-61.2438 69.5274 15.0523 0.643561 0.425179 -0.0148455 -0.575071 0.0490482
-61.2438 72.5586 50.5938 0.642728 0.431524 -0.0148455 -0.575071 0.0490482
-61.5095 69.5339 15.05 0.643561 0.425179 -0.0148455 -0.575071 0.0490482
-61.2438 72.5586 50.5938 0.642728 0.431524 -0.0148455 -0.575071 0.0490482
-61.5095 72.5652 50.5888 0.642728 0.431524 -0.0148455 -0.575071 0.0490482
-61.5095 69.5339 -20.4888 0.643561 0.418912 -0.0142443 -0.577174 -0
-61.2438 69.5274 -20.4911 0.643561 0.418912 -0.0142443 -0.577174 -0
-61.2438 69.5274 15.0523 0.643561 0.425179 -0.0142443 -0.577174 -0
-61.5095 69.5339 -20.4888 0.643561 0.418912 -0.0142443 -0.577174 -0
-61.2438 69.5274 15.0523 0.643561 0.425179 -0.0142443 -0.577174 -0
-61.5095 69.5339 15.05 0.643561 0.425179 -0.0142443 -0.577174 -0
51.3916 89.3889 50.5888 0.620268 0.43238 0.014878 -0.575071 0.0490462
51.1259 89.3823 50.5938 0.620268 0.43238 0.014878 -0.575071 0.0490462
51.1258 86.3511 15.0523 0.619419 0.425492 0.014878 -0.575071 0.0490462
51.3916 89.3889 50.5888 0.620268 0.43238 0.014878 -0.575071 0.0490462
51.1258 86.3511 15.0523 0.619419 0.425492 0.014878 -0.575071 0.0490462
51.3916 86.3577 15.05 0.619419 0.425492 0.014878 -0.575071 0.0490462
51.3916 86.3577 15.05 0.619419 0.425492 0.0142603 -0.577174 -0
51.1258 86.3511 15.0523 0.619419 0.425492 0.0142603 -0.577174 -0
51.1258 86.3511 -20.4911 0.6194 0.418728 0.0142603 -0.577174 -0
51.3916 86.3577 15.05 0.619419 0.425492 0.0142603 -0.577174 -0
51.1258 86.3511 -20.4911 0.6194 0.418728 0.0142603 -0.577174 -0
51.3916 86.3577 -20.4888 0.6194 0.418728 0.0142603 -0.577174 -0
19.9966 96.9872 50.5888 0.274306 0.293025 -0.0594614 0.268353 0.507725
20.1196 96.9108 50.6474 0.274306 0.293025 -0.0594614 0.268353 0.507725
36.5525 100.559 50.6399 0.272579 0.293617 -0.0594614 0.268353 0.507725
19.9966 96.9872 50.5888 0.274306 0.293025 -0.0594614 0.268353 0.507725
36.5525 100.559 50.6399 0.272579 0.293617 -0.0594614 0.268353 0.507725
36.3838 100.626 50.5888 0.272579 0.293617 -0.0594614 0.268353 0.507725
48.2492 104.645 -56.0276 0.625547 0.411141 -0.0953548 0.279229 -0.496258
48.2433 104.559 -56.0936 0.625547 0.411141 -0.0953548 0.279229 -0.496258
36.5525 100.559 -56.0787 0.627311 0.411703 -0.0953548 0.279229 -0.496258
48.2492 104.645 -56.0276 0.625547 0.411141 -0.0953548 0.279229 -0.496258
36.5525 100.559 -56.0787 0.627311 0.411703 -0.0953548 0.279229 -0.496258
36.3838 100.626 -56.0276 0.627311 0.411703 -0.0953548 0.279229 -0.496258
-47.2414 87.8944 50.5888 0.281417 0.292934 -0.0387935 0.329031 0.472828
-47.1939 87.8097 50.6538 0.281417 0.292934 -0.0387935 0.329031 0.472828
-29.451 89.9035 50.6504 0.279906 0.292726 -0.0387935 0.329031 0.472828
-47.2414 87.8944 50.5888 0.281417 0.292934 -0.0387935 0.329031 0.472828
-29.451 89.9035 50.6504 0.279906 0.292726 -0.0387935 0.329031 0.472828
-29.5477 89.9837 50.5888 0.279906 0.292726 -0.0387935 0.329031 0.472828
-47.2414 87.8944 -56.0276 0.636244 0.412356 -0.00231109 0.350212 -0.458998
-47.1939 87.8097 -56.0926 0.636244 0.412356 -0.00231109 0.350212 -0.458998
-58.2643 87.7418 -56.0885 0.637768 0.412161 -0.00231109 0.350212 -0.458998
-47.2414 87.8944 -56.0276 0.636244 0.412356 -0.00231109 0.350212 -0.458998
-58.2643 87.7418 -56.0885 0.637768 0.412161 -0.00231109 0.350212 -0.458998
-58.3672 87.8212 -56.0276 0.637768 0.412161 -0.00231109 0.350212 -0.458998
