Vertex Count: 384

Data:

-119.103 -2.22631 489.181 0.430151 0.0785013 0.149293 0.332056 0.448089
-106.958 -2.38237 485.25 0.440317 0.0808302 0.149293 0.332056 0.448089
-119.103 4.87866 483.916 0.430174 0.0835192 0.149293 0.332056 0.448089
-100.855 -2.89259 473.841 0.398892 0.149609 0.477717 0.285779 -0.153134
-105.142 -2.38271 461.419 0.388664 0.14936 0.477717 0.285779 -0.153134
-106.016 5.93232 474.208 0.396359 0.145768 0.477717 0.285779 -0.153134
-108.981 5.73833 465.19 0.389003 0.145806 0.468852 0.296214 -0.160525
-106.016 5.93232 474.208 0.396359 0.145768 0.477717 0.285779 -0.153134
-105.142 -2.38271 461.419 0.388664 0.14936 0.477717 0.285779 -0.153134
-118.557 -1.88497 460.611 0.380333 0.147331 -0.139079 0.122734 -0.546742
-129.042 -2.38237 463.167 0.375781 0.14592 -0.139079 0.122734 -0.546742
-118 5.93232 462.224 0.381889 0.144595 -0.139079 0.122734 -0.546742
-118.557 -1.88497 460.611 0.380333 0.147331 0.0209696 -0.265907 -0.512042
-105.142 -2.38271 461.419 0.388664 0.14936 0.0209696 -0.265907 -0.512042
-118 -2.10134 460.746 0.380622 0.148871 0.0209696 -0.265907 -0.512042
-133.956 -2.22632 474.328 0.411501 0.0502049 -0.518893 0.182893 0.175023
-129.985 -2.38271 486.263 0.42075 0.0498394 -0.518893 0.182893 0.175023
-129.005 11.935 474.208 0.411048 0.0557438 -0.518893 0.182893 0.175023
-100.855 -2.89259 473.841 0.468093 0.123193 -0.0193144 -0.577023 0.00208549
-106.958 -2.38237 485.25 0.475781 0.130975 -0.0193144 -0.577023 0.00208549
-119.103 -2.22631 489.181 0.475781 0.141632 -0.0193144 -0.577023 0.00208549
-100.855 -2.89259 473.841 0.468093 0.123193 -0.0193144 -0.577023 0.00208549
-119.103 -2.22631 489.181 0.475781 0.141632 -0.0193144 -0.577023 0.00208549
-118 -2.10134 460.746 0.452907 0.133434 -0.0193144 -0.577023 0.00208549
-118 -2.10134 460.746 0.452907 0.133434 -0.0193144 -0.577023 0.00208549
-105.142 -2.38271 461.419 0.456834 0.123406 -0.011594 -0.576898 -0.0196787
-100.855 -2.89259 473.841 0.468093 0.123193 -0.0193144 -0.577023 0.00208549
-119.103 -2.22631 489.181 0.475781 0.141632 -0.0193144 -0.577023 0.00208549
-133.956 -2.22632 474.328 0.459756 0.149609 0.0043316 -0.577318 -0.00433137
-118 -2.10134 460.746 0.452907 0.133434 -0.0193144 -0.577023 0.00208549
-119.103 -2.22631 489.181 0.475781 0.141632 -0.0193144 -0.577023 0.00208549
-129.985 -2.38271 486.263 0.470532 0.149524 0.0043316 -0.577318 -0.00433137
-133.956 -2.22632 474.328 0.459756 0.149609 0.0043316 -0.577318 -0.00433137
-133.956 -2.22632 474.328 0.459756 0.149609 0.0043316 -0.577318 -0.00433137
-129.042 -2.38237 463.167 0.451954 0.142837 0.0182064 -0.576839 0.0160799
-118 -2.10134 460.746 0.452907 0.133434 0.0182064 -0.576839 0.0160799
-124.309 49.2384 474.208 0.41159 0.0694095 -0.557615 0.0286187 0.146902
-125.312 30.5982 474.208 0.411082 0.0627267 -0.557615 0.0286187 0.146902
-123.91 26.6693 480.119 0.415621 0.061126 -0.557615 0.0286187 0.146902
-124.309 49.2384 474.208 0.41159 0.0694095 -0.557615 0.0286187 0.146902
-123.91 26.6693 480.119 0.415621 0.061126 -0.557615 0.0286187 0.146902
-122.64 58.8409 478.848 0.415518 0.0726892 -0.557615 0.0286187 0.146902
-121.414 235.098 470.794 0.415055 0.135485 -0.187971 0.00510392 -0.54587
-118 216.669 469.446 0.412652 0.12944 -0.187971 0.00510392 -0.54587
-122.64 58.8409 469.568 0.407778 0.0732654 -0.187971 0.00510392 -0.54587
-118 47.3805 467.442 0.404765 0.0698588 -0.181049 0.0290349 -0.547459
-123.91 26.6693 468.298 0.405761 0.06186 -0.181049 0.0290349 -0.547459
-122.64 58.8409 469.568 0.407778 0.0732654 -0.187971 0.00510392 -0.54587
-118 47.3805 467.442 0.404765 0.0698588 -0.181049 0.0290349 -0.547459
-118 26.6693 466.328 0.403076 0.0626234 -0.181049 0.0290349 -0.547459
-123.91 26.6693 468.298 0.405761 0.06186 -0.181049 0.0290349 -0.547459
-118 216.669 469.446 0.392479 0.0702919 0.198099 0.00296599 -0.542293
-114.586 235.098 470.794 0.395847 0.0642438 0.198099 0.00296599 -0.542293
-114.043 59.5527 470.032 0.390615 0.12599 0.198099 0.00296599 -0.542293
-118 216.669 469.446 0.392479 0.0702919 -0.149914 0.012997 -0.557396
-121.414 235.098 470.794 0.391856 0.0632825 -0.149914 0.012997 -0.557396
-118 260.069 470.458 0.394364 0.0550098 -0.149914 0.012997 -0.557396
-124.309 49.2384 474.208 0.41159 0.0694095 -0.557615 0.0286187 -0.146902
-122.64 58.8409 469.568 0.407778 0.0732654 -0.557615 0.0286187 -0.146902
-123.91 26.6693 468.298 0.405761 0.06186 -0.557615 0.0286187 -0.146902
-124.309 49.2384 474.208 0.41159 0.0694095 -0.557615 0.0286187 -0.146902
-123.91 26.6693 468.298 0.405761 0.06186 -0.557615 0.0286187 -0.146902
-125.312 30.5982 474.208 0.411082 0.0627267 -0.557615 0.0286187 -0.146902
-118 47.3805 467.442 0.386337 0.129818 0.204493 0.0360868 -0.538715
-114.043 59.5527 470.032 0.390615 0.12599 0.204493 0.0360868 -0.538715
-112.09 26.6693 468.298 0.389727 0.137886 0.204493 0.0360868 -0.538715
-118 47.3805 467.442 0.386337 0.129818 0.204493 0.0360868 -0.538715
-112.09 26.6693 468.298 0.389727 0.137886 0.204493 0.0360868 -0.538715
-118 26.6693 466.328 0.385044 0.137138 0.204493 0.0360868 -0.538715
-112.129 49.2384 474.208 0.394037 0.129702 0.550994 0.0445947 -0.166583
-110.119 26.6693 474.208 0.39456 0.137909 0.550994 0.0445947 -0.166583
-112.09 26.6693 468.298 0.389727 0.137886 0.550994 0.0445947 -0.166583
-112.129 49.2384 474.208 0.394037 0.129702 0.550994 0.0445947 -0.166583
-112.09 26.6693 468.298 0.389727 0.137886 0.550994 0.0445947 -0.166583
-114.043 59.5527 470.032 0.390615 0.12599 0.550994 0.0445947 -0.166583
-112.129 49.2384 474.208 0.44888 0.0695009 0.550994 0.0445947 0.166583
-114.043 59.5527 478.384 0.445135 0.0733346 0.550994 0.0445947 0.166583
-112.09 26.6693 480.119 0.443821 0.061474 0.550994 0.0445947 0.166583
-112.129 49.2384 474.208 0.44888 0.0695009 0.550994 0.0445947 0.166583
-112.09 26.6693 480.119 0.443821 0.061474 0.550994 0.0445947 0.166583
-110.119 26.6693 474.208 0.449138 0.0612848 0.550994 0.0445947 0.166583
-118 47.3805 480.975 0.441567 0.0695649 0.204493 0.0360868 0.538715
-118 26.6693 482.089 0.440317 0.0622649 0.204493 0.0360868 0.538715
-112.09 26.6693 480.119 0.443821 0.061474 0.204493 0.0360868 0.538715
-118 47.3805 480.975 0.441567 0.0695649 0.204493 0.0360868 0.538715
-112.09 26.6693 480.119 0.443821 0.061474 0.204493 0.0360868 0.538715
-114.043 59.5527 478.384 0.445135 0.0733346 0.204493 0.0360868 0.538715
-118 47.3805 480.975 0.432501 0.0948373 -0.181049 0.0290349 0.547459
-122.64 58.8409 478.848 0.428865 0.0988463 -0.181049 0.0290349 0.547459
-123.91 26.6693 480.119 0.426691 0.0909115 -0.181049 0.0290349 0.547459
-118 47.3805 480.975 0.432501 0.0948373 -0.181049 0.0290349 0.547459
-123.91 26.6693 480.119 0.426691 0.0909115 -0.181049 0.0290349 0.547459
-118 26.6693 482.089 0.431811 0.0895215 -0.181049 0.0290349 0.547459
-125.312 30.5982 474.208 0.411082 0.0627267 -0.519908 0.0849982 -0.236228
-123.91 26.6693 468.298 0.405761 0.06186 -0.519908 0.0849982 -0.236228
-126.318 4.72347 467.113 0.404392 0.0539324 -0.519908 0.0849982 -0.236228
-125.312 30.5982 474.208 0.411082 0.0627267 -0.519908 0.0849982 -0.236228
-126.318 4.72347 467.113 0.404392 0.0539324 -0.519908 0.0849982 -0.236228
-129.005 11.935 474.208 0.411048 0.0557438 -0.519908 0.0849982 -0.236228
-127.019 5.73833 483.227 0.417993 0.0532138 -0.533381 0.10681 0.193467
-123.91 26.6693 480.119 0.415621 0.061126 -0.533381 0.10681 0.193467
-125.312 30.5982 474.208 0.411082 0.0627267 -0.533381 0.10681 0.193467
-127.019 5.73833 483.227 0.417993 0.0532138 -0.533381 0.10681 0.193467
-125.312 30.5982 474.208 0.411082 0.0627267 -0.533381 0.10681 0.193467
-129.005 11.935 474.208 0.411048 0.0557438 -0.533381 0.10681 0.193467
-118 26.6693 466.328 0.385044 0.137138 0.179354 0.106553 -0.538342
-112.09 26.6693 468.298 0.389727 0.137886 0.179354 0.106553 -0.538342
-108.981 5.73833 465.19 0.389003 0.145806 0.179354 0.106553 -0.538342
-118 26.6693 466.328 0.385044 0.137138 0.179354 0.106553 -0.538342
-108.981 5.73833 465.19 0.389003 0.145806 0.179354 0.106553 -0.538342
-118 5.93232 462.224 0.381889 0.144595 0.179354 0.106553 -0.538342
-127.019 5.73833 483.227 0.423433 0.0842957 -0.434598 0.261768 0.275564
-129.005 11.935 474.208 0.421567 0.0916018 -0.434598 0.261768 0.275564
-129.985 -2.38271 486.263 0.42075 0.080562 -0.434598 0.261768 0.275564
-129.005 11.935 474.208 0.411048 0.0557438 -0.236263 0.322093 -0.416856
-126.318 4.72347 467.113 0.404392 0.0539324 -0.236263 0.322093 -0.416856
-129.042 -2.38237 463.167 0.401319 0.0513759 -0.236263 0.322093 -0.416856
-126.318 4.72347 467.113 0.404392 0.0539324 -0.253778 0.0778329 -0.51271
-123.91 26.6693 468.298 0.405761 0.06186 -0.253778 0.0778329 -0.51271
-118 26.6693 466.328 0.403076 0.0626234 -0.253778 0.0778329 -0.51271
-126.318 4.72347 467.113 0.404392 0.0539324 -0.253778 0.0778329 -0.51271
-118 26.6693 466.328 0.403076 0.0626234 -0.253778 0.0778329 -0.51271
-118 5.93232 462.224 0.398892 0.0555646 -0.253778 0.0778329 -0.51271
-110.119 26.6693 474.208 0.449138 0.0612848 0.538342 0.106553 0.179354
-112.09 26.6693 480.119 0.443821 0.061474 0.538342 0.106553 0.179354
-108.981 5.73833 483.227 0.442016 0.0536377 0.538342 0.106553 0.179354
-110.119 26.6693 474.208 0.449138 0.0612848 0.538342 0.106553 0.179354
-108.981 5.73833 483.227 0.442016 0.0536377 0.538342 0.106553 0.179354
-106.016 5.93232 474.208 0.45012 0.053423 0.538342 0.106553 0.179354
-126.318 4.72347 467.113 0.404392 0.0539324 -0.276518 0.322944 -0.390612
-118 5.93232 462.224 0.398892 0.0555646 -0.276518 0.322944 -0.390612
-129.042 -2.38237 463.167 0.401319 0.0513759 -0.276518 0.322944 -0.390612
-118 5.93232 462.224 0.381889 0.144595 0.160849 0.294264 -0.469968
-108.981 5.73833 465.19 0.389003 0.145806 0.160849 0.294264 -0.469968
-105.142 -2.38271 461.419 0.388664 0.14936 0.160849 0.294264 -0.469968
-108.981 5.73833 465.19 0.389003 0.145806 0.538342 0.106553 -0.179354
-112.09 26.6693 468.298 0.389727 0.137886 0.538342 0.106553 -0.179354
-110.119 26.6693 474.208 0.39456 0.137909 0.538342 0.106553 -0.179354
-108.981 5.73833 465.19 0.389003 0.145806 0.538342 0.106553 -0.179354
-110.119 26.6693 474.208 0.39456 0.137909 0.538342 0.106553 -0.179354
-106.016 5.93232 474.208 0.396359 0.145768 0.538342 0.106553 -0.179354
-118 26.6693 482.089 0.431811 0.0895215 -0.103587 0.0752455 0.562975
-123.91 26.6693 480.119 0.426691 0.0909115 -0.103587 0.0752455 0.562975
-127.019 5.73833 483.227 0.423433 0.0842957 -0.103587 0.0752455 0.562975
-118 26.6693 482.089 0.431811 0.0895215 -0.103587 0.0752455 0.562975
-127.019 5.73833 483.227 0.423433 0.0842957 -0.103587 0.0752455 0.562975
-119.103 4.87866 483.916 0.430174 0.0835192 -0.103587 0.0752455 0.562975
-106.016 5.93232 474.208 0.45012 0.053423 0.521935 0.173702 0.175342
-108.981 5.73833 483.227 0.442016 0.0536377 0.521935 0.173702 0.175342
-106.958 -2.38237 485.25 0.44094 0.0504727 0.521935 0.173702 0.175342
-108.981 5.73833 483.227 0.438795 0.0839868 0.0901336 0.0696136 0.566006
-112.09 26.6693 480.119 0.436758 0.0907091 0.0901336 0.0696136 0.566006
-118 26.6693 482.089 0.431811 0.0895215 0.0901336 0.0696136 0.566006
-108.981 5.73833 483.227 0.438795 0.0839868 0.0901336 0.0696136 0.566006
-118 26.6693 482.089 0.431811 0.0895215 0.0901336 0.0696136 0.566006
-119.103 4.87866 483.916 0.430174 0.0835192 0.0901336 0.0696136 0.566006
-118 274.696 474.208 0.418754 0.149609 -0.405247 0.0698794 -0.405247
-118 260.069 470.458 0.415089 0.144684 -0.405247 0.0698794 -0.405247
-121.414 235.098 470.794 0.415055 0.135485 -0.405247 0.0698794 -0.405247
-118 274.696 474.208 0.418754 0.149609 -0.405247 0.0698794 -0.405247
-121.414 235.098 470.794 0.415055 0.135485 -0.405247 0.0698794 -0.405247
-121.75 260.069 474.208 0.418878 0.144044 -0.405247 0.0698794 -0.405247
-108.981 5.73833 483.227 0.438795 0.0839868 0.0256239 0.145426 0.558147
-119.103 4.87866 483.916 0.430174 0.0835192 0.0256239 0.145426 0.558147
-106.958 -2.38237 485.25 0.440317 0.0808302 0.0256239 0.145426 0.558147
-119.103 4.87866 483.916 0.430174 0.0835192 -0.0239878 0.209649 0.537406
-127.019 5.73833 483.227 0.423433 0.0842957 -0.0239878 0.209649 0.537406
-129.985 -2.38271 486.263 0.42075 0.080562 -0.0239878 0.209649 0.537406
-118 274.696 474.208 0.397123 0.0497133 0.405247 0.0698794 -0.405247
-114.25 260.069 474.208 0.398892 0.0553769 0.405247 0.0698794 -0.405247
-114.586 235.098 470.794 0.395847 0.0642438 0.405247 0.0698794 -0.405247
-118 274.696 474.208 0.397123 0.0497133 0.405247 0.0698794 -0.405247
-114.586 235.098 470.794 0.395847 0.0642438 0.405247 0.0698794 -0.405247
-118 260.069 470.458 0.394364 0.0550098 0.405247 0.0698794 -0.405247
-118 274.696 474.208 0.450979 0.149609 0.405246 0.0698795 0.405247
-118 260.069 477.958 0.447756 0.144412 0.405246 0.0698795 0.405247
-114.586 235.098 477.622 0.4487 0.135161 0.405246 0.0698795 0.405247
-118 274.696 474.208 0.450979 0.149609 0.405246 0.0698795 0.405247
-114.586 235.098 477.622 0.4487 0.135161 0.405246 0.0698795 0.405247
-114.25 260.069 474.208 0.451954 0.143946 0.405246 0.0698795 0.405247
-118 274.696 474.208 0.440317 0.149609 -0.405247 0.0698795 0.405247
-121.75 260.069 474.208 0.436601 0.146434 -0.405247 0.0698795 0.405247
-121.414 235.098 477.622 0.436146 0.138664 -0.405247 0.0698795 0.405247
-118 274.696 474.208 0.440317 0.149609 -0.405247 0.0698795 0.405247
-121.414 235.098 477.622 0.436146 0.138664 -0.405247 0.0698795 0.405247
-118 260.069 477.958 0.439959 0.143917 -0.405247 0.0698795 0.405247
-114.586 235.098 477.622 0.4487 0.135161 0.198099 0.002966 0.542293
-118 216.669 478.97 0.44618 0.129133 0.198099 0.002966 0.542293
-114.043 59.5527 478.384 0.445135 0.0733346 0.198099 0.002966 0.542293
-118 216.669 478.97 0.438455 0.133642 -0.187971 0.00510392 0.54587
-121.414 235.098 477.622 0.436146 0.138664 -0.187971 0.00510392 0.54587
-122.64 58.8409 478.848 0.428865 0.0988463 -0.187971 0.00510392 0.54587
-118 216.669 478.97 0.44618 0.129133 0.149914 0.012997 0.557396
-114.586 235.098 477.622 0.4487 0.135161 0.149914 0.012997 0.557396
-118 260.069 477.958 0.447756 0.144412 0.149914 0.012997 0.557396
-121.414 235.098 477.622 0.42075 0.135062 -0.561988 0.0048282 0.132211
-122.505 201.598 474.208 0.416865 0.12334 -0.561988 0.0048282 0.132211
-122.64 58.8409 478.848 0.415518 0.0726892 -0.561988 0.0048282 0.132211
-122.505 201.598 474.208 0.416865 0.12334 -0.561988 0.0048282 0.132211
-121.414 235.098 477.622 0.42075 0.135062 -0.561988 0.0048282 0.132211
-121.75 260.069 474.208 0.418878 0.144044 -0.566859 0.00731967 0.10932
-122.505 201.598 474.208 0.416865 0.12334 -0.561988 0.0048282 -0.132211
-121.414 235.098 470.794 0.415055 0.135485 -0.561988 0.0048282 -0.132211
-122.64 58.8409 469.568 0.407778 0.0732654 -0.561988 0.0048282 -0.132211
-121.75 260.069 474.208 0.418878 0.144044 -0.566859 0.00731967 -0.10932
-121.414 235.098 470.794 0.415055 0.135485 -0.561988 0.0048282 -0.132211
-122.505 201.598 474.208 0.416865 0.12334 -0.561988 0.0048282 -0.132211
-114.586 235.098 470.794 0.395847 0.0642438 0.541561 0.00254254 -0.200096
-113.238 216.669 474.208 0.398229 0.070758 0.541561 0.00254254 -0.200096
-114.043 59.5527 470.032 0.390615 0.12599 0.541561 0.00254254 -0.200096
-113.238 216.669 474.208 0.45151 0.128541 0.541561 0.00254254 0.200096
-114.586 235.098 477.622 0.4487 0.135161 0.541561 0.00254254 0.200096
-114.043 59.5527 478.384 0.445135 0.0733346 0.541561 0.00254254 0.200096
-113.238 216.669 474.208 0.398229 0.070758 0.557396 0.012997 -0.149913
-114.586 235.098 470.794 0.395847 0.0642438 0.557396 0.012997 -0.149913
-114.25 260.069 474.208 0.398892 0.0553769 0.557396 0.012997 -0.149913
-119.103 4.87866 483.916 0.430174 0.0835192 -0.126202 0.335434 0.452648
-129.985 -2.38271 486.263 0.42075 0.080562 -0.126202 0.335434 0.452648
-119.103 -2.22631 489.181 0.430151 0.0785013 -0.126202 0.335434 0.452648
-106.016 5.93232 474.208 0.45012 0.053423 0.45967 0.259089 0.234327
-106.958 -2.38237 485.25 0.44094 0.0504727 0.45967 0.259089 0.234327
-100.855 -2.89259 473.841 0.451954 0.0496094 0.45967 0.259089 0.234327
-118 5.93232 462.224 0.381889 0.144595 0.0382309 0.113824 -0.564726
-105.142 -2.38271 461.419 0.388664 0.14936 0.0382309 0.113824 -0.564726
-118.557 -1.88497 460.611 0.380333 0.147331 0.0382309 0.113824 -0.564726
-118 -2.10134 460.746 0.380622 0.148871 -0.0729533 -0.42643 -0.38232
-129.042 -2.38237 463.167 0.375781 0.14592 -0.0729533 -0.42643 -0.38232
-118.557 -1.88497 460.611 0.380333 0.147331 -0.0729533 -0.42643 -0.38232
-129.005 11.935 474.208 0.411048 0.0557438 -0.502959 0.173936 -0.223856
-129.042 -2.38237 463.167 0.401319 0.0513759 -0.502959 0.173936 -0.223856
-133.956 -2.22632 474.328 0.411501 0.0502049 -0.502959 0.173936 -0.223856
-118 260.069 470.458 0.394364 0.0550098 0.149914 0.012997 -0.557396
-114.586 235.098 470.794 0.395847 0.0642438 0.149914 0.012997 -0.557396
-118 216.669 469.446 0.392479 0.0702919 0.149914 0.012997 -0.557396
-122.505 201.598 474.208 0.416865 0.12334 -0.54737 0.0064819 0.183515
-124.309 49.2384 474.208 0.41159 0.0694095 -0.54737 0.0064819 0.183515
-122.64 58.8409 478.848 0.415518 0.0726892 -0.54737 0.0064819 0.183515
-122.505 201.598 474.208 0.416865 0.12334 -0.54737 0.0064819 -0.183515
-122.64 58.8409 469.568 0.407778 0.0732654 -0.54737 0.0064819 -0.183515
-124.309 49.2384 474.208 0.41159 0.0694095 -0.54737 0.0064819 -0.183515
-118 216.669 469.446 0.412652 0.12944 -0.227658 0.00628252 -0.530533
-118 47.3805 467.442 0.404765 0.0698588 -0.227658 0.00628252 -0.530533
-122.64 58.8409 469.568 0.407778 0.0732654 -0.227658 0.00628252 -0.530533
-118 216.669 469.446 0.392479 0.0702919 0.303627 0.00581473 -0.49103
-114.043 59.5527 470.032 0.390615 0.12599 0.303627 0.00581473 -0.49103
-118 47.3805 467.442 0.386337 0.129818 0.303627 0.00581473 -0.49103
-113.238 216.669 474.208 0.398229 0.070758 0.528057 0.00349699 -0.233403
-112.129 49.2384 474.208 0.394037 0.129702 0.528057 0.00349699 -0.233403
-114.043 59.5527 470.032 0.390615 0.12599 0.528057 0.00349699 -0.233403
-113.238 216.669 474.208 0.45151 0.128541 0.528057 0.00349699 0.233403
-114.043 59.5527 478.384 0.445135 0.0733346 0.528057 0.00349699 0.233403
-112.129 49.2384 474.208 0.44888 0.0695009 0.528057 0.00349699 0.233403
-118 216.669 478.97 0.44618 0.129133 0.303627 0.00581473 0.49103
-118 47.3805 480.975 0.441567 0.0695649 0.303627 0.00581473 0.49103
-114.043 59.5527 478.384 0.445135 0.0733346 0.303627 0.00581473 0.49103
-118 216.669 478.97 0.438455 0.133642 -0.227658 0.00628252 0.530534
-122.64 58.8409 478.848 0.428865 0.0988463 -0.227658 0.00628252 0.530534
-118 47.3805 480.975 0.432501 0.0948373 -0.227658 0.00628252 0.530534
-118 260.069 477.958 0.439959 0.143917 -0.149914 0.012997 0.557396
-121.414 235.098 477.622 0.436146 0.138664 -0.149914 0.012997 0.557396
-118 216.669 478.97 0.438455 0.133642 -0.149914 0.012997 0.557396
-114.25 260.069 474.208 0.451954 0.143946 0.557396 0.012997 0.149914
-114.586 235.098 477.622 0.4487 0.135161 0.557396 0.012997 0.149914
-113.238 216.669 474.208 0.45151 0.128541 0.557396 0.012997 0.149914
-154.616 244.419 484.311 0.739608 0.141797 -0.390023 0.170579 0.390023
-127.811 244.419 511.116 0.727952 0.139619 -0.390023 0.170579 0.390023
-118 350.574 474.5 0.739608 0.108579 -0.390023 0.170579 0.390023
-91.195 244.419 501.305 0.741234 0.0440375 0.532782 0.170579 0.142758
-81.3837 244.419 464.689 0.752994 0.0417969 0.532782 0.170579 0.142758
-118 350.574 474.5 0.752994 0.0748644 0.532782 0.170579 0.142758
-144.805 244.419 447.695 0.722774 0.0427034 -0.532782 0.170579 -0.142759
-154.616 244.419 484.311 0.734719 0.0427034 -0.532782 0.170579 -0.142759
-118 350.574 474.5 0.72933 0.0752615 -0.532782 0.170579 -0.142759
-108.189 244.419 437.884 0.729578 0.106301 -0.142758 0.170579 -0.532782
-144.805 244.419 447.695 0.722774 0.100079 -0.142758 0.170579 -0.532782
-118 350.574 474.5 0.741234 0.0752615 -0.142758 0.170579 -0.532782
-127.811 244.419 511.116 0.727952 0.139619 0.142758 0.170579 0.532782
-91.195 244.419 501.305 0.721149 0.133396 0.142758 0.170579 0.532782
-118 350.574 474.5 0.739608 0.108579 0.142758 0.170579 0.532782
-81.3837 244.419 464.689 0.741234 0.10848 0.390023 0.170579 -0.390023
-108.189 244.419 437.884 0.729578 0.106301 0.390023 0.170579 -0.390023
-118 350.574 474.5 0.741234 0.0752615 0.390023 0.170579 -0.390023
-91.195 244.419 501.305 0.739608 0.122405 1.17982e-07 -0.57735 -0
-127.811 244.419 511.116 0.750044 0.115941 1.17982e-07 -0.57735 -0
-154.616 244.419 484.311 0.760479 0.122405 1.17982e-07 -0.57735 -0
-154.616 244.419 484.311 0.760479 0.122405 1.17982e-07 -0.57735 -0
-81.3837 244.419 464.689 0.739608 0.135333 1.17982e-07 -0.57735 -0
-91.195 244.419 501.305 0.739608 0.122405 1.17982e-07 -0.57735 -0
-154.616 244.419 484.311 0.760479 0.122405 1.17982e-07 -0.57735 -0
-144.805 244.419 447.695 0.760479 0.135333 1.17982e-07 -0.57735 -0
-81.3837 244.419 464.689 0.739608 0.135333 1.17982e-07 -0.57735 -0
-144.805 244.419 447.695 0.760479 0.135333 1.17982e-07 -0.57735 -0
-108.189 244.419 437.884 0.750044 0.141797 1.17982e-07 -0.57735 -0
-81.3837 244.419 464.689 0.739608 0.135333 1.17982e-07 -0.57735 -0
-138.412 208.294 509.855 0.683757 0.108168 0 0.192181 0.544426
-97.588 208.294 509.855 0.674609 0.101038 0 0.192181 0.544426
-118 308.449 474.5 0.695461 0.0766575 0 0.192181 0.544426
-77.176 208.294 474.5 0.721149 0.141797 0.471487 0.192181 -0.272213
-97.588 208.294 439.145 0.709445 0.13999 0.471487 0.192181 -0.272213
-118 308.449 474.5 0.721149 0.10848 0.471487 0.192181 -0.272213
-158.824 208.294 474.5 0.695461 0.109975 -0.471487 0.192181 0.272213
-138.412 208.294 509.855 0.683757 0.108168 -0.471487 0.192181 0.272213
-118 308.449 474.5 0.695461 0.0766575 -0.471487 0.192181 0.272213
-138.412 208.294 439.145 0.7539 0.10848 -0.471487 0.192181 -0.272213
-158.824 208.294 474.5 0.741234 0.105784 -0.471487 0.192181 -0.272213
-118 308.449 474.5 0.7539 0.0748644 -0.471487 0.192181 -0.272213
-97.588 208.294 509.855 0.766567 0.10848 0.471487 0.192181 0.272213
-77.176 208.294 474.5 0.7539 0.105784 0.471487 0.192181 0.272213
-118 308.449 474.5 0.766567 0.0748644 0.471487 0.192181 0.272213
-97.588 208.294 439.145 0.709445 0.13999 -2.03174e-07 0.192181 -0.544426
-138.412 208.294 439.145 0.700297 0.13286 -2.03174e-07 0.192181 -0.544426
-118 308.449 474.5 0.721149 0.10848 -2.03174e-07 0.192181 -0.544426
-77.176 208.294 474.5 0.700297 0.0875965 1.01729e-07 -0.57735 -0
-97.588 208.294 509.855 0.711536 0.0806353 1.01729e-07 -0.57735 -0
-138.412 208.294 509.855 0.722774 0.0875965 1.01729e-07 -0.57735 -0
-138.412 208.294 509.855 0.722774 0.0875965 1.01729e-07 -0.57735 -0
-158.824 208.294 474.5 0.722774 0.101519 1.01729e-07 -0.57735 -0
-77.176 208.294 474.5 0.700297 0.0875965 1.01729e-07 -0.57735 -0
-158.824 208.294 474.5 0.722774 0.101519 1.01729e-07 -0.57735 -0
-138.412 208.294 439.145 0.711536 0.10848 1.01729e-07 -0.57735 -0
-77.176 208.294 474.5 0.700297 0.0875965 1.01729e-07 -0.57735 -0
-138.412 208.294 439.145 0.711536 0.10848 1.01729e-07 -0.57735 -0
-97.588 208.294 439.145 0.700297 0.101519 1.01729e-07 -0.57735 -0
-77.176 208.294 474.5 0.700297 0.0875965 1.01729e-07 -0.57735 -0
-156.218 164.483 501.261 0.774609 0.141797 -0.211189 0.289167 0.452896
-113.934 164.483 520.979 0.760479 0.137384 -0.211189 0.289167 0.452896
-118 234.309 474.5 0.774609 0.114842 -0.211189 0.289167 0.452896
-75.7153 164.483 494.218 0.683742 0.0535215 0.497814 0.289167 -0.0435532
-79.7816 164.483 447.739 0.696674 0.0495943 0.497814 0.289167 -0.0435532
-118 234.309 474.5 0.696674 0.0766575 0.497814 0.289167 -0.0435532
-160.285 164.483 454.782 0.70972 0.0769278 -0.497814 0.289167 0.0435531
-156.218 164.483 501.261 0.700297 0.0666457 -0.497814 0.289167 0.0435531
-118 234.309 474.5 0.722422 0.0536459 -0.497814 0.289167 0.0435531
-122.066 164.483 428.022 0.722422 0.0806354 -0.286625 0.289167 -0.409343
-160.285 164.483 454.782 0.70972 0.0769278 -0.286625 0.289167 -0.409343
-118 234.309 474.5 0.722422 0.0536459 -0.286625 0.289167 -0.409343
-113.934 164.483 520.979 0.674609 0.0636932 0.286625 0.289167 0.409343
-75.7153 164.483 494.218 0.683742 0.0535215 0.286625 0.289167 0.409343
-118 234.309 474.5 0.696674 0.0766575 0.286625 0.289167 0.409343
-79.7816 164.483 447.739 0.752994 0.0524974 0.211189 0.289167 -0.452896
-122.066 164.483 428.022 0.767015 0.0476997 0.211189 0.289167 -0.452896
-118 234.309 474.5 0.767015 0.0748644 0.211189 0.289167 -0.452896
-75.7153 164.483 494.218 0.674609 0.11793 0 -0.57735 -0
-113.934 164.483 520.979 0.687453 0.109975 0 -0.57735 -0
-156.218 164.483 501.261 0.700297 0.11793 0 -0.57735 -0
-156.218 164.483 501.261 0.700297 0.11793 0 -0.57735 -0
-160.285 164.483 454.782 0.700297 0.133841 0 -0.57735 -0
-75.7153 164.483 494.218 0.674609 0.11793 0 -0.57735 -0
-160.285 164.483 454.782 0.700297 0.133841 0 -0.57735 -0
-79.7816 164.483 447.739 0.674609 0.133841 0 -0.57735 -0
-75.7153 164.483 494.218 0.674609 0.11793 0 -0.57735 -0
-160.285 164.483 454.782 0.700297 0.133841 0 -0.57735 -0
-122.066 164.483 428.022 0.687453 0.141797 0 -0.57735 -0
-79.7816 164.483 447.739 0.674609 0.133841 0 -0.57735 -0
-164.656 130.483 474.5 0.774609 0.141797 -0.441261 0.271512 0.254762
-141.328 130.483 514.905 0.760479 0.137384 -0.441261 0.271512 0.254762
-118 206.309 474.5 0.774609 0.114842 -0.441261 0.271512 0.254762
-94.672 130.483 514.905 0.683742 0.0535215 0.441261 0.271512 0.254762
-71.344 130.483 474.5 0.696674 0.0495943 0.441261 0.271512 0.254762
-118 206.309 474.5 0.696674 0.0766575 0.441261 0.271512 0.254762
-141.328 130.483 434.095 0.70972 0.0769278 -0.441261 0.271512 -0.254762
-164.656 130.483 474.5 0.700297 0.0666457 -0.441261 0.271512 -0.254762
-118 206.309 474.5 0.722422 0.0536459 -0.441261 0.271512 -0.254762
-94.672 130.483 434.095 0.722422 0.0806354 -2.19767e-07 0.271512 -0.509524
-141.328 130.483 434.095 0.70972 0.0769278 -2.19767e-07 0.271512 -0.509524
-118 206.309 474.5 0.722422 0.0536459 -2.19767e-07 0.271512 -0.509524
-141.328 130.483 514.905 0.674609 0.0636932 0 0.271512 0.509524
-94.672 130.483 514.905 0.683742 0.0535215 0 0.271512 0.509524
-118 206.309 474.5 0.696674 0.0766575 0 0.271512 0.509524
-71.344 130.483 474.5 0.752994 0.0524974 0.441261 0.271512 -0.254762
-94.672 130.483 434.095 0.767015 0.0476997 0.441261 0.271512 -0.254762
-118 206.309 474.5 0.767015 0.0748644 0.441261 0.271512 -0.254762
-94.672 130.483 514.905 0.674609 0.11793 0 -0.57735 -0
-141.328 130.483 514.905 0.687453 0.109975 0 -0.57735 -0
-164.656 130.483 474.5 0.700297 0.11793 0 -0.57735 -0
-164.656 130.483 474.5 0.700297 0.11793 0 -0.57735 -0
-71.344 130.483 474.5 0.674609 0.133841 0 -0.57735 -0
-94.672 130.483 514.905 0.674609 0.11793 0 -0.57735 -0
-164.656 130.483 474.5 0.700297 0.11793 0 -0.57735 -0
-141.328 130.483 434.095 0.700297 0.133841 0 -0.57735 -0
-71.344 130.483 474.5 0.674609 0.133841 0 -0.57735 -0
-141.328 130.483 434.095 0.700297 0.133841 0 -0.57735 -0
-94.672 130.483 434.095 0.687453 0.141797 0 -0.57735 -0
-71.344 130.483 474.5 0.674609 0.133841 0 -0.57735 -0
