Vertex Count: 384

Data:

-27.8034 -2.22631 459.581 0.430151 0.0785013 0.149293 0.332056 0.448089
-15.6583 -2.38237 455.65 0.440317 0.0808302 0.149293 0.332056 0.448089
-27.8034 4.87866 454.316 0.430174 0.0835192 0.149293 0.332056 0.448089
-9.55457 -2.89259 444.241 0.398892 0.149609 0.477717 0.285779 -0.153134
-13.8415 -2.38271 431.819 0.388664 0.14936 0.477717 0.285779 -0.153134
-14.716 5.93232 444.608 0.396359 0.145768 0.477717 0.285779 -0.153134
-17.6812 5.73833 435.59 0.389003 0.145806 0.468852 0.296214 -0.160525
-14.716 5.93232 444.608 0.396359 0.145768 0.477717 0.285779 -0.153134
-13.8415 -2.38271 431.819 0.388664 0.14936 0.477717 0.285779 -0.153134
-27.2565 -1.88497 431.011 0.380333 0.147331 -0.139079 0.122734 -0.546742
-37.7417 -2.38237 433.566 0.375781 0.14592 -0.139079 0.122734 -0.546742
-26.7 5.93232 432.624 0.381889 0.144595 -0.139079 0.122734 -0.546742
-27.2565 -1.88497 431.011 0.380333 0.147331 0.0209696 -0.265907 -0.512042
-13.8415 -2.38271 431.819 0.388664 0.14936 0.0209696 -0.265907 -0.512042
-26.7 -2.10134 431.146 0.380622 0.148871 0.0209696 -0.265907 -0.512042
-42.6557 -2.22632 444.728 0.411501 0.0502049 -0.518893 0.182893 0.175023
-38.6854 -2.38271 456.663 0.42075 0.0498394 -0.518893 0.182893 0.175023
-37.7048 11.935 444.608 0.411048 0.0557438 -0.518893 0.182893 0.175023
-9.55457 -2.89259 444.241 0.468093 0.123193 -0.0193144 -0.577023 0.00208549
-15.6583 -2.38237 455.65 0.475781 0.130975 -0.0193144 -0.577023 0.00208549
-27.8034 -2.22631 459.581 0.475781 0.141632 -0.0193144 -0.577023 0.00208549
-9.55457 -2.89259 444.241 0.468093 0.123193 -0.0193144 -0.577023 0.00208549
-27.8034 -2.22631 459.581 0.475781 0.141632 -0.0193144 -0.577023 0.00208549
-26.7 -2.10134 431.146 0.452907 0.133434 -0.0193144 -0.577023 0.00208549
-26.7 -2.10134 431.146 0.452907 0.133434 -0.0193144 -0.577023 0.00208549
-13.8415 -2.38271 431.819 0.456834 0.123406 -0.011594 -0.576898 -0.0196787
-9.55457 -2.89259 444.241 0.468093 0.123193 -0.0193144 -0.577023 0.00208549
-27.8034 -2.22631 459.581 0.475781 0.141632 -0.0193144 -0.577023 0.00208549
-42.6557 -2.22632 444.728 0.459756 0.149609 0.0043316 -0.577318 -0.00433137
-26.7 -2.10134 431.146 0.452907 0.133434 -0.0193144 -0.577023 0.00208549
-27.8034 -2.22631 459.581 0.475781 0.141632 -0.0193144 -0.577023 0.00208549
-38.6854 -2.38271 456.663 0.470532 0.149524 0.0043316 -0.577318 -0.00433137
-42.6557 -2.22632 444.728 0.459756 0.149609 0.0043316 -0.577318 -0.00433137
-42.6557 -2.22632 444.728 0.459756 0.149609 0.0043316 -0.577318 -0.00433137
-37.7417 -2.38237 433.566 0.451954 0.142837 0.0182064 -0.576839 0.0160799
-26.7 -2.10134 431.146 0.452907 0.133434 0.0182064 -0.576839 0.0160799
-33.0093 49.2384 444.608 0.41159 0.0694095 -0.557615 0.0286187 0.146902
-34.0118 30.5982 444.608 0.411082 0.0627267 -0.557615 0.0286187 0.146902
-32.6105 26.6693 450.519 0.415621 0.061126 -0.557615 0.0286187 0.146902
-33.0093 49.2384 444.608 0.41159 0.0694095 -0.557615 0.0286187 0.146902
-32.6105 26.6693 450.519 0.415621 0.061126 -0.557615 0.0286187 0.146902
-31.3399 58.8409 449.248 0.415518 0.0726892 -0.557615 0.0286187 0.146902
-30.114 235.098 441.194 0.415055 0.135485 -0.187971 0.00510392 -0.54587
-26.7 216.669 439.846 0.412652 0.12944 -0.187971 0.00510392 -0.54587
-31.3399 58.8409 439.968 0.407778 0.0732654 -0.187971 0.00510392 -0.54587
-26.7 47.3805 437.842 0.404765 0.0698588 -0.181049 0.0290349 -0.547459
-32.6105 26.6693 438.698 0.405761 0.06186 -0.181049 0.0290349 -0.547459
-31.3399 58.8409 439.968 0.407778 0.0732654 -0.187971 0.00510392 -0.54587
-26.7 47.3805 437.842 0.404765 0.0698588 -0.181049 0.0290349 -0.547459
-26.7 26.6693 436.728 0.403076 0.0626234 -0.181049 0.0290349 -0.547459
-32.6105 26.6693 438.698 0.405761 0.06186 -0.181049 0.0290349 -0.547459
-26.7 216.669 439.846 0.392479 0.0702919 0.198099 0.00296599 -0.542293
-23.286 235.098 441.194 0.395847 0.0642438 0.198099 0.00296599 -0.542293
-22.7433 59.5527 440.432 0.390615 0.12599 0.198099 0.00296599 -0.542293
-26.7 216.669 439.846 0.392479 0.0702919 -0.149914 0.012997 -0.557396
-30.114 235.098 441.194 0.391856 0.0632825 -0.149914 0.012997 -0.557396
-26.7 260.069 440.858 0.394364 0.0550098 -0.149914 0.012997 -0.557396
-33.0093 49.2384 444.608 0.41159 0.0694095 -0.557615 0.0286187 -0.146902
-31.3399 58.8409 439.968 0.407778 0.0732654 -0.557615 0.0286187 -0.146902
-32.6105 26.6693 438.698 0.405761 0.06186 -0.557615 0.0286187 -0.146902
-33.0093 49.2384 444.608 0.41159 0.0694095 -0.557615 0.0286187 -0.146902
-32.6105 26.6693 438.698 0.405761 0.06186 -0.557615 0.0286187 -0.146902
-34.0118 30.5982 444.608 0.411082 0.0627267 -0.557615 0.0286187 -0.146902
-26.7 47.3805 437.842 0.386337 0.129818 0.204493 0.0360868 -0.538715
-22.7433 59.5527 440.432 0.390615 0.12599 0.204493 0.0360868 -0.538715
-20.7895 26.6693 438.698 0.389727 0.137886 0.204493 0.0360868 -0.538715
-26.7 47.3805 437.842 0.386337 0.129818 0.204493 0.0360868 -0.538715
-20.7895 26.6693 438.698 0.389727 0.137886 0.204493 0.0360868 -0.538715
-26.7 26.6693 436.728 0.385044 0.137138 0.204493 0.0360868 -0.538715
-20.8292 49.2384 444.608 0.394037 0.129702 0.550994 0.0445947 -0.166583
-18.8194 26.6693 444.608 0.39456 0.137909 0.550994 0.0445947 -0.166583
-20.7895 26.6693 438.698 0.389727 0.137886 0.550994 0.0445947 -0.166583
-20.8292 49.2384 444.608 0.394037 0.129702 0.550994 0.0445947 -0.166583
-20.7895 26.6693 438.698 0.389727 0.137886 0.550994 0.0445947 -0.166583
-22.7433 59.5527 440.432 0.390615 0.12599 0.550994 0.0445947 -0.166583
-20.8292 49.2384 444.608 0.44888 0.0695009 0.550994 0.0445947 0.166583
-22.7433 59.5527 448.784 0.445135 0.0733346 0.550994 0.0445947 0.166583
-20.7895 26.6693 450.519 0.443821 0.061474 0.550994 0.0445947 0.166583
-20.8292 49.2384 444.608 0.44888 0.0695009 0.550994 0.0445947 0.166583
-20.7895 26.6693 450.519 0.443821 0.061474 0.550994 0.0445947 0.166583
-18.8194 26.6693 444.608 0.449138 0.0612848 0.550994 0.0445947 0.166583
-26.7 47.3805 451.375 0.441567 0.0695649 0.204493 0.0360868 0.538715
-26.7 26.6693 452.489 0.440317 0.0622649 0.204493 0.0360868 0.538715
-20.7895 26.6693 450.519 0.443821 0.061474 0.204493 0.0360868 0.538715
-26.7 47.3805 451.375 0.441567 0.0695649 0.204493 0.0360868 0.538715
-20.7895 26.6693 450.519 0.443821 0.061474 0.204493 0.0360868 0.538715
-22.7433 59.5527 448.784 0.445135 0.0733346 0.204493 0.0360868 0.538715
-26.7 47.3805 451.375 0.432501 0.0948373 -0.181049 0.0290349 0.547459
-31.3399 58.8409 449.248 0.428865 0.0988463 -0.181049 0.0290349 0.547459
-32.6105 26.6693 450.519 0.426691 0.0909115 -0.181049 0.0290349 0.547459
-26.7 47.3805 451.375 0.432501 0.0948373 -0.181049 0.0290349 0.547459
-32.6105 26.6693 450.519 0.426691 0.0909115 -0.181049 0.0290349 0.547459
-26.7 26.6693 452.489 0.431811 0.0895215 -0.181049 0.0290349 0.547459
-34.0118 30.5982 444.608 0.411082 0.0627267 -0.519908 0.0849982 -0.236228
-32.6105 26.6693 438.698 0.405761 0.06186 -0.519908 0.0849982 -0.236228
-35.0184 4.72347 437.513 0.404392 0.0539324 -0.519908 0.0849982 -0.236228
-34.0118 30.5982 444.608 0.411082 0.0627267 -0.519908 0.0849982 -0.236228
-35.0184 4.72347 437.513 0.404392 0.0539324 -0.519908 0.0849982 -0.236228
-37.7048 11.935 444.608 0.411048 0.0557438 -0.519908 0.0849982 -0.236228
-35.7188 5.73833 453.627 0.417993 0.0532138 -0.533381 0.10681 0.193467
-32.6105 26.6693 450.519 0.415621 0.061126 -0.533381 0.10681 0.193467
-34.0118 30.5982 444.608 0.411082 0.0627267 -0.533381 0.10681 0.193467
-35.7188 5.73833 453.627 0.417993 0.0532138 -0.533381 0.10681 0.193467
-34.0118 30.5982 444.608 0.411082 0.0627267 -0.533381 0.10681 0.193467
-37.7048 11.935 444.608 0.411048 0.0557438 -0.533381 0.10681 0.193467
-26.7 26.6693 436.728 0.385044 0.137138 0.179354 0.106553 -0.538342
-20.7895 26.6693 438.698 0.389727 0.137886 0.179354 0.106553 -0.538342
-17.6812 5.73833 435.59 0.389003 0.145806 0.179354 0.106553 -0.538342
-26.7 26.6693 436.728 0.385044 0.137138 0.179354 0.106553 -0.538342
-17.6812 5.73833 435.59 0.389003 0.145806 0.179354 0.106553 -0.538342
-26.7 5.93232 432.624 0.381889 0.144595 0.179354 0.106553 -0.538342
-35.7188 5.73833 453.627 0.423433 0.0842957 -0.434598 0.261768 0.275564
-37.7048 11.935 444.608 0.421567 0.0916018 -0.434598 0.261768 0.275564
-38.6854 -2.38271 456.663 0.42075 0.080562 -0.434598 0.261768 0.275564
-37.7048 11.935 444.608 0.411048 0.0557438 -0.236263 0.322093 -0.416856
-35.0184 4.72347 437.513 0.404392 0.0539324 -0.236263 0.322093 -0.416856
-37.7417 -2.38237 433.566 0.401319 0.0513759 -0.236263 0.322093 -0.416856
-35.0184 4.72347 437.513 0.404392 0.0539324 -0.253778 0.0778329 -0.51271
-32.6105 26.6693 438.698 0.405761 0.06186 -0.253778 0.0778329 -0.51271
-26.7 26.6693 436.728 0.403076 0.0626234 -0.253778 0.0778329 -0.51271
-35.0184 4.72347 437.513 0.404392 0.0539324 -0.253778 0.0778329 -0.51271
-26.7 26.6693 436.728 0.403076 0.0626234 -0.253778 0.0778329 -0.51271
-26.7 5.93232 432.624 0.398892 0.0555646 -0.253778 0.0778329 -0.51271
-18.8194 26.6693 444.608 0.449138 0.0612848 0.538342 0.106553 0.179354
-20.7895 26.6693 450.519 0.443821 0.061474 0.538342 0.106553 0.179354
-17.6812 5.73833 453.627 0.442016 0.0536377 0.538342 0.106553 0.179354
-18.8194 26.6693 444.608 0.449138 0.0612848 0.538342 0.106553 0.179354
-17.6812 5.73833 453.627 0.442016 0.0536377 0.538342 0.106553 0.179354
-14.716 5.93232 444.608 0.45012 0.053423 0.538342 0.106553 0.179354
-35.0184 4.72347 437.513 0.404392 0.0539324 -0.276518 0.322944 -0.390612
-26.7 5.93232 432.624 0.398892 0.0555646 -0.276518 0.322944 -0.390612
-37.7417 -2.38237 433.566 0.401319 0.0513759 -0.276518 0.322944 -0.390612
-26.7 5.93232 432.624 0.381889 0.144595 0.160849 0.294264 -0.469968
-17.6812 5.73833 435.59 0.389003 0.145806 0.160849 0.294264 -0.469968
-13.8415 -2.38271 431.819 0.388664 0.14936 0.160849 0.294264 -0.469968
-17.6812 5.73833 435.59 0.389003 0.145806 0.538342 0.106553 -0.179354
-20.7895 26.6693 438.698 0.389727 0.137886 0.538342 0.106553 -0.179354
-18.8194 26.6693 444.608 0.39456 0.137909 0.538342 0.106553 -0.179354
-17.6812 5.73833 435.59 0.389003 0.145806 0.538342 0.106553 -0.179354
-18.8194 26.6693 444.608 0.39456 0.137909 0.538342 0.106553 -0.179354
-14.716 5.93232 444.608 0.396359 0.145768 0.538342 0.106553 -0.179354
-26.7 26.6693 452.489 0.431811 0.0895215 -0.103587 0.0752455 0.562975
-32.6105 26.6693 450.519 0.426691 0.0909115 -0.103587 0.0752455 0.562975
-35.7188 5.73833 453.627 0.423433 0.0842957 -0.103587 0.0752455 0.562975
-26.7 26.6693 452.489 0.431811 0.0895215 -0.103587 0.0752455 0.562975
-35.7188 5.73833 453.627 0.423433 0.0842957 -0.103587 0.0752455 0.562975
-27.8034 4.87866 454.316 0.430174 0.0835192 -0.103587 0.0752455 0.562975
-14.716 5.93232 444.608 0.45012 0.053423 0.521935 0.173702 0.175342
-17.6812 5.73833 453.627 0.442016 0.0536377 0.521935 0.173702 0.175342
-15.6583 -2.38237 455.65 0.44094 0.0504727 0.521935 0.173702 0.175342
-17.6812 5.73833 453.627 0.438795 0.0839868 0.0901336 0.0696136 0.566006
-20.7895 26.6693 450.519 0.436758 0.0907091 0.0901336 0.0696136 0.566006
-26.7 26.6693 452.489 0.431811 0.0895215 0.0901336 0.0696136 0.566006
-17.6812 5.73833 453.627 0.438795 0.0839868 0.0901336 0.0696136 0.566006
-26.7 26.6693 452.489 0.431811 0.0895215 0.0901336 0.0696136 0.566006
-27.8034 4.87866 454.316 0.430174 0.0835192 0.0901336 0.0696136 0.566006
-26.7 274.696 444.608 0.418754 0.149609 -0.405247 0.0698794 -0.405247
-26.7 260.069 440.858 0.415089 0.144684 -0.405247 0.0698794 -0.405247
-30.114 235.098 441.194 0.415055 0.135485 -0.405247 0.0698794 -0.405247
-26.7 274.696 444.608 0.418754 0.149609 -0.405247 0.0698794 -0.405247
-30.114 235.098 441.194 0.415055 0.135485 -0.405247 0.0698794 -0.405247
-30.45 260.069 444.608 0.418878 0.144044 -0.405247 0.0698794 -0.405247
-17.6812 5.73833 453.627 0.438795 0.0839868 0.0256239 0.145426 0.558147
-27.8034 4.87866 454.316 0.430174 0.0835192 0.0256239 0.145426 0.558147
-15.6583 -2.38237 455.65 0.440317 0.0808302 0.0256239 0.145426 0.558147
-27.8034 4.87866 454.316 0.430174 0.0835192 -0.0239878 0.209649 0.537406
-35.7188 5.73833 453.627 0.423433 0.0842957 -0.0239878 0.209649 0.537406
-38.6854 -2.38271 456.663 0.42075 0.080562 -0.0239878 0.209649 0.537406
-26.7 274.696 444.608 0.397123 0.0497133 0.405247 0.0698794 -0.405247
-22.95 260.069 444.608 0.398892 0.0553769 0.405247 0.0698794 -0.405247
-23.286 235.098 441.194 0.395847 0.0642438 0.405247 0.0698794 -0.405247
-26.7 274.696 444.608 0.397123 0.0497133 0.405247 0.0698794 -0.405247
-23.286 235.098 441.194 0.395847 0.0642438 0.405247 0.0698794 -0.405247
-26.7 260.069 440.858 0.394364 0.0550098 0.405247 0.0698794 -0.405247
-26.7 274.696 444.608 0.450979 0.149609 0.405246 0.0698795 0.405247
-26.7 260.069 448.358 0.447756 0.144412 0.405246 0.0698795 0.405247
-23.286 235.098 448.022 0.4487 0.135161 0.405246 0.0698795 0.405247
-26.7 274.696 444.608 0.450979 0.149609 0.405246 0.0698795 0.405247
-23.286 235.098 448.022 0.4487 0.135161 0.405246 0.0698795 0.405247
-22.95 260.069 444.608 0.451954 0.143946 0.405246 0.0698795 0.405247
-26.7 274.696 444.608 0.440317 0.149609 -0.405247 0.0698795 0.405247
-30.45 260.069 444.608 0.436601 0.146434 -0.405247 0.0698795 0.405247
-30.114 235.098 448.022 0.436146 0.138664 -0.405247 0.0698795 0.405247
-26.7 274.696 444.608 0.440317 0.149609 -0.405247 0.0698795 0.405247
-30.114 235.098 448.022 0.436146 0.138664 -0.405247 0.0698795 0.405247
-26.7 260.069 448.358 0.439959 0.143917 -0.405247 0.0698795 0.405247
-23.286 235.098 448.022 0.4487 0.135161 0.198099 0.002966 0.542293
-26.7 216.669 449.37 0.44618 0.129133 0.198099 0.002966 0.542293
-22.7433 59.5527 448.784 0.445135 0.0733346 0.198099 0.002966 0.542293
-26.7 216.669 449.37 0.438455 0.133642 -0.187971 0.00510392 0.54587
-30.114 235.098 448.022 0.436146 0.138664 -0.187971 0.00510392 0.54587
-31.3399 58.8409 449.248 0.428865 0.0988463 -0.187971 0.00510392 0.54587
-26.7 216.669 449.37 0.44618 0.129133 0.149914 0.012997 0.557396
-23.286 235.098 448.022 0.4487 0.135161 0.149914 0.012997 0.557396
-26.7 260.069 448.358 0.447756 0.144412 0.149914 0.012997 0.557396
-30.114 235.098 448.022 0.42075 0.135062 -0.561988 0.0048282 0.132211
-31.205 201.598 444.608 0.416865 0.12334 -0.561988 0.0048282 0.132211
-31.3399 58.8409 449.248 0.415518 0.0726892 -0.561988 0.0048282 0.132211
-31.205 201.598 444.608 0.416865 0.12334 -0.561988 0.0048282 0.132211
-30.114 235.098 448.022 0.42075 0.135062 -0.561988 0.0048282 0.132211
-30.45 260.069 444.608 0.418878 0.144044 -0.566859 0.00731967 0.10932
-31.205 201.598 444.608 0.416865 0.12334 -0.561988 0.0048282 -0.132211
-30.114 235.098 441.194 0.415055 0.135485 -0.561988 0.0048282 -0.132211
-31.3399 58.8409 439.968 0.407778 0.0732654 -0.561988 0.0048282 -0.132211
-30.45 260.069 444.608 0.418878 0.144044 -0.566859 0.00731967 -0.10932
-30.114 235.098 441.194 0.415055 0.135485 -0.561988 0.0048282 -0.132211
-31.205 201.598 444.608 0.416865 0.12334 -0.561988 0.0048282 -0.132211
-23.286 235.098 441.194 0.395847 0.0642438 0.541561 0.00254254 -0.200096
-21.938 216.669 444.608 0.398229 0.070758 0.541561 0.00254254 -0.200096
-22.7433 59.5527 440.432 0.390615 0.12599 0.541561 0.00254254 -0.200096
-21.938 216.669 444.608 0.45151 0.128541 0.541561 0.00254254 0.200096
-23.286 235.098 448.022 0.4487 0.135161 0.541561 0.00254254 0.200096
-22.7433 59.5527 448.784 0.445135 0.0733346 0.541561 0.00254254 0.200096
-21.938 216.669 444.608 0.398229 0.070758 0.557396 0.012997 -0.149913
-23.286 235.098 441.194 0.395847 0.0642438 0.557396 0.012997 -0.149913
-22.95 260.069 444.608 0.398892 0.0553769 0.557396 0.012997 -0.149913
-27.8034 4.87866 454.316 0.430174 0.0835192 -0.126202 0.335434 0.452648
-38.6854 -2.38271 456.663 0.42075 0.080562 -0.126202 0.335434 0.452648
-27.8034 -2.22631 459.581 0.430151 0.0785013 -0.126202 0.335434 0.452648
-14.716 5.93232 444.608 0.45012 0.053423 0.45967 0.259089 0.234327
-15.6583 -2.38237 455.65 0.44094 0.0504727 0.45967 0.259089 0.234327
-9.55457 -2.89259 444.241 0.451954 0.0496094 0.45967 0.259089 0.234327
-26.7 5.93232 432.624 0.381889 0.144595 0.0382309 0.113824 -0.564726
-13.8415 -2.38271 431.819 0.388664 0.14936 0.0382309 0.113824 -0.564726
-27.2565 -1.88497 431.011 0.380333 0.147331 0.0382309 0.113824 -0.564726
-26.7 -2.10134 431.146 0.380622 0.148871 -0.0729533 -0.42643 -0.38232
-37.7417 -2.38237 433.566 0.375781 0.14592 -0.0729533 -0.42643 -0.38232
-27.2565 -1.88497 431.011 0.380333 0.147331 -0.0729533 -0.42643 -0.38232
-37.7048 11.935 444.608 0.411048 0.0557438 -0.502959 0.173936 -0.223856
-37.7417 -2.38237 433.566 0.401319 0.0513759 -0.502959 0.173936 -0.223856
-42.6557 -2.22632 444.728 0.411501 0.0502049 -0.502959 0.173936 -0.223856
-26.7 260.069 440.858 0.394364 0.0550098 0.149914 0.012997 -0.557396
-23.286 235.098 441.194 0.395847 0.0642438 0.149914 0.012997 -0.557396
-26.7 216.669 439.846 0.392479 0.0702919 0.149914 0.012997 -0.557396
-31.205 201.598 444.608 0.416865 0.12334 -0.54737 0.0064819 0.183515
-33.0093 49.2384 444.608 0.41159 0.0694095 -0.54737 0.0064819 0.183515
-31.3399 58.8409 449.248 0.415518 0.0726892 -0.54737 0.0064819 0.183515
-31.205 201.598 444.608 0.416865 0.12334 -0.54737 0.0064819 -0.183515
-31.3399 58.8409 439.968 0.407778 0.0732654 -0.54737 0.0064819 -0.183515
-33.0093 49.2384 444.608 0.41159 0.0694095 -0.54737 0.0064819 -0.183515
-26.7 216.669 439.846 0.412652 0.12944 -0.227658 0.00628252 -0.530533
-26.7 47.3805 437.842 0.404765 0.0698588 -0.227658 0.00628252 -0.530533
-31.3399 58.8409 439.968 0.407778 0.0732654 -0.227658 0.00628252 -0.530533
-26.7 216.669 439.846 0.392479 0.0702919 0.303627 0.00581473 -0.49103
-22.7433 59.5527 440.432 0.390615 0.12599 0.303627 0.00581473 -0.49103
-26.7 47.3805 437.842 0.386337 0.129818 0.303627 0.00581473 -0.49103
-21.938 216.669 444.608 0.398229 0.070758 0.528057 0.00349699 -0.233403
-20.8292 49.2384 444.608 0.394037 0.129702 0.528057 0.00349699 -0.233403
-22.7433 59.5527 440.432 0.390615 0.12599 0.528057 0.00349699 -0.233403
-21.938 216.669 444.608 0.45151 0.128541 0.528057 0.00349699 0.233403
-22.7433 59.5527 448.784 0.445135 0.0733346 0.528057 0.00349699 0.233403
-20.8292 49.2384 444.608 0.44888 0.0695009 0.528057 0.00349699 0.233403
-26.7 216.669 449.37 0.44618 0.129133 0.303627 0.00581473 0.49103
-26.7 47.3805 451.375 0.441567 0.0695649 0.303627 0.00581473 0.49103
-22.7433 59.5527 448.784 0.445135 0.0733346 0.303627 0.00581473 0.49103
-26.7 216.669 449.37 0.438455 0.133642 -0.227658 0.00628252 0.530534
-31.3399 58.8409 449.248 0.428865 0.0988463 -0.227658 0.00628252 0.530534
-26.7 47.3805 451.375 0.432501 0.0948373 -0.227658 0.00628252 0.530534
-26.7 260.069 448.358 0.439959 0.143917 -0.149914 0.012997 0.557396
-30.114 235.098 448.022 0.436146 0.138664 -0.149914 0.012997 0.557396
-26.7 216.669 449.37 0.438455 0.133642 -0.149914 0.012997 0.557396
-22.95 260.069 444.608 0.451954 0.143946 0.557396 0.012997 0.149914
-23.286 235.098 448.022 0.4487 0.135161 0.557396 0.012997 0.149914
-21.938 216.669 444.608 0.45151 0.128541 0.557396 0.012997 0.149914
-63.3163 244.419 454.711 0.739608 0.141797 -0.390023 0.170579 0.390023
-36.5113 244.419 481.516 0.727952 0.139619 -0.390023 0.170579 0.390023
-26.7 350.574 444.9 0.739608 0.108579 -0.390023 0.170579 0.390023
0.104999 244.419 471.705 0.741234 0.0440375 0.532782 0.170579 0.142758
9.91631 244.419 435.089 0.752994 0.0417969 0.532782 0.170579 0.142758
-26.7 350.574 444.9 0.752994 0.0748644 0.532782 0.170579 0.142758
-53.505 244.419 418.095 0.722774 0.0427034 -0.532782 0.170579 -0.142759
-63.3163 244.419 454.711 0.734719 0.0427034 -0.532782 0.170579 -0.142759
-26.7 350.574 444.9 0.72933 0.0752615 -0.532782 0.170579 -0.142759
-16.8887 244.419 408.284 0.729578 0.106301 -0.142758 0.170579 -0.532782
-53.505 244.419 418.095 0.722774 0.100079 -0.142758 0.170579 -0.532782
-26.7 350.574 444.9 0.741234 0.0752615 -0.142758 0.170579 -0.532782
-36.5113 244.419 481.516 0.727952 0.139619 0.142758 0.170579 0.532782
0.104999 244.419 471.705 0.721149 0.133396 0.142758 0.170579 0.532782
-26.7 350.574 444.9 0.739608 0.108579 0.142758 0.170579 0.532782
9.91631 244.419 435.089 0.741234 0.10848 0.390023 0.170579 -0.390023
-16.8887 244.419 408.284 0.729578 0.106301 0.390023 0.170579 -0.390023
-26.7 350.574 444.9 0.741234 0.0752615 0.390023 0.170579 -0.390023
0.104999 244.419 471.705 0.739608 0.122405 1.17982e-07 -0.57735 -0
-36.5113 244.419 481.516 0.750044 0.115941 1.17982e-07 -0.57735 -0
-63.3163 244.419 454.711 0.760479 0.122405 1.17982e-07 -0.57735 -0
-63.3163 244.419 454.711 0.760479 0.122405 1.17982e-07 -0.57735 -0
9.91631 244.419 435.089 0.739608 0.135333 1.17982e-07 -0.57735 -0
0.104999 244.419 471.705 0.739608 0.122405 1.17982e-07 -0.57735 -0
-63.3163 244.419 454.711 0.760479 0.122405 1.17982e-07 -0.57735 -0
-53.505 244.419 418.095 0.760479 0.135333 1.17982e-07 -0.57735 -0
9.91631 244.419 435.089 0.739608 0.135333 1.17982e-07 -0.57735 -0
-53.505 244.419 418.095 0.760479 0.135333 1.17982e-07 -0.57735 -0
-16.8887 244.419 408.284 0.750044 0.141797 1.17982e-07 -0.57735 -0
9.91631 244.419 435.089 0.739608 0.135333 1.17982e-07 -0.57735 -0
-47.112 208.294 480.255 0.683757 0.108168 0 0.192181 0.544426
-6.288 208.294 480.255 0.674609 0.101038 0 0.192181 0.544426
-26.7 308.449 444.9 0.695461 0.0766575 0 0.192181 0.544426
14.124 208.294 444.9 0.721149 0.141797 0.471487 0.192181 -0.272213
-6.28801 208.294 409.545 0.709445 0.13999 0.471487 0.192181 -0.272213
-26.7 308.449 444.9 0.721149 0.10848 0.471487 0.192181 -0.272213
-67.524 208.294 444.9 0.695461 0.109975 -0.471487 0.192181 0.272213
-47.112 208.294 480.255 0.683757 0.108168 -0.471487 0.192181 0.272213
-26.7 308.449 444.9 0.695461 0.0766575 -0.471487 0.192181 0.272213
-47.112 208.294 409.545 0.7539 0.10848 -0.471487 0.192181 -0.272213
-67.524 208.294 444.9 0.741234 0.105784 -0.471487 0.192181 -0.272213
-26.7 308.449 444.9 0.7539 0.0748644 -0.471487 0.192181 -0.272213
-6.288 208.294 480.255 0.766567 0.10848 0.471487 0.192181 0.272213
14.124 208.294 444.9 0.7539 0.105784 0.471487 0.192181 0.272213
-26.7 308.449 444.9 0.766567 0.0748644 0.471487 0.192181 0.272213
-6.28801 208.294 409.545 0.709445 0.13999 -2.03174e-07 0.192181 -0.544426
-47.112 208.294 409.545 0.700297 0.13286 -2.03174e-07 0.192181 -0.544426
-26.7 308.449 444.9 0.721149 0.10848 -2.03174e-07 0.192181 -0.544426
14.124 208.294 444.9 0.700297 0.0875965 1.01729e-07 -0.57735 -0
-6.288 208.294 480.255 0.711536 0.0806353 1.01729e-07 -0.57735 -0
-47.112 208.294 480.255 0.722774 0.0875965 1.01729e-07 -0.57735 -0
-47.112 208.294 480.255 0.722774 0.0875965 1.01729e-07 -0.57735 -0
-67.524 208.294 444.9 0.722774 0.101519 1.01729e-07 -0.57735 -0
14.124 208.294 444.9 0.700297 0.0875965 1.01729e-07 -0.57735 -0
-67.524 208.294 444.9 0.722774 0.101519 1.01729e-07 -0.57735 -0
-47.112 208.294 409.545 0.711536 0.10848 1.01729e-07 -0.57735 -0
14.124 208.294 444.9 0.700297 0.0875965 1.01729e-07 -0.57735 -0
-47.112 208.294 409.545 0.711536 0.10848 1.01729e-07 -0.57735 -0
-6.28801 208.294 409.545 0.700297 0.101519 1.01729e-07 -0.57735 -0
14.124 208.294 444.9 0.700297 0.0875965 1.01729e-07 -0.57735 -0
-64.9184 164.483 471.661 0.774609 0.141797 -0.211189 0.289167 0.452896
-22.6337 164.483 491.379 0.760479 0.137384 -0.211189 0.289167 0.452896
-26.7 234.309 444.9 0.774609 0.114842 -0.211189 0.289167 0.452896
15.5847 164.483 464.618 0.683742 0.0535215 0.497814 0.289167 -0.0435532
11.5183 164.483 418.139 0.696674 0.0495943 0.497814 0.289167 -0.0435532
-26.7 234.309 444.9 0.696674 0.0766575 0.497814 0.289167 -0.0435532
-68.9847 164.483 425.182 0.70972 0.0769278 -0.497814 0.289167 0.0435531
-64.9184 164.483 471.661 0.700297 0.0666457 -0.497814 0.289167 0.0435531
-26.7 234.309 444.9 0.722422 0.0536459 -0.497814 0.289167 0.0435531
-30.7663 164.483 398.422 0.722422 0.0806354 -0.286625 0.289167 -0.409343
-68.9847 164.483 425.182 0.70972 0.0769278 -0.286625 0.289167 -0.409343
-26.7 234.309 444.9 0.722422 0.0536459 -0.286625 0.289167 -0.409343
-22.6337 164.483 491.379 0.674609 0.0636932 0.286625 0.289167 0.409343
15.5847 164.483 464.618 0.683742 0.0535215 0.286625 0.289167 0.409343
-26.7 234.309 444.9 0.696674 0.0766575 0.286625 0.289167 0.409343
11.5183 164.483 418.139 0.752994 0.0524974 0.211189 0.289167 -0.452896
-30.7663 164.483 398.422 0.767015 0.0476997 0.211189 0.289167 -0.452896
-26.7 234.309 444.9 0.767015 0.0748644 0.211189 0.289167 -0.452896
15.5847 164.483 464.618 0.674609 0.11793 0 -0.57735 -0
-22.6337 164.483 491.379 0.687453 0.109975 0 -0.57735 -0
-64.9184 164.483 471.661 0.700297 0.11793 0 -0.57735 -0
-64.9184 164.483 471.661 0.700297 0.11793 0 -0.57735 -0
-68.9847 164.483 425.182 0.700297 0.133841 0 -0.57735 -0
15.5847 164.483 464.618 0.674609 0.11793 0 -0.57735 -0
-68.9847 164.483 425.182 0.700297 0.133841 0 -0.57735 -0
11.5183 164.483 418.139 0.674609 0.133841 0 -0.57735 -0
15.5847 164.483 464.618 0.674609 0.11793 0 -0.57735 -0
-68.9847 164.483 425.182 0.700297 0.133841 0 -0.57735 -0
-30.7663 164.483 398.422 0.687453 0.141797 0 -0.57735 -0
11.5183 164.483 418.139 0.674609 0.133841 0 -0.57735 -0
-73.356 130.483 444.9 0.774609 0.141797 -0.441261 0.271512 0.254762
-50.028 130.483 485.305 0.760479 0.137384 -0.441261 0.271512 0.254762
-26.7 206.309 444.9 0.774609 0.114842 -0.441261 0.271512 0.254762
-3.372 130.483 485.305 0.683742 0.0535215 0.441261 0.271512 0.254762
19.956 130.483 444.9 0.696674 0.0495943 0.441261 0.271512 0.254762
-26.7 206.309 444.9 0.696674 0.0766575 0.441261 0.271512 0.254762
-50.028 130.483 404.495 0.70972 0.0769278 -0.441261 0.271512 -0.254762
-73.356 130.483 444.9 0.700297 0.0666457 -0.441261 0.271512 -0.254762
-26.7 206.309 444.9 0.722422 0.0536459 -0.441261 0.271512 -0.254762
-3.372 130.483 404.495 0.722422 0.0806354 -2.19767e-07 0.271512 -0.509524
-50.028 130.483 404.495 0.70972 0.0769278 -2.19767e-07 0.271512 -0.509524
-26.7 206.309 444.9 0.722422 0.0536459 -2.19767e-07 0.271512 -0.509524
-50.028 130.483 485.305 0.674609 0.0636932 0 0.271512 0.509524
-3.372 130.483 485.305 0.683742 0.0535215 0 0.271512 0.509524
-26.7 206.309 444.9 0.696674 0.0766575 0 0.271512 0.509524
19.956 130.483 444.9 0.752994 0.0524974 0.441261 0.271512 -0.254762
-3.372 130.483 404.495 0.767015 0.0476997 0.441261 0.271512 -0.254762
-26.7 206.309 444.9 0.767015 0.0748644 0.441261 0.271512 -0.254762
-3.372 130.483 485.305 0.674609 0.11793 0 -0.57735 -0
-50.028 130.483 485.305 0.687453 0.109975 0 -0.57735 -0
-73.356 130.483 444.9 0.700297 0.11793 0 -0.57735 -0
-73.356 130.483 444.9 0.700297 0.11793 0 -0.57735 -0
19.956 130.483 444.9 0.674609 0.133841 0 -0.57735 -0
-3.372 130.483 485.305 0.674609 0.11793 0 -0.57735 -0
-73.356 130.483 444.9 0.700297 0.11793 0 -0.57735 -0
-50.028 130.483 404.495 0.700297 0.133841 0 -0.57735 -0
19.956 130.483 444.9 0.674609 0.133841 0 -0.57735 -0
-50.028 130.483 404.495 0.700297 0.133841 0 -0.57735 -0
-3.372 130.483 404.495 0.687453 0.141797 0 -0.57735 -0
19.956 130.483 444.9 0.674609 0.133841 0 -0.57735 -0
