Vertex Count: 384

Data:

-214.403 -2.22631 469.781 0.430151 0.0785013 0.149293 0.332056 0.448089
-202.258 -2.38237 465.85 0.440317 0.0808302 0.149293 0.332056 0.448089
-214.403 4.87866 464.516 0.430174 0.0835192 0.149293 0.332056 0.448089
-196.155 -2.89259 454.441 0.398892 0.149609 0.477717 0.285779 -0.153134
-200.441 -2.38271 442.019 0.388664 0.14936 0.477717 0.285779 -0.153134
-201.316 5.93232 454.808 0.396359 0.145768 0.477717 0.285779 -0.153134
-204.281 5.73833 445.789 0.389003 0.145806 0.468852 0.296214 -0.160525
-201.316 5.93232 454.808 0.396359 0.145768 0.477717 0.285779 -0.153134
-200.441 -2.38271 442.019 0.388664 0.14936 0.477717 0.285779 -0.153134
-213.857 -1.88497 441.211 0.380333 0.147331 -0.139079 0.122734 -0.546742
-224.342 -2.38237 443.767 0.375781 0.14592 -0.139079 0.122734 -0.546742
-213.3 5.93232 442.824 0.381889 0.144595 -0.139079 0.122734 -0.546742
-213.857 -1.88497 441.211 0.380333 0.147331 0.0209696 -0.265907 -0.512042
-200.441 -2.38271 442.019 0.388664 0.14936 0.0209696 -0.265907 -0.512042
-213.3 -2.10134 441.346 0.380622 0.148871 0.0209696 -0.265907 -0.512042
-229.256 -2.22632 454.928 0.411501 0.0502049 -0.518893 0.182893 0.175023
-225.285 -2.38271 466.863 0.42075 0.0498394 -0.518893 0.182893 0.175023
-224.305 11.935 454.808 0.411048 0.0557438 -0.518893 0.182893 0.175023
-196.155 -2.89259 454.441 0.468093 0.123193 -0.0193144 -0.577023 0.00208549
-202.258 -2.38237 465.85 0.475781 0.130975 -0.0193144 -0.577023 0.00208549
-214.403 -2.22631 469.781 0.475781 0.141632 -0.0193144 -0.577023 0.00208549
-196.155 -2.89259 454.441 0.468093 0.123193 -0.0193144 -0.577023 0.00208549
-214.403 -2.22631 469.781 0.475781 0.141632 -0.0193144 -0.577023 0.00208549
-213.3 -2.10134 441.346 0.452907 0.133434 -0.0193144 -0.577023 0.00208549
-213.3 -2.10134 441.346 0.452907 0.133434 -0.0193144 -0.577023 0.00208549
-200.441 -2.38271 442.019 0.456834 0.123406 -0.011594 -0.576898 -0.0196787
-196.155 -2.89259 454.441 0.468093 0.123193 -0.0193144 -0.577023 0.00208549
-214.403 -2.22631 469.781 0.475781 0.141632 -0.0193144 -0.577023 0.00208549
-229.256 -2.22632 454.928 0.459756 0.149609 0.0043316 -0.577318 -0.00433137
-213.3 -2.10134 441.346 0.452907 0.133434 -0.0193144 -0.577023 0.00208549
-214.403 -2.22631 469.781 0.475781 0.141632 -0.0193144 -0.577023 0.00208549
-225.285 -2.38271 466.863 0.470532 0.149524 0.0043316 -0.577318 -0.00433137
-229.256 -2.22632 454.928 0.459756 0.149609 0.0043316 -0.577318 -0.00433137
-229.256 -2.22632 454.928 0.459756 0.149609 0.0043316 -0.577318 -0.00433137
-224.342 -2.38237 443.767 0.451954 0.142837 0.0182064 -0.576839 0.0160799
-213.3 -2.10134 441.346 0.452907 0.133434 0.0182064 -0.576839 0.0160799
-219.609 49.2384 454.808 0.41159 0.0694095 -0.557615 0.0286187 0.146902
-220.612 30.5982 454.808 0.411082 0.0627267 -0.557615 0.0286187 0.146902
-219.21 26.6693 460.719 0.415621 0.061126 -0.557615 0.0286187 0.146902
-219.609 49.2384 454.808 0.41159 0.0694095 -0.557615 0.0286187 0.146902
-219.21 26.6693 460.719 0.415621 0.061126 -0.557615 0.0286187 0.146902
-217.94 58.8409 459.448 0.415518 0.0726892 -0.557615 0.0286187 0.146902
-216.714 235.098 451.394 0.415055 0.135485 -0.187971 0.00510392 -0.54587
-213.3 216.669 450.046 0.412652 0.12944 -0.187971 0.00510392 -0.54587
-217.94 58.8409 450.168 0.407778 0.0732654 -0.187971 0.00510392 -0.54587
-213.3 47.3805 448.042 0.404765 0.0698588 -0.181049 0.0290349 -0.547459
-219.21 26.6693 448.898 0.405761 0.06186 -0.181049 0.0290349 -0.547459
-217.94 58.8409 450.168 0.407778 0.0732654 -0.187971 0.00510392 -0.54587
-213.3 47.3805 448.042 0.404765 0.0698588 -0.181049 0.0290349 -0.547459
-213.3 26.6693 446.928 0.403076 0.0626234 -0.181049 0.0290349 -0.547459
-219.21 26.6693 448.898 0.405761 0.06186 -0.181049 0.0290349 -0.547459
-213.3 216.669 450.046 0.392479 0.0702919 0.198099 0.00296599 -0.542293
-209.886 235.098 451.394 0.395847 0.0642438 0.198099 0.00296599 -0.542293
-209.343 59.5527 450.632 0.390615 0.12599 0.198099 0.00296599 -0.542293
-213.3 216.669 450.046 0.392479 0.0702919 -0.149914 0.012997 -0.557396
-216.714 235.098 451.394 0.391856 0.0632825 -0.149914 0.012997 -0.557396
-213.3 260.069 451.058 0.394364 0.0550098 -0.149914 0.012997 -0.557396
-219.609 49.2384 454.808 0.41159 0.0694095 -0.557615 0.0286187 -0.146902
-217.94 58.8409 450.168 0.407778 0.0732654 -0.557615 0.0286187 -0.146902
-219.21 26.6693 448.898 0.405761 0.06186 -0.557615 0.0286187 -0.146902
-219.609 49.2384 454.808 0.41159 0.0694095 -0.557615 0.0286187 -0.146902
-219.21 26.6693 448.898 0.405761 0.06186 -0.557615 0.0286187 -0.146902
-220.612 30.5982 454.808 0.411082 0.0627267 -0.557615 0.0286187 -0.146902
-213.3 47.3805 448.042 0.386337 0.129818 0.204493 0.0360868 -0.538715
-209.343 59.5527 450.632 0.390615 0.12599 0.204493 0.0360868 -0.538715
-207.389 26.6693 448.898 0.389727 0.137886 0.204493 0.0360868 -0.538715
-213.3 47.3805 448.042 0.386337 0.129818 0.204493 0.0360868 -0.538715
-207.389 26.6693 448.898 0.389727 0.137886 0.204493 0.0360868 -0.538715
-213.3 26.6693 446.928 0.385044 0.137138 0.204493 0.0360868 -0.538715
-207.429 49.2384 454.808 0.394037 0.129702 0.550994 0.0445947 -0.166583
-205.419 26.6693 454.808 0.39456 0.137909 0.550994 0.0445947 -0.166583
-207.389 26.6693 448.898 0.389727 0.137886 0.550994 0.0445947 -0.166583
-207.429 49.2384 454.808 0.394037 0.129702 0.550994 0.0445947 -0.166583
-207.389 26.6693 448.898 0.389727 0.137886 0.550994 0.0445947 -0.166583
-209.343 59.5527 450.632 0.390615 0.12599 0.550994 0.0445947 -0.166583
-207.429 49.2384 454.808 0.44888 0.0695009 0.550994 0.0445947 0.166583
-209.343 59.5527 458.984 0.445135 0.0733346 0.550994 0.0445947 0.166583
-207.389 26.6693 460.719 0.443821 0.061474 0.550994 0.0445947 0.166583
-207.429 49.2384 454.808 0.44888 0.0695009 0.550994 0.0445947 0.166583
-207.389 26.6693 460.719 0.443821 0.061474 0.550994 0.0445947 0.166583
-205.419 26.6693 454.808 0.449138 0.0612848 0.550994 0.0445947 0.166583
-213.3 47.3805 461.575 0.441567 0.0695649 0.204493 0.0360868 0.538715
-213.3 26.6693 462.689 0.440317 0.0622649 0.204493 0.0360868 0.538715
-207.389 26.6693 460.719 0.443821 0.061474 0.204493 0.0360868 0.538715
-213.3 47.3805 461.575 0.441567 0.0695649 0.204493 0.0360868 0.538715
-207.389 26.6693 460.719 0.443821 0.061474 0.204493 0.0360868 0.538715
-209.343 59.5527 458.984 0.445135 0.0733346 0.204493 0.0360868 0.538715
-213.3 47.3805 461.575 0.432501 0.0948373 -0.181049 0.0290349 0.547459
-217.94 58.8409 459.448 0.428865 0.0988463 -0.181049 0.0290349 0.547459
-219.21 26.6693 460.719 0.426691 0.0909115 -0.181049 0.0290349 0.547459
-213.3 47.3805 461.575 0.432501 0.0948373 -0.181049 0.0290349 0.547459
-219.21 26.6693 460.719 0.426691 0.0909115 -0.181049 0.0290349 0.547459
-213.3 26.6693 462.689 0.431811 0.0895215 -0.181049 0.0290349 0.547459
-220.612 30.5982 454.808 0.411082 0.0627267 -0.519908 0.0849982 -0.236228
-219.21 26.6693 448.898 0.405761 0.06186 -0.519908 0.0849982 -0.236228
-221.618 4.72347 447.714 0.404392 0.0539324 -0.519908 0.0849982 -0.236228
-220.612 30.5982 454.808 0.411082 0.0627267 -0.519908 0.0849982 -0.236228
-221.618 4.72347 447.714 0.404392 0.0539324 -0.519908 0.0849982 -0.236228
-224.305 11.935 454.808 0.411048 0.0557438 -0.519908 0.0849982 -0.236228
-222.319 5.73833 463.827 0.417993 0.0532138 -0.533381 0.10681 0.193467
-219.21 26.6693 460.719 0.415621 0.061126 -0.533381 0.10681 0.193467
-220.612 30.5982 454.808 0.411082 0.0627267 -0.533381 0.10681 0.193467
-222.319 5.73833 463.827 0.417993 0.0532138 -0.533381 0.10681 0.193467
-220.612 30.5982 454.808 0.411082 0.0627267 -0.533381 0.10681 0.193467
-224.305 11.935 454.808 0.411048 0.0557438 -0.533381 0.10681 0.193467
-213.3 26.6693 446.928 0.385044 0.137138 0.179354 0.106553 -0.538342
-207.389 26.6693 448.898 0.389727 0.137886 0.179354 0.106553 -0.538342
-204.281 5.73833 445.789 0.389003 0.145806 0.179354 0.106553 -0.538342
-213.3 26.6693 446.928 0.385044 0.137138 0.179354 0.106553 -0.538342
-204.281 5.73833 445.789 0.389003 0.145806 0.179354 0.106553 -0.538342
-213.3 5.93232 442.824 0.381889 0.144595 0.179354 0.106553 -0.538342
-222.319 5.73833 463.827 0.423433 0.0842957 -0.434598 0.261768 0.275564
-224.305 11.935 454.808 0.421567 0.0916018 -0.434598 0.261768 0.275564
-225.285 -2.38271 466.863 0.42075 0.080562 -0.434598 0.261768 0.275564
-224.305 11.935 454.808 0.411048 0.0557438 -0.236263 0.322093 -0.416856
-221.618 4.72347 447.714 0.404392 0.0539324 -0.236263 0.322093 -0.416856
-224.342 -2.38237 443.767 0.401319 0.0513759 -0.236263 0.322093 -0.416856
-221.618 4.72347 447.714 0.404392 0.0539324 -0.253778 0.0778329 -0.51271
-219.21 26.6693 448.898 0.405761 0.06186 -0.253778 0.0778329 -0.51271
-213.3 26.6693 446.928 0.403076 0.0626234 -0.253778 0.0778329 -0.51271
-221.618 4.72347 447.714 0.404392 0.0539324 -0.253778 0.0778329 -0.51271
-213.3 26.6693 446.928 0.403076 0.0626234 -0.253778 0.0778329 -0.51271
-213.3 5.93232 442.824 0.398892 0.0555646 -0.253778 0.0778329 -0.51271
-205.419 26.6693 454.808 0.449138 0.0612848 0.538342 0.106553 0.179354
-207.389 26.6693 460.719 0.443821 0.061474 0.538342 0.106553 0.179354
-204.281 5.73833 463.827 0.442016 0.0536377 0.538342 0.106553 0.179354
-205.419 26.6693 454.808 0.449138 0.0612848 0.538342 0.106553 0.179354
-204.281 5.73833 463.827 0.442016 0.0536377 0.538342 0.106553 0.179354
-201.316 5.93232 454.808 0.45012 0.053423 0.538342 0.106553 0.179354
-221.618 4.72347 447.714 0.404392 0.0539324 -0.276518 0.322944 -0.390612
-213.3 5.93232 442.824 0.398892 0.0555646 -0.276518 0.322944 -0.390612
-224.342 -2.38237 443.767 0.401319 0.0513759 -0.276518 0.322944 -0.390612
-213.3 5.93232 442.824 0.381889 0.144595 0.160849 0.294264 -0.469968
-204.281 5.73833 445.789 0.389003 0.145806 0.160849 0.294264 -0.469968
-200.441 -2.38271 442.019 0.388664 0.14936 0.160849 0.294264 -0.469968
-204.281 5.73833 445.789 0.389003 0.145806 0.538342 0.106553 -0.179354
-207.389 26.6693 448.898 0.389727 0.137886 0.538342 0.106553 -0.179354
-205.419 26.6693 454.808 0.39456 0.137909 0.538342 0.106553 -0.179354
-204.281 5.73833 445.789 0.389003 0.145806 0.538342 0.106553 -0.179354
-205.419 26.6693 454.808 0.39456 0.137909 0.538342 0.106553 -0.179354
-201.316 5.93232 454.808 0.396359 0.145768 0.538342 0.106553 -0.179354
-213.3 26.6693 462.689 0.431811 0.0895215 -0.103587 0.0752455 0.562975
-219.21 26.6693 460.719 0.426691 0.0909115 -0.103587 0.0752455 0.562975
-222.319 5.73833 463.827 0.423433 0.0842957 -0.103587 0.0752455 0.562975
-213.3 26.6693 462.689 0.431811 0.0895215 -0.103587 0.0752455 0.562975
-222.319 5.73833 463.827 0.423433 0.0842957 -0.103587 0.0752455 0.562975
-214.403 4.87866 464.516 0.430174 0.0835192 -0.103587 0.0752455 0.562975
-201.316 5.93232 454.808 0.45012 0.053423 0.521935 0.173702 0.175342
-204.281 5.73833 463.827 0.442016 0.0536377 0.521935 0.173702 0.175342
-202.258 -2.38237 465.85 0.44094 0.0504727 0.521935 0.173702 0.175342
-204.281 5.73833 463.827 0.438795 0.0839868 0.0901336 0.0696136 0.566006
-207.389 26.6693 460.719 0.436758 0.0907091 0.0901336 0.0696136 0.566006
-213.3 26.6693 462.689 0.431811 0.0895215 0.0901336 0.0696136 0.566006
-204.281 5.73833 463.827 0.438795 0.0839868 0.0901336 0.0696136 0.566006
-213.3 26.6693 462.689 0.431811 0.0895215 0.0901336 0.0696136 0.566006
-214.403 4.87866 464.516 0.430174 0.0835192 0.0901336 0.0696136 0.566006
-213.3 274.696 454.808 0.418754 0.149609 -0.405247 0.0698794 -0.405247
-213.3 260.069 451.058 0.415089 0.144684 -0.405247 0.0698794 -0.405247
-216.714 235.098 451.394 0.415055 0.135485 -0.405247 0.0698794 -0.405247
-213.3 274.696 454.808 0.418754 0.149609 -0.405247 0.0698794 -0.405247
-216.714 235.098 451.394 0.415055 0.135485 -0.405247 0.0698794 -0.405247
-217.05 260.069 454.808 0.418878 0.144044 -0.405247 0.0698794 -0.405247
-204.281 5.73833 463.827 0.438795 0.0839868 0.0256239 0.145426 0.558147
-214.403 4.87866 464.516 0.430174 0.0835192 0.0256239 0.145426 0.558147
-202.258 -2.38237 465.85 0.440317 0.0808302 0.0256239 0.145426 0.558147
-214.403 4.87866 464.516 0.430174 0.0835192 -0.0239878 0.209649 0.537406
-222.319 5.73833 463.827 0.423433 0.0842957 -0.0239878 0.209649 0.537406
-225.285 -2.38271 466.863 0.42075 0.080562 -0.0239878 0.209649 0.537406
-213.3 274.696 454.808 0.397123 0.0497133 0.405247 0.0698794 -0.405247
-209.55 260.069 454.808 0.398892 0.0553769 0.405247 0.0698794 -0.405247
-209.886 235.098 451.394 0.395847 0.0642438 0.405247 0.0698794 -0.405247
-213.3 274.696 454.808 0.397123 0.0497133 0.405247 0.0698794 -0.405247
-209.886 235.098 451.394 0.395847 0.0642438 0.405247 0.0698794 -0.405247
-213.3 260.069 451.058 0.394364 0.0550098 0.405247 0.0698794 -0.405247
-213.3 274.696 454.808 0.450979 0.149609 0.405246 0.0698795 0.405247
-213.3 260.069 458.558 0.447756 0.144412 0.405246 0.0698795 0.405247
-209.886 235.098 458.222 0.4487 0.135161 0.405246 0.0698795 0.405247
-213.3 274.696 454.808 0.450979 0.149609 0.405246 0.0698795 0.405247
-209.886 235.098 458.222 0.4487 0.135161 0.405246 0.0698795 0.405247
-209.55 260.069 454.808 0.451954 0.143946 0.405246 0.0698795 0.405247
-213.3 274.696 454.808 0.440317 0.149609 -0.405247 0.0698795 0.405247
-217.05 260.069 454.808 0.436601 0.146434 -0.405247 0.0698795 0.405247
-216.714 235.098 458.222 0.436146 0.138664 -0.405247 0.0698795 0.405247
-213.3 274.696 454.808 0.440317 0.149609 -0.405247 0.0698795 0.405247
-216.714 235.098 458.222 0.436146 0.138664 -0.405247 0.0698795 0.405247
-213.3 260.069 458.558 0.439959 0.143917 -0.405247 0.0698795 0.405247
-209.886 235.098 458.222 0.4487 0.135161 0.198099 0.002966 0.542293
-213.3 216.669 459.57 0.44618 0.129133 0.198099 0.002966 0.542293
-209.343 59.5527 458.984 0.445135 0.0733346 0.198099 0.002966 0.542293
-213.3 216.669 459.57 0.438455 0.133642 -0.187971 0.00510392 0.54587
-216.714 235.098 458.222 0.436146 0.138664 -0.187971 0.00510392 0.54587
-217.94 58.8409 459.448 0.428865 0.0988463 -0.187971 0.00510392 0.54587
-213.3 216.669 459.57 0.44618 0.129133 0.149914 0.012997 0.557396
-209.886 235.098 458.222 0.4487 0.135161 0.149914 0.012997 0.557396
-213.3 260.069 458.558 0.447756 0.144412 0.149914 0.012997 0.557396
-216.714 235.098 458.222 0.42075 0.135062 -0.561988 0.0048282 0.132211
-217.805 201.598 454.808 0.416865 0.12334 -0.561988 0.0048282 0.132211
-217.94 58.8409 459.448 0.415518 0.0726892 -0.561988 0.0048282 0.132211
-217.805 201.598 454.808 0.416865 0.12334 -0.561988 0.0048282 0.132211
-216.714 235.098 458.222 0.42075 0.135062 -0.561988 0.0048282 0.132211
-217.05 260.069 454.808 0.418878 0.144044 -0.566859 0.00731967 0.10932
-217.805 201.598 454.808 0.416865 0.12334 -0.561988 0.0048282 -0.132211
-216.714 235.098 451.394 0.415055 0.135485 -0.561988 0.0048282 -0.132211
-217.94 58.8409 450.168 0.407778 0.0732654 -0.561988 0.0048282 -0.132211
-217.05 260.069 454.808 0.418878 0.144044 -0.566859 0.00731967 -0.10932
-216.714 235.098 451.394 0.415055 0.135485 -0.561988 0.0048282 -0.132211
-217.805 201.598 454.808 0.416865 0.12334 -0.561988 0.0048282 -0.132211
-209.886 235.098 451.394 0.395847 0.0642438 0.541561 0.00254254 -0.200096
-208.538 216.669 454.808 0.398229 0.070758 0.541561 0.00254254 -0.200096
-209.343 59.5527 450.632 0.390615 0.12599 0.541561 0.00254254 -0.200096
-208.538 216.669 454.808 0.45151 0.128541 0.541561 0.00254254 0.200096
-209.886 235.098 458.222 0.4487 0.135161 0.541561 0.00254254 0.200096
-209.343 59.5527 458.984 0.445135 0.0733346 0.541561 0.00254254 0.200096
-208.538 216.669 454.808 0.398229 0.070758 0.557396 0.012997 -0.149913
-209.886 235.098 451.394 0.395847 0.0642438 0.557396 0.012997 -0.149913
-209.55 260.069 454.808 0.398892 0.0553769 0.557396 0.012997 -0.149913
-214.403 4.87866 464.516 0.430174 0.0835192 -0.126202 0.335434 0.452648
-225.285 -2.38271 466.863 0.42075 0.080562 -0.126202 0.335434 0.452648
-214.403 -2.22631 469.781 0.430151 0.0785013 -0.126202 0.335434 0.452648
-201.316 5.93232 454.808 0.45012 0.053423 0.45967 0.259089 0.234327
-202.258 -2.38237 465.85 0.44094 0.0504727 0.45967 0.259089 0.234327
-196.155 -2.89259 454.441 0.451954 0.0496094 0.45967 0.259089 0.234327
-213.3 5.93232 442.824 0.381889 0.144595 0.0382309 0.113824 -0.564726
-200.441 -2.38271 442.019 0.388664 0.14936 0.0382309 0.113824 -0.564726
-213.857 -1.88497 441.211 0.380333 0.147331 0.0382309 0.113824 -0.564726
-213.3 -2.10134 441.346 0.380622 0.148871 -0.0729533 -0.42643 -0.38232
-224.342 -2.38237 443.767 0.375781 0.14592 -0.0729533 -0.42643 -0.38232
-213.857 -1.88497 441.211 0.380333 0.147331 -0.0729533 -0.42643 -0.38232
-224.305 11.935 454.808 0.411048 0.0557438 -0.502959 0.173936 -0.223856
-224.342 -2.38237 443.767 0.401319 0.0513759 -0.502959 0.173936 -0.223856
-229.256 -2.22632 454.928 0.411501 0.0502049 -0.502959 0.173936 -0.223856
-213.3 260.069 451.058 0.394364 0.0550098 0.149914 0.012997 -0.557396
-209.886 235.098 451.394 0.395847 0.0642438 0.149914 0.012997 -0.557396
-213.3 216.669 450.046 0.392479 0.0702919 0.149914 0.012997 -0.557396
-217.805 201.598 454.808 0.416865 0.12334 -0.54737 0.0064819 0.183515
-219.609 49.2384 454.808 0.41159 0.0694095 -0.54737 0.0064819 0.183515
-217.94 58.8409 459.448 0.415518 0.0726892 -0.54737 0.0064819 0.183515
-217.805 201.598 454.808 0.416865 0.12334 -0.54737 0.0064819 -0.183515
-217.94 58.8409 450.168 0.407778 0.0732654 -0.54737 0.0064819 -0.183515
-219.609 49.2384 454.808 0.41159 0.0694095 -0.54737 0.0064819 -0.183515
-213.3 216.669 450.046 0.412652 0.12944 -0.227658 0.00628252 -0.530533
-213.3 47.3805 448.042 0.404765 0.0698588 -0.227658 0.00628252 -0.530533
-217.94 58.8409 450.168 0.407778 0.0732654 -0.227658 0.00628252 -0.530533
-213.3 216.669 450.046 0.392479 0.0702919 0.303627 0.00581473 -0.49103
-209.343 59.5527 450.632 0.390615 0.12599 0.303627 0.00581473 -0.49103
-213.3 47.3805 448.042 0.386337 0.129818 0.303627 0.00581473 -0.49103
-208.538 216.669 454.808 0.398229 0.070758 0.528057 0.00349699 -0.233403
-207.429 49.2384 454.808 0.394037 0.129702 0.528057 0.00349699 -0.233403
-209.343 59.5527 450.632 0.390615 0.12599 0.528057 0.00349699 -0.233403
-208.538 216.669 454.808 0.45151 0.128541 0.528057 0.00349699 0.233403
-209.343 59.5527 458.984 0.445135 0.0733346 0.528057 0.00349699 0.233403
-207.429 49.2384 454.808 0.44888 0.0695009 0.528057 0.00349699 0.233403
-213.3 216.669 459.57 0.44618 0.129133 0.303627 0.00581473 0.49103
-213.3 47.3805 461.575 0.441567 0.0695649 0.303627 0.00581473 0.49103
-209.343 59.5527 458.984 0.445135 0.0733346 0.303627 0.00581473 0.49103
-213.3 216.669 459.57 0.438455 0.133642 -0.227658 0.00628252 0.530534
-217.94 58.8409 459.448 0.428865 0.0988463 -0.227658 0.00628252 0.530534
-213.3 47.3805 461.575 0.432501 0.0948373 -0.227658 0.00628252 0.530534
-213.3 260.069 458.558 0.439959 0.143917 -0.149914 0.012997 0.557396
-216.714 235.098 458.222 0.436146 0.138664 -0.149914 0.012997 0.557396
-213.3 216.669 459.57 0.438455 0.133642 -0.149914 0.012997 0.557396
-209.55 260.069 454.808 0.451954 0.143946 0.557396 0.012997 0.149914
-209.886 235.098 458.222 0.4487 0.135161 0.557396 0.012997 0.149914
-208.538 216.669 454.808 0.45151 0.128541 0.557396 0.012997 0.149914
-249.916 244.419 464.911 0.739608 0.141797 -0.390023 0.170579 0.390023
-223.111 244.419 491.716 0.727952 0.139619 -0.390023 0.170579 0.390023
-213.3 350.574 455.1 0.739608 0.108579 -0.390023 0.170579 0.390023
-186.495 244.419 481.905 0.741234 0.0440375 0.532782 0.170579 0.142758
-176.684 244.419 445.289 0.752994 0.0417969 0.532782 0.170579 0.142758
-213.3 350.574 455.1 0.752994 0.0748644 0.532782 0.170579 0.142758
-240.105 244.419 428.295 0.722774 0.0427034 -0.532782 0.170579 -0.142759
-249.916 244.419 464.911 0.734719 0.0427034 -0.532782 0.170579 -0.142759
-213.3 350.574 455.1 0.72933 0.0752615 -0.532782 0.170579 -0.142759
-203.489 244.419 418.484 0.729578 0.106301 -0.142758 0.170579 -0.532782
-240.105 244.419 428.295 0.722774 0.100079 -0.142758 0.170579 -0.532782
-213.3 350.574 455.1 0.741234 0.0752615 -0.142758 0.170579 -0.532782
-223.111 244.419 491.716 0.727952 0.139619 0.142758 0.170579 0.532782
-186.495 244.419 481.905 0.721149 0.133396 0.142758 0.170579 0.532782
-213.3 350.574 455.1 0.739608 0.108579 0.142758 0.170579 0.532782
-176.684 244.419 445.289 0.741234 0.10848 0.390023 0.170579 -0.390023
-203.489 244.419 418.484 0.729578 0.106301 0.390023 0.170579 -0.390023
-213.3 350.574 455.1 0.741234 0.0752615 0.390023 0.170579 -0.390023
-186.495 244.419 481.905 0.739608 0.122405 1.17982e-07 -0.57735 -0
-223.111 244.419 491.716 0.750044 0.115941 1.17982e-07 -0.57735 -0
-249.916 244.419 464.911 0.760479 0.122405 1.17982e-07 -0.57735 -0
-249.916 244.419 464.911 0.760479 0.122405 1.17982e-07 -0.57735 -0
-176.684 244.419 445.289 0.739608 0.135333 1.17982e-07 -0.57735 -0
-186.495 244.419 481.905 0.739608 0.122405 1.17982e-07 -0.57735 -0
-249.916 244.419 464.911 0.760479 0.122405 1.17982e-07 -0.57735 -0
-240.105 244.419 428.295 0.760479 0.135333 1.17982e-07 -0.57735 -0
-176.684 244.419 445.289 0.739608 0.135333 1.17982e-07 -0.57735 -0
-240.105 244.419 428.295 0.760479 0.135333 1.17982e-07 -0.57735 -0
-203.489 244.419 418.484 0.750044 0.141797 1.17982e-07 -0.57735 -0
-176.684 244.419 445.289 0.739608 0.135333 1.17982e-07 -0.57735 -0
-233.712 208.294 490.455 0.683757 0.108168 0 0.192181 0.544426
-192.888 208.294 490.455 0.674609 0.101038 0 0.192181 0.544426
-213.3 308.449 455.1 0.695461 0.0766575 0 0.192181 0.544426
-172.476 208.294 455.1 0.721149 0.141797 0.471487 0.192181 -0.272213
-192.888 208.294 419.745 0.709445 0.13999 0.471487 0.192181 -0.272213
-213.3 308.449 455.1 0.721149 0.10848 0.471487 0.192181 -0.272213
-254.124 208.294 455.1 0.695461 0.109975 -0.471487 0.192181 0.272213
-233.712 208.294 490.455 0.683757 0.108168 -0.471487 0.192181 0.272213
-213.3 308.449 455.1 0.695461 0.0766575 -0.471487 0.192181 0.272213
-233.712 208.294 419.745 0.7539 0.10848 -0.471487 0.192181 -0.272213
-254.124 208.294 455.1 0.741234 0.105784 -0.471487 0.192181 -0.272213
-213.3 308.449 455.1 0.7539 0.0748644 -0.471487 0.192181 -0.272213
-192.888 208.294 490.455 0.766567 0.10848 0.471487 0.192181 0.272213
-172.476 208.294 455.1 0.7539 0.105784 0.471487 0.192181 0.272213
-213.3 308.449 455.1 0.766567 0.0748644 0.471487 0.192181 0.272213
-192.888 208.294 419.745 0.709445 0.13999 -2.03174e-07 0.192181 -0.544426
-233.712 208.294 419.745 0.700297 0.13286 -2.03174e-07 0.192181 -0.544426
-213.3 308.449 455.1 0.721149 0.10848 -2.03174e-07 0.192181 -0.544426
-172.476 208.294 455.1 0.700297 0.0875965 1.01729e-07 -0.57735 -0
-192.888 208.294 490.455 0.711536 0.0806353 1.01729e-07 -0.57735 -0
-233.712 208.294 490.455 0.722774 0.0875965 1.01729e-07 -0.57735 -0
-233.712 208.294 490.455 0.722774 0.0875965 1.01729e-07 -0.57735 -0
-254.124 208.294 455.1 0.722774 0.101519 1.01729e-07 -0.57735 -0
-172.476 208.294 455.1 0.700297 0.0875965 1.01729e-07 -0.57735 -0
-254.124 208.294 455.1 0.722774 0.101519 1.01729e-07 -0.57735 -0
-233.712 208.294 419.745 0.711536 0.10848 1.01729e-07 -0.57735 -0
-172.476 208.294 455.1 0.700297 0.0875965 1.01729e-07 -0.57735 -0
-233.712 208.294 419.745 0.711536 0.10848 1.01729e-07 -0.57735 -0
-192.888 208.294 419.745 0.700297 0.101519 1.01729e-07 -0.57735 -0
-172.476 208.294 455.1 0.700297 0.0875965 1.01729e-07 -0.57735 -0
-251.518 164.483 481.861 0.774609 0.141797 -0.211189 0.289167 0.452896
-209.234 164.483 501.578 0.760479 0.137384 -0.211189 0.289167 0.452896
-213.3 234.309 455.1 0.774609 0.114842 -0.211189 0.289167 0.452896
-171.015 164.483 474.818 0.683742 0.0535215 0.497814 0.289167 -0.0435532
-175.082 164.483 428.339 0.696674 0.0495943 0.497814 0.289167 -0.0435532
-213.3 234.309 455.1 0.696674 0.0766575 0.497814 0.289167 -0.0435532
-255.585 164.483 435.382 0.70972 0.0769278 -0.497814 0.289167 0.0435531
-251.518 164.483 481.861 0.700297 0.0666457 -0.497814 0.289167 0.0435531
-213.3 234.309 455.1 0.722422 0.0536459 -0.497814 0.289167 0.0435531
-217.366 164.483 408.622 0.722422 0.0806354 -0.286625 0.289167 -0.409343
-255.585 164.483 435.382 0.70972 0.0769278 -0.286625 0.289167 -0.409343
-213.3 234.309 455.1 0.722422 0.0536459 -0.286625 0.289167 -0.409343
-209.234 164.483 501.578 0.674609 0.0636932 0.286625 0.289167 0.409343
-171.015 164.483 474.818 0.683742 0.0535215 0.286625 0.289167 0.409343
-213.3 234.309 455.1 0.696674 0.0766575 0.286625 0.289167 0.409343
-175.082 164.483 428.339 0.752994 0.0524974 0.211189 0.289167 -0.452896
-217.366 164.483 408.622 0.767015 0.0476997 0.211189 0.289167 -0.452896
-213.3 234.309 455.1 0.767015 0.0748644 0.211189 0.289167 -0.452896
-171.015 164.483 474.818 0.674609 0.11793 0 -0.57735 -0
-209.234 164.483 501.578 0.687453 0.109975 0 -0.57735 -0
-251.518 164.483 481.861 0.700297 0.11793 0 -0.57735 -0
-251.518 164.483 481.861 0.700297 0.11793 0 -0.57735 -0
-255.585 164.483 435.382 0.700297 0.133841 0 -0.57735 -0
-171.015 164.483 474.818 0.674609 0.11793 0 -0.57735 -0
-255.585 164.483 435.382 0.700297 0.133841 0 -0.57735 -0
-175.082 164.483 428.339 0.674609 0.133841 0 -0.57735 -0
-171.015 164.483 474.818 0.674609 0.11793 0 -0.57735 -0
-255.585 164.483 435.382 0.700297 0.133841 0 -0.57735 -0
-217.366 164.483 408.622 0.687453 0.141797 0 -0.57735 -0
-175.082 164.483 428.339 0.674609 0.133841 0 -0.57735 -0
-259.956 130.483 455.1 0.774609 0.141797 -0.441261 0.271512 0.254762
-236.628 130.483 495.505 0.760479 0.137384 -0.441261 0.271512 0.254762
-213.3 206.309 455.1 0.774609 0.114842 -0.441261 0.271512 0.254762
-189.972 130.483 495.505 0.683742 0.0535215 0.441261 0.271512 0.254762
-166.644 130.483 455.1 0.696674 0.0495943 0.441261 0.271512 0.254762
-213.3 206.309 455.1 0.696674 0.0766575 0.441261 0.271512 0.254762
-236.628 130.483 414.695 0.70972 0.0769278 -0.441261 0.271512 -0.254762
-259.956 130.483 455.1 0.700297 0.0666457 -0.441261 0.271512 -0.254762
-213.3 206.309 455.1 0.722422 0.0536459 -0.441261 0.271512 -0.254762
-189.972 130.483 414.695 0.722422 0.0806354 -2.19767e-07 0.271512 -0.509524
-236.628 130.483 414.695 0.70972 0.0769278 -2.19767e-07 0.271512 -0.509524
-213.3 206.309 455.1 0.722422 0.0536459 -2.19767e-07 0.271512 -0.509524
-236.628 130.483 495.505 0.674609 0.0636932 0 0.271512 0.509524
-189.972 130.483 495.505 0.683742 0.0535215 0 0.271512 0.509524
-213.3 206.309 455.1 0.696674 0.0766575 0 0.271512 0.509524
-166.644 130.483 455.1 0.752994 0.0524974 0.441261 0.271512 -0.254762
-189.972 130.483 414.695 0.767015 0.0476997 0.441261 0.271512 -0.254762
-213.3 206.309 455.1 0.767015 0.0748644 0.441261 0.271512 -0.254762
-189.972 130.483 495.505 0.674609 0.11793 0 -0.57735 -0
-236.628 130.483 495.505 0.687453 0.109975 0 -0.57735 -0
-259.956 130.483 455.1 0.700297 0.11793 0 -0.57735 -0
-259.956 130.483 455.1 0.700297 0.11793 0 -0.57735 -0
-166.644 130.483 455.1 0.674609 0.133841 0 -0.57735 -0
-189.972 130.483 495.505 0.674609 0.11793 0 -0.57735 -0
-259.956 130.483 455.1 0.700297 0.11793 0 -0.57735 -0
-236.628 130.483 414.695 0.700297 0.133841 0 -0.57735 -0
-166.644 130.483 455.1 0.674609 0.133841 0 -0.57735 -0
-236.628 130.483 414.695 0.700297 0.133841 0 -0.57735 -0
-189.972 130.483 414.695 0.687453 0.141797 0 -0.57735 -0
-166.644 130.483 455.1 0.674609 0.133841 0 -0.57735 -0
