Vertex Count: 288

Data:

-290 12.6865 174.773 0.0671694 0.0722983 0.204124 -0.408248 0.353553
-290 22.6865 186.32 0.0847609 0.0622774 0.204124 -0.408248 0.353553
-300 12.6865 180.547 0.0791539 0.0820754 0.204124 -0.408248 0.353553
-290 12.6865 174.773 0.0671694 0.0722983 0.204124 -0.408248 0.353553
-300 12.6865 180.547 0.0791539 0.0820754 0.204124 -0.408248 0.353553
-300 2.68652 169 0.0615624 0.0920963 0.204124 -0.408248 0.353553
-290 12.6865 174.773 0.0671694 0.0722983 0.433013 -0.288675 0.25
-280 22.6865 169 0.0617253 0.0541144 0.433013 -0.288675 0.25
-290 22.6865 186.32 0.0847609 0.0622774 0.433013 -0.288675 0.25
-280 22.6865 169 0.0617253 0.0541144 0.474826 -0.180886 0.274141
-284 26.1865 178.238 0.0754389 0.0541144 0.474826 -0.180886 0.274141
-290 22.6865 186.32 0.0847609 0.0622774 0.474826 -0.180886 0.274141
-284 26.1865 178.238 0.0359058 0.0877687 0.190094 0.4345 0.329252
-294 29.6865 179.392 0.0364171 0.10214 0.190094 0.4345 0.329252
-300 26.1865 187.475 0.0247301 0.110114 0.190094 0.4345 0.329252
-284 26.1865 178.238 0.0359058 0.0877687 0.190094 0.4345 0.329252
-300 26.1865 187.475 0.0247301 0.110114 0.190094 0.4345 0.329252
-290 22.6865 186.32 0.0242187 0.0957426 0.190094 0.4345 0.329252
-284 26.1865 178.238 0.0359058 0.0877687 0.19868 0.529813 0.114708
-288 29.6865 169 0.0489898 0.0928677 0.19868 0.529813 0.114708
-294 29.6865 179.392 0.0364171 0.10214 0.19868 0.529813 0.114708
-290 12.6865 163.227 0.110949 0.0718564 0.408248 -0.408248 -8.42937e-08
-280 22.6865 169 0.124219 0.0562478 0.408248 -0.408248 -8.42937e-08
-290 12.6865 174.773 0.124219 0.0750635 0.408248 -0.408248 -8.42937e-08
-290 12.6865 163.227 0.110949 0.0718564 0.408248 -0.408248 -8.42937e-08
-290 12.6865 174.773 0.124219 0.0750635 0.408248 -0.408248 -8.42937e-08
-300 2.68652 169 0.110949 0.090672 0.408248 -0.408248 -8.42937e-08
-290 12.6865 163.227 0.110949 0.0718564 0.433013 -0.288675 -0.25
-290 22.6865 151.68 0.0976789 0.0562478 0.433013 -0.288675 -0.25
-280 22.6865 169 0.124219 0.0562478 0.433013 -0.288675 -0.25
-290 22.6865 151.68 0.0976789 0.0562478 0.474826 -0.180886 -0.274141
-284 26.1865 159.762 0.110949 0.051266 0.474826 -0.180886 -0.274141
-280 22.6865 169 0.124219 0.0562478 0.474826 -0.180886 -0.274141
-284 26.1865 159.762 0.0582572 0.0853877 0.380188 0.4345 -7.00892e-08
-288 29.6865 169 0.0489898 0.0928677 0.380188 0.4345 -7.00892e-08
-284 26.1865 178.238 0.0359058 0.0877687 0.380188 0.4345 -7.00892e-08
-284 26.1865 159.762 0.0582572 0.0853877 0.380188 0.4345 -7.00892e-08
-284 26.1865 178.238 0.0359058 0.0877687 0.380188 0.4345 -7.00892e-08
-280 22.6865 169 0.0451732 0.0802887 0.380188 0.4345 -7.00892e-08
-284 26.1865 159.762 0.0582572 0.0853877 0.19868 0.529813 -0.114708
-294 29.6865 158.608 0.0615624 0.0994614 0.19868 0.529813 -0.114708
-288 29.6865 169 0.0489898 0.0928677 0.19868 0.529813 -0.114708
-300 12.6865 157.453 0.0976789 0.0750635 0.204124 -0.408248 -0.353553
-290 22.6865 151.68 0.0976789 0.0562478 0.204124 -0.408248 -0.353553
-290 12.6865 163.227 0.110949 0.0718564 0.204124 -0.408248 -0.353553
-300 12.6865 157.453 0.0976789 0.0750635 0.204124 -0.408248 -0.353553
-290 12.6865 163.227 0.110949 0.0718564 0.204124 -0.408248 -0.353553
-300 2.68652 169 0.110949 0.090672 0.204124 -0.408248 -0.353553
-300 12.6865 157.453 0.0791539 0.120057 0 -0.288675 -0.5
-310 22.6865 151.68 0.0847609 0.100259 0 -0.288675 -0.5
-290 22.6865 151.68 0.0976789 0.121427 0 -0.288675 -0.5
-310 22.6865 151.68 0.0847609 0.100259 -6.41932e-08 -0.180886 -0.548282
-300 26.1865 150.525 0.0946141 0.107739 -6.41932e-08 -0.180886 -0.548282
-290 22.6865 151.68 0.0976789 0.121427 -6.41932e-08 -0.180886 -0.548282
-300 26.1865 150.525 0.0310713 0.067736 0.190094 0.4345 -0.329252
-294 29.6865 158.608 0.0449867 0.0693051 0.190094 0.4345 -0.329252
-284 26.1865 159.762 0.0499055 0.0802887 0.190094 0.4345 -0.329252
-300 26.1865 150.525 0.0310713 0.067736 0.190094 0.4345 -0.329252
-284 26.1865 159.762 0.0499055 0.0802887 0.190094 0.4345 -0.329252
-290 22.6865 151.68 0.0359901 0.0787196 0.190094 0.4345 -0.329252
-300 26.1865 150.525 0.0310713 0.067736 0 0.529813 -0.229416
-306 29.6865 158.608 0.0379239 0.0551834 0 0.529813 -0.229416
-294 29.6865 158.608 0.0449867 0.0693051 0 0.529813 -0.229416
-310 12.6865 163.227 0.0671694 0.11028 -0.204124 -0.408248 -0.353553
-310 22.6865 151.68 0.0847609 0.100259 -0.204124 -0.408248 -0.353553
-300 12.6865 157.453 0.0791539 0.120057 -0.204124 -0.408248 -0.353553
-310 12.6865 163.227 0.0671694 0.11028 -0.204124 -0.408248 -0.353553
-300 12.6865 157.453 0.0791539 0.120057 -0.204124 -0.408248 -0.353553
-300 2.68652 169 0.0615624 0.130078 -0.204124 -0.408248 -0.353553
-310 12.6865 163.227 0.0671694 0.11028 -0.433013 -0.288675 -0.25
-320 22.6865 169 0.0617253 0.0920963 -0.433013 -0.288675 -0.25
-310 22.6865 151.68 0.0847609 0.100259 -0.433013 -0.288675 -0.25
-320 22.6865 169 0.0617253 0.0920963 -0.474827 -0.180886 -0.274141
-316 26.1865 159.762 0.0754389 0.0920963 -0.474827 -0.180886 -0.274141
-310 22.6865 151.68 0.0847609 0.100259 -0.474827 -0.180886 -0.274141
-316 26.1865 159.762 0.0310713 0.0426308 -0.190094 0.4345 -0.329252
-306 29.6865 158.608 0.0379239 0.0551834 -0.190094 0.4345 -0.329252
-300 26.1865 150.525 0.0310713 0.067736 -0.190094 0.4345 -0.329252
-316 26.1865 159.762 0.0310713 0.0426308 -0.190094 0.4345 -0.329252
-300 26.1865 150.525 0.0310713 0.067736 -0.190094 0.4345 -0.329252
-310 22.6865 151.68 0.0242187 0.0551834 -0.190094 0.4345 -0.329252
-316 26.1865 159.762 0.0310713 0.0426308 -0.19868 0.529813 -0.114708
-312 29.6865 169 0.0449867 0.0410617 -0.19868 0.529813 -0.114708
-306 29.6865 158.608 0.0379239 0.0551834 -0.19868 0.529813 -0.114708
-310 12.6865 174.773 0.110949 0.111262 -0.408248 -0.408248 -0
-320 22.6865 169 0.124219 0.095654 -0.408248 -0.408248 -0
-310 12.6865 163.227 0.124219 0.11447 -0.408248 -0.408248 -0
-310 12.6865 174.773 0.110949 0.111262 -0.408248 -0.408248 -0
-310 12.6865 163.227 0.124219 0.11447 -0.408248 -0.408248 -0
-300 2.68652 169 0.110949 0.130078 -0.408248 -0.408248 -0
-310 12.6865 174.773 0.110949 0.111262 -0.433013 -0.288675 0.25
-310 22.6865 186.32 0.0976789 0.0956539 -0.433013 -0.288675 0.25
-320 22.6865 169 0.124219 0.095654 -0.433013 -0.288675 0.25
-310 22.6865 186.32 0.0976789 0.0956539 -0.474826 -0.180887 0.274141
-316 26.1865 178.238 0.110949 0.090672 -0.474826 -0.180887 0.274141
-320 22.6865 169 0.124219 0.095654 -0.474826 -0.180887 0.274141
-316 26.1865 178.238 0.0499055 0.0300781 -0.380188 0.4345 8.76115e-08
-312 29.6865 169 0.0449867 0.0410617 -0.380188 0.4345 8.76115e-08
-316 26.1865 159.762 0.0310713 0.0426308 -0.380188 0.4345 8.76115e-08
-316 26.1865 178.238 0.0499055 0.0300781 -0.380188 0.4345 8.76115e-08
-316 26.1865 159.762 0.0310713 0.0426308 -0.380188 0.4345 8.76115e-08
-320 22.6865 169 0.0359901 0.0316472 -0.380188 0.4345 8.76115e-08
-316 26.1865 178.238 0.0359058 0.130078 -0.19868 0.529813 0.114708
-306 29.6865 179.392 0.0364171 0.118006 -0.19868 0.529813 0.114708
-312 29.6865 169 0.0489898 0.1246 -0.19868 0.529813 0.114708
-300 12.6865 180.547 0.0976789 0.11447 -0.204124 -0.408248 0.353553
-310 22.6865 186.32 0.0976789 0.0956539 -0.204124 -0.408248 0.353553
-310 12.6865 174.773 0.110949 0.111262 -0.204124 -0.408248 0.353553
-300 12.6865 180.547 0.0976789 0.11447 -0.204124 -0.408248 0.353553
-310 12.6865 174.773 0.110949 0.111262 -0.204124 -0.408248 0.353553
-300 2.68652 169 0.110949 0.130078 -0.204124 -0.408248 0.353553
-300 12.6865 180.547 0.0791539 0.0820754 0 -0.288675 0.5
-290 22.6865 186.32 0.0847609 0.0622774 0 -0.288675 0.5
-310 22.6865 186.32 0.0976789 0.0834454 0 -0.288675 0.5
-290 22.6865 186.32 0.0847609 0.0622774 6.41932e-08 -0.180886 0.548282
-300 26.1865 187.475 0.0946141 0.0697576 6.41932e-08 -0.180886 0.548282
-310 22.6865 186.32 0.0976789 0.0834454 6.41932e-08 -0.180886 0.548282
-300 26.1865 187.475 0.0247301 0.110114 -0.190094 0.4345 0.329252
-306 29.6865 179.392 0.0364171 0.118006 -0.190094 0.4345 0.329252
-316 26.1865 178.238 0.0359058 0.130078 -0.190094 0.4345 0.329252
-300 26.1865 187.475 0.0247301 0.110114 -0.190094 0.4345 0.329252
-316 26.1865 178.238 0.0359058 0.130078 -0.190094 0.4345 0.329252
-310 22.6865 186.32 0.0242187 0.122186 -0.190094 0.4345 0.329252
-300 26.1865 187.475 0.0247301 0.110114 0 0.529813 0.229416
-294 29.6865 179.392 0.0364171 0.10214 0 0.529813 0.229416
-306 29.6865 179.392 0.0364171 0.118006 0 0.529813 0.229416
-294 29.6865 179.392 0.0364171 0.10214 0 0.57735 -0
-300 29.6865 169 0.0489898 0.108734 0 0.57735 -0
-306 29.6865 179.392 0.0364171 0.118006 0 0.57735 -0
-300 29.6865 169 0.0489898 0.108734 0 0.57735 -0
-294 29.6865 179.392 0.0364171 0.10214 0 0.57735 -0
-288 29.6865 169 0.0489898 0.0928677 0 0.57735 -0
-300 29.6865 169 0.0489898 0.108734 0 0.57735 -0
-288 29.6865 169 0.0489898 0.0928677 0 0.57735 -0
-294 29.6865 158.608 0.0615624 0.0994614 0 0.57735 -0
-300 29.6865 169 0.0489898 0.108734 0 0.57735 -0
-294 29.6865 158.608 0.0615624 0.0994614 0 0.57735 -0
-306 29.6865 158.608 0.0615624 0.115327 0 0.57735 -0
-300 29.6865 169 0.0489898 0.108734 0 0.57735 -0
-306 29.6865 158.608 0.0615624 0.115327 0 0.57735 -0
-312 29.6865 169 0.0489898 0.1246 1.10379e-07 0.57735 -0
-300 29.6865 169 0.0489898 0.108734 0 0.57735 -0
-312 29.6865 169 0.0489898 0.1246 1.10379e-07 0.57735 -0
-306 29.6865 179.392 0.0364171 0.118006 0 0.57735 -0
-290.2 22.6916 185.974 0.0847609 0.0622774 -0.20415 0.408196 -0.353599
-290.247 12.9668 174.631 0.0671694 0.0722983 -0.20415 0.408196 -0.353599
-300 3.08652 169 0.0615624 0.0920963 -0.20415 0.408196 -0.353599
-290.2 22.6916 185.974 0.0847609 0.0622774 -0.20415 0.408196 -0.353599
-300 3.08652 169 0.0615624 0.0920963 -0.20415 0.408196 -0.353599
-300 12.9668 180.262 0.0791539 0.0820754 -0.20415 0.408196 -0.353599
-280.4 22.6916 169 0.0617253 0.0541144 -0.431121 0.292426 -0.248908
-290.247 12.9668 174.631 0.0671694 0.0722983 -0.431121 0.292426 -0.248908
-290.2 22.6916 185.974 0.0847609 0.0622774 -0.431121 0.292426 -0.248908
-284.312 26.0137 178.057 0.0754389 0.0541144 -0.472915 0.187445 -0.273037
-280.4 22.6916 169 0.0617253 0.0541144 -0.472915 0.187445 -0.273037
-290.2 22.6916 185.974 0.0847609 0.0622774 -0.472915 0.187445 -0.273037
-294.07 29.3121 179.27 0.0364171 0.10214 -0.187632 -0.43876 -0.324988
-284.312 26.0137 178.057 0.0359058 0.0877687 -0.187632 -0.43876 -0.324988
-290.2 22.6916 185.974 0.0242187 0.0957426 -0.187632 -0.43876 -0.324988
-294.07 29.3121 179.27 0.0364171 0.10214 -0.187632 -0.43876 -0.324988
-290.2 22.6916 185.974 0.0242187 0.0957426 -0.187632 -0.43876 -0.324988
-300 26.0137 187.115 0.0247301 0.110114 -0.187632 -0.43876 -0.324988
-288.141 29.3121 169 0.0489898 0.0928677 -0.193811 -0.532212 -0.111896
-284.312 26.0137 178.057 0.0359058 0.0877687 -0.193811 -0.532212 -0.111896
-294.07 29.3121 179.27 0.0364171 0.10214 -0.193811 -0.532212 -0.111896
-280.4 22.6916 169 0.124219 0.0562478 -0.4083 0.408196 -0
-290.247 12.9668 163.369 0.110949 0.0718564 -0.4083 0.408196 -0
-300 3.08652 169 0.110949 0.090672 -0.4083 0.408196 -0
-280.4 22.6916 169 0.124219 0.0562478 -0.4083 0.408196 -0
-300 3.08652 169 0.110949 0.090672 -0.4083 0.408196 -0
-290.247 12.9668 174.631 0.124219 0.0750635 -0.4083 0.408196 -0
-290.2 22.6916 152.026 0.0976789 0.0562478 -0.431121 0.292426 0.248908
-290.247 12.9668 163.369 0.110949 0.0718564 -0.431121 0.292426 0.248908
-280.4 22.6916 169 0.124219 0.0562478 -0.431121 0.292426 0.248908
-284.312 26.0137 159.943 0.110949 0.051266 -0.472915 0.187444 0.273037
-290.2 22.6916 152.026 0.0976789 0.0562478 -0.472915 0.187444 0.273037
-280.4 22.6916 169 0.124219 0.0562478 -0.472915 0.187444 0.273037
-288.141 29.3121 169 0.0489898 0.0928677 -0.375264 -0.43876 -0
-284.312 26.0137 159.943 0.0582572 0.0853877 -0.375264 -0.43876 -0
-280.4 22.6916 169 0.0451732 0.0802887 -0.375264 -0.43876 -0
-288.141 29.3121 169 0.0489898 0.0928677 -0.375264 -0.43876 -0
-280.4 22.6916 169 0.0451732 0.0802887 -0.375264 -0.43876 -0
-284.312 26.0137 178.057 0.0359058 0.0877687 -0.375264 -0.43876 -0
-294.07 29.3121 158.73 0.0615624 0.0994614 -0.19381 -0.532212 0.111897
-284.312 26.0137 159.943 0.0582572 0.0853877 -0.19381 -0.532212 0.111897
-288.141 29.3121 169 0.0489898 0.0928677 -0.19381 -0.532212 0.111897
-290.2 22.6916 152.026 0.0976789 0.0562478 -0.20415 0.408196 0.353599
-300 12.9668 157.738 0.0976789 0.0750635 -0.20415 0.408196 0.353599
-300 3.08652 169 0.110949 0.090672 -0.20415 0.408196 0.353599
-290.2 22.6916 152.026 0.0976789 0.0562478 -0.20415 0.408196 0.353599
-300 3.08652 169 0.110949 0.090672 -0.20415 0.408196 0.353599
-290.247 12.9668 163.369 0.110949 0.0718564 -0.20415 0.408196 0.353599
-309.8 22.6916 152.026 0.0847609 0.100259 6.2269e-08 0.292426 0.497816
-300 12.9668 157.738 0.0791539 0.120057 6.2269e-08 0.292426 0.497816
-290.2 22.6916 152.026 0.0976789 0.121427 6.2269e-08 0.292426 0.497816
-300 26.0137 150.885 0.0946141 0.107739 6.98191e-08 0.187444 0.546075
-309.8 22.6916 152.026 0.0847609 0.100259 6.98191e-08 0.187444 0.546075
-290.2 22.6916 152.026 0.0976789 0.121427 6.98191e-08 0.187444 0.546075
-294.07 29.3121 158.73 0.0449867 0.0693051 -0.187632 -0.43876 0.324988
-300 26.0137 150.885 0.0310713 0.067736 -0.187632 -0.43876 0.324988
-290.2 22.6916 152.026 0.0359901 0.0787196 -0.187632 -0.43876 0.324988
-294.07 29.3121 158.73 0.0449867 0.0693051 -0.187632 -0.43876 0.324988
-290.2 22.6916 152.026 0.0359901 0.0787196 -0.187632 -0.43876 0.324988
-284.312 26.0137 159.943 0.0499055 0.0802887 -0.187632 -0.43876 0.324988
-305.93 29.3121 158.73 0.0379239 0.0551834 0 -0.532212 0.223793
-300 26.0137 150.885 0.0310713 0.067736 0 -0.532212 0.223793
-294.07 29.3121 158.73 0.0449867 0.0693051 0 -0.532212 0.223793
-309.8 22.6916 152.026 0.0847609 0.100259 0.20415 0.408196 0.353599
-309.753 12.9668 163.369 0.0671694 0.11028 0.20415 0.408196 0.353599
-300 3.08652 169 0.0615624 0.130078 0.20415 0.408196 0.353599
-309.8 22.6916 152.026 0.0847609 0.100259 0.20415 0.408196 0.353599
-300 3.08652 169 0.0615624 0.130078 0.20415 0.408196 0.353599
-300 12.9668 157.738 0.0791539 0.120057 0.20415 0.408196 0.353599
-319.6 22.6916 169 0.0617253 0.0920963 0.431121 0.292426 0.248908
-309.753 12.9668 163.369 0.0671694 0.11028 0.431121 0.292426 0.248908
-309.8 22.6916 152.026 0.0847609 0.100259 0.431121 0.292426 0.248908
-315.688 26.0137 159.943 0.0754389 0.0920963 0.472915 0.187445 0.273037
-319.6 22.6916 169 0.0617253 0.0920963 0.472915 0.187445 0.273037
-309.8 22.6916 152.026 0.0847609 0.100259 0.472915 0.187445 0.273037
-305.93 29.3121 158.73 0.0379239 0.0551834 0.187632 -0.43876 0.324988
-315.688 26.0137 159.943 0.0310713 0.0426308 0.187632 -0.43876 0.324988
-309.8 22.6916 152.026 0.0242187 0.0551834 0.187632 -0.43876 0.324988
-305.93 29.3121 158.73 0.0379239 0.0551834 0.187632 -0.43876 0.324988
-309.8 22.6916 152.026 0.0242187 0.0551834 0.187632 -0.43876 0.324988
-300 26.0137 150.885 0.0310713 0.067736 0.187632 -0.43876 0.324988
-311.859 29.3121 169 0.0449867 0.0410617 0.19381 -0.532212 0.111896
-315.688 26.0137 159.943 0.0310713 0.0426308 0.19381 -0.532212 0.111896
-305.93 29.3121 158.73 0.0379239 0.0551834 0.19381 -0.532212 0.111896
-319.6 22.6916 169 0.124219 0.095654 0.4083 0.408196 -0
-309.753 12.9668 174.631 0.110949 0.111262 0.4083 0.408196 -0
-300 3.08652 169 0.110949 0.130078 0.4083 0.408196 -0
-319.6 22.6916 169 0.124219 0.095654 0.4083 0.408196 -0
-300 3.08652 169 0.110949 0.130078 0.4083 0.408196 -0
-309.753 12.9668 163.369 0.124219 0.11447 0.4083 0.408196 -0
-309.8 22.6916 185.974 0.0976789 0.0956539 0.431121 0.292426 -0.248908
-309.753 12.9668 174.631 0.110949 0.111262 0.431121 0.292426 -0.248908
-319.6 22.6916 169 0.124219 0.095654 0.431121 0.292426 -0.248908
-315.688 26.0137 178.057 0.110949 0.090672 0.472915 0.187445 -0.273037
-309.8 22.6916 185.974 0.0976789 0.0956539 0.472915 0.187445 -0.273037
-319.6 22.6916 169 0.124219 0.095654 0.472915 0.187445 -0.273037
-311.859 29.3121 169 0.0449867 0.0410617 0.375264 -0.43876 -0
-315.688 26.0137 178.057 0.0499055 0.0300781 0.375264 -0.43876 -0
-319.6 22.6916 169 0.0359901 0.0316472 0.375264 -0.43876 -0
-311.859 29.3121 169 0.0449867 0.0410617 0.375264 -0.43876 -0
-319.6 22.6916 169 0.0359901 0.0316472 0.375264 -0.43876 -0
-315.688 26.0137 159.943 0.0310713 0.0426308 0.375264 -0.43876 -0
-305.93 29.3121 179.27 0.0364171 0.118006 0.19381 -0.532212 -0.111897
-315.688 26.0137 178.057 0.0359058 0.130078 0.19381 -0.532212 -0.111897
-311.859 29.3121 169 0.0489898 0.1246 0.19381 -0.532212 -0.111897
-309.8 22.6916 185.974 0.0976789 0.0956539 0.20415 0.408196 -0.353599
-300 12.9668 180.262 0.0976789 0.11447 0.20415 0.408196 -0.353599
-300 3.08652 169 0.110949 0.130078 0.20415 0.408196 -0.353599
-309.8 22.6916 185.974 0.0976789 0.0956539 0.20415 0.408196 -0.353599
-300 3.08652 169 0.110949 0.130078 0.20415 0.408196 -0.353599
-309.753 12.9668 174.631 0.110949 0.111262 0.20415 0.408196 -0.353599
-290.2 22.6916 185.974 0.0847609 0.0622774 -6.2269e-08 0.292426 -0.497816
-300 12.9668 180.262 0.0791539 0.0820754 -6.2269e-08 0.292426 -0.497816
-309.8 22.6916 185.974 0.0976789 0.0834454 -6.2269e-08 0.292426 -0.497816
-300 26.0137 187.115 0.0946141 0.0697576 -6.98191e-08 0.187444 -0.546075
-290.2 22.6916 185.974 0.0847609 0.0622774 -6.98191e-08 0.187444 -0.546075
-309.8 22.6916 185.974 0.0976789 0.0834454 -6.98191e-08 0.187444 -0.546075
-305.93 29.3121 179.27 0.0364171 0.118006 0.187632 -0.43876 -0.324988
-300 26.0137 187.115 0.0247301 0.110114 0.187632 -0.43876 -0.324988
-309.8 22.6916 185.974 0.0242187 0.122186 0.187632 -0.43876 -0.324988
-305.93 29.3121 179.27 0.0364171 0.118006 0.187632 -0.43876 -0.324988
-309.8 22.6916 185.974 0.0242187 0.122186 0.187632 -0.43876 -0.324988
-315.688 26.0137 178.057 0.0359058 0.130078 0.187632 -0.43876 -0.324988
-294.07 29.3121 179.27 0.0364171 0.10214 0 -0.532212 -0.223793
-300 26.0137 187.115 0.0247301 0.110114 0 -0.532212 -0.223793
-305.93 29.3121 179.27 0.0364171 0.118006 0 -0.532212 -0.223793
-300 29.2865 169 0.0489898 0.108734 0 -0.577348 0.00143699
-294.07 29.3121 179.27 0.0364171 0.10214 0 -0.577348 0.00143699
-305.93 29.3121 179.27 0.0364171 0.118006 0 -0.577348 0.00143699
-294.07 29.3121 179.27 0.0364171 0.10214 0 -0.577348 0.00143699
-300 29.2865 169 0.0489898 0.108734 0 -0.577348 0.00143699
-288.141 29.3121 169 0.0489898 0.0928677 0.0012445 -0.577348 0.000718494
-288.141 29.3121 169 0.0489898 0.0928677 0.0012445 -0.577348 0.000718494
-300 29.2865 169 0.0489898 0.108734 0 -0.577348 0.00143699
-294.07 29.3121 158.73 0.0615624 0.0994614 0.0012445 -0.577348 -0.000718494
-294.07 29.3121 158.73 0.0615624 0.0994614 0.0012445 -0.577348 -0.000718494
-300 29.2865 169 0.0489898 0.108734 0 -0.577348 0.00143699
-305.93 29.3121 158.73 0.0615624 0.115327 0 -0.577348 -0.00143699
-305.93 29.3121 158.73 0.0615624 0.115327 0 -0.577348 -0.00143699
-300 29.2865 169 0.0489898 0.108734 0 -0.577348 0.00143699
-311.859 29.3121 169 0.0489898 0.1246 -0.00124455 -0.577348 -0.000718494
-311.859 29.3121 169 0.0489898 0.1246 -0.00124455 -0.577348 -0.000718494
-300 29.2865 169 0.0489898 0.108734 0 -0.577348 0.00143699
-305.93 29.3121 179.27 0.0364171 0.118006 0 -0.577348 0.00143699
