Vertex Count: 288

Data:

-278 12.6865 260.773 0.0671694 0.0722983 0.204124 -0.408248 0.353553
-278 22.6865 272.32 0.0847609 0.0622774 0.204124 -0.408248 0.353553
-288 12.6865 266.547 0.0791539 0.0820754 0.204124 -0.408248 0.353553
-278 12.6865 260.773 0.0671694 0.0722983 0.204124 -0.408248 0.353553
-288 12.6865 266.547 0.0791539 0.0820754 0.204124 -0.408248 0.353553
-288 2.68652 255 0.0615624 0.0920963 0.204124 -0.408248 0.353553
-278 12.6865 260.773 0.0671694 0.0722983 0.433013 -0.288675 0.25
-268 22.6865 255 0.0617253 0.0541144 0.433013 -0.288675 0.25
-278 22.6865 272.32 0.0847609 0.0622774 0.433013 -0.288675 0.25
-268 22.6865 255 0.0617253 0.0541144 0.474826 -0.180886 0.274141
-272 26.1865 264.238 0.0754389 0.0541144 0.474826 -0.180886 0.274141
-278 22.6865 272.32 0.0847609 0.0622774 0.474826 -0.180886 0.274141
-272 26.1865 264.238 0.0359058 0.0877687 0.190094 0.4345 0.329252
-282 29.6865 265.392 0.0364171 0.10214 0.190094 0.4345 0.329252
-288 26.1865 273.475 0.0247301 0.110114 0.190094 0.4345 0.329252
-272 26.1865 264.238 0.0359058 0.0877687 0.190094 0.4345 0.329252
-288 26.1865 273.475 0.0247301 0.110114 0.190094 0.4345 0.329252
-278 22.6865 272.32 0.0242187 0.0957426 0.190094 0.4345 0.329252
-272 26.1865 264.238 0.0359058 0.0877687 0.19868 0.529813 0.114708
-276 29.6865 255 0.0489898 0.0928677 0.19868 0.529813 0.114708
-282 29.6865 265.392 0.0364171 0.10214 0.19868 0.529813 0.114708
-278 12.6865 249.227 0.110949 0.0718564 0.408248 -0.408248 -8.42937e-08
-268 22.6865 255 0.124219 0.0562478 0.408248 -0.408248 -8.42937e-08
-278 12.6865 260.773 0.124219 0.0750635 0.408248 -0.408248 -8.42937e-08
-278 12.6865 249.227 0.110949 0.0718564 0.408248 -0.408248 -8.42937e-08
-278 12.6865 260.773 0.124219 0.0750635 0.408248 -0.408248 -8.42937e-08
-288 2.68652 255 0.110949 0.090672 0.408248 -0.408248 -8.42937e-08
-278 12.6865 249.227 0.110949 0.0718564 0.433013 -0.288675 -0.25
-278 22.6865 237.68 0.0976789 0.0562478 0.433013 -0.288675 -0.25
-268 22.6865 255 0.124219 0.0562478 0.433013 -0.288675 -0.25
-278 22.6865 237.68 0.0976789 0.0562478 0.474826 -0.180886 -0.274141
-272 26.1865 245.762 0.110949 0.051266 0.474826 -0.180886 -0.274141
-268 22.6865 255 0.124219 0.0562478 0.474826 -0.180886 -0.274141
-272 26.1865 245.762 0.0582572 0.0853877 0.380188 0.4345 -7.00892e-08
-276 29.6865 255 0.0489898 0.0928677 0.380188 0.4345 -7.00892e-08
-272 26.1865 264.238 0.0359058 0.0877687 0.380188 0.4345 -7.00892e-08
-272 26.1865 245.762 0.0582572 0.0853877 0.380188 0.4345 -7.00892e-08
-272 26.1865 264.238 0.0359058 0.0877687 0.380188 0.4345 -7.00892e-08
-268 22.6865 255 0.0451732 0.0802887 0.380188 0.4345 -7.00892e-08
-272 26.1865 245.762 0.0582572 0.0853877 0.19868 0.529813 -0.114708
-282 29.6865 244.608 0.0615624 0.0994614 0.19868 0.529813 -0.114708
-276 29.6865 255 0.0489898 0.0928677 0.19868 0.529813 -0.114708
-288 12.6865 243.453 0.0976789 0.0750635 0.204124 -0.408248 -0.353553
-278 22.6865 237.68 0.0976789 0.0562478 0.204124 -0.408248 -0.353553
-278 12.6865 249.227 0.110949 0.0718564 0.204124 -0.408248 -0.353553
-288 12.6865 243.453 0.0976789 0.0750635 0.204124 -0.408248 -0.353553
-278 12.6865 249.227 0.110949 0.0718564 0.204124 -0.408248 -0.353553
-288 2.68652 255 0.110949 0.090672 0.204124 -0.408248 -0.353553
-288 12.6865 243.453 0.0791539 0.120057 0 -0.288675 -0.5
-298 22.6865 237.68 0.0847609 0.100259 0 -0.288675 -0.5
-278 22.6865 237.68 0.0976789 0.121427 0 -0.288675 -0.5
-298 22.6865 237.68 0.0847609 0.100259 -6.41932e-08 -0.180886 -0.548282
-288 26.1865 236.525 0.0946141 0.107739 -6.41932e-08 -0.180886 -0.548282
-278 22.6865 237.68 0.0976789 0.121427 -6.41932e-08 -0.180886 -0.548282
-288 26.1865 236.525 0.0310713 0.067736 0.190094 0.4345 -0.329252
-282 29.6865 244.608 0.0449867 0.0693051 0.190094 0.4345 -0.329252
-272 26.1865 245.762 0.0499055 0.0802887 0.190094 0.4345 -0.329252
-288 26.1865 236.525 0.0310713 0.067736 0.190094 0.4345 -0.329252
-272 26.1865 245.762 0.0499055 0.0802887 0.190094 0.4345 -0.329252
-278 22.6865 237.68 0.0359901 0.0787196 0.190094 0.4345 -0.329252
-288 26.1865 236.525 0.0310713 0.067736 0 0.529813 -0.229416
-294 29.6865 244.608 0.0379239 0.0551834 0 0.529813 -0.229416
-282 29.6865 244.608 0.0449867 0.0693051 0 0.529813 -0.229416
-298 12.6865 249.227 0.0671694 0.11028 -0.204124 -0.408248 -0.353553
-298 22.6865 237.68 0.0847609 0.100259 -0.204124 -0.408248 -0.353553
-288 12.6865 243.453 0.0791539 0.120057 -0.204124 -0.408248 -0.353553
-298 12.6865 249.227 0.0671694 0.11028 -0.204124 -0.408248 -0.353553
-288 12.6865 243.453 0.0791539 0.120057 -0.204124 -0.408248 -0.353553
-288 2.68652 255 0.0615624 0.130078 -0.204124 -0.408248 -0.353553
-298 12.6865 249.227 0.0671694 0.11028 -0.433013 -0.288675 -0.25
-308 22.6865 255 0.0617253 0.0920963 -0.433013 -0.288675 -0.25
-298 22.6865 237.68 0.0847609 0.100259 -0.433013 -0.288675 -0.25
-308 22.6865 255 0.0617253 0.0920963 -0.474827 -0.180886 -0.274141
-304 26.1865 245.762 0.0754389 0.0920963 -0.474827 -0.180886 -0.274141
-298 22.6865 237.68 0.0847609 0.100259 -0.474827 -0.180886 -0.274141
-304 26.1865 245.762 0.0310713 0.0426308 -0.190094 0.4345 -0.329252
-294 29.6865 244.608 0.0379239 0.0551834 -0.190094 0.4345 -0.329252
-288 26.1865 236.525 0.0310713 0.067736 -0.190094 0.4345 -0.329252
-304 26.1865 245.762 0.0310713 0.0426308 -0.190094 0.4345 -0.329252
-288 26.1865 236.525 0.0310713 0.067736 -0.190094 0.4345 -0.329252
-298 22.6865 237.68 0.0242187 0.0551834 -0.190094 0.4345 -0.329252
-304 26.1865 245.762 0.0310713 0.0426308 -0.19868 0.529813 -0.114708
-300 29.6865 255 0.0449867 0.0410617 -0.19868 0.529813 -0.114708
-294 29.6865 244.608 0.0379239 0.0551834 -0.19868 0.529813 -0.114708
-298 12.6865 260.773 0.110949 0.111262 -0.408248 -0.408248 -0
-308 22.6865 255 0.124219 0.095654 -0.408248 -0.408248 -0
-298 12.6865 249.227 0.124219 0.11447 -0.408248 -0.408248 -0
-298 12.6865 260.773 0.110949 0.111262 -0.408248 -0.408248 -0
-298 12.6865 249.227 0.124219 0.11447 -0.408248 -0.408248 -0
-288 2.68652 255 0.110949 0.130078 -0.408248 -0.408248 -0
-298 12.6865 260.773 0.110949 0.111262 -0.433013 -0.288675 0.25
-298 22.6865 272.32 0.0976789 0.0956539 -0.433013 -0.288675 0.25
-308 22.6865 255 0.124219 0.095654 -0.433013 -0.288675 0.25
-298 22.6865 272.32 0.0976789 0.0956539 -0.474826 -0.180887 0.274141
-304 26.1865 264.238 0.110949 0.090672 -0.474826 -0.180887 0.274141
-308 22.6865 255 0.124219 0.095654 -0.474826 -0.180887 0.274141
-304 26.1865 264.238 0.0499055 0.0300781 -0.380188 0.4345 8.76115e-08
-300 29.6865 255 0.0449867 0.0410617 -0.380188 0.4345 8.76115e-08
-304 26.1865 245.762 0.0310713 0.0426308 -0.380188 0.4345 8.76115e-08
-304 26.1865 264.238 0.0499055 0.0300781 -0.380188 0.4345 8.76115e-08
-304 26.1865 245.762 0.0310713 0.0426308 -0.380188 0.4345 8.76115e-08
-308 22.6865 255 0.0359901 0.0316472 -0.380188 0.4345 8.76115e-08
-304 26.1865 264.238 0.0359058 0.130078 -0.19868 0.529813 0.114708
-294 29.6865 265.392 0.0364171 0.118006 -0.19868 0.529813 0.114708
-300 29.6865 255 0.0489898 0.1246 -0.19868 0.529813 0.114708
-288 12.6865 266.547 0.0976789 0.11447 -0.204124 -0.408248 0.353553
-298 22.6865 272.32 0.0976789 0.0956539 -0.204124 -0.408248 0.353553
-298 12.6865 260.773 0.110949 0.111262 -0.204124 -0.408248 0.353553
-288 12.6865 266.547 0.0976789 0.11447 -0.204124 -0.408248 0.353553
-298 12.6865 260.773 0.110949 0.111262 -0.204124 -0.408248 0.353553
-288 2.68652 255 0.110949 0.130078 -0.204124 -0.408248 0.353553
-288 12.6865 266.547 0.0791539 0.0820754 0 -0.288675 0.5
-278 22.6865 272.32 0.0847609 0.0622774 0 -0.288675 0.5
-298 22.6865 272.32 0.0976789 0.0834454 0 -0.288675 0.5
-278 22.6865 272.32 0.0847609 0.0622774 6.41932e-08 -0.180886 0.548282
-288 26.1865 273.475 0.0946141 0.0697576 6.41932e-08 -0.180886 0.548282
-298 22.6865 272.32 0.0976789 0.0834454 6.41932e-08 -0.180886 0.548282
-288 26.1865 273.475 0.0247301 0.110114 -0.190094 0.4345 0.329252
-294 29.6865 265.392 0.0364171 0.118006 -0.190094 0.4345 0.329252
-304 26.1865 264.238 0.0359058 0.130078 -0.190094 0.4345 0.329252
-288 26.1865 273.475 0.0247301 0.110114 -0.190094 0.4345 0.329252
-304 26.1865 264.238 0.0359058 0.130078 -0.190094 0.4345 0.329252
-298 22.6865 272.32 0.0242187 0.122186 -0.190094 0.4345 0.329252
-288 26.1865 273.475 0.0247301 0.110114 0 0.529813 0.229416
-282 29.6865 265.392 0.0364171 0.10214 0 0.529813 0.229416
-294 29.6865 265.392 0.0364171 0.118006 0 0.529813 0.229416
-282 29.6865 265.392 0.0364171 0.10214 0 0.57735 -0
-288 29.6865 255 0.0489898 0.108734 0 0.57735 -0
-294 29.6865 265.392 0.0364171 0.118006 0 0.57735 -0
-288 29.6865 255 0.0489898 0.108734 0 0.57735 -0
-282 29.6865 265.392 0.0364171 0.10214 0 0.57735 -0
-276 29.6865 255 0.0489898 0.0928677 0 0.57735 -0
-288 29.6865 255 0.0489898 0.108734 0 0.57735 -0
-276 29.6865 255 0.0489898 0.0928677 0 0.57735 -0
-282 29.6865 244.608 0.0615624 0.0994614 0 0.57735 -0
-288 29.6865 255 0.0489898 0.108734 0 0.57735 -0
-282 29.6865 244.608 0.0615624 0.0994614 0 0.57735 -0
-294 29.6865 244.608 0.0615624 0.115327 0 0.57735 -0
-288 29.6865 255 0.0489898 0.108734 0 0.57735 -0
-294 29.6865 244.608 0.0615624 0.115327 0 0.57735 -0
-300 29.6865 255 0.0489898 0.1246 1.10379e-07 0.57735 -0
-288 29.6865 255 0.0489898 0.108734 0 0.57735 -0
-300 29.6865 255 0.0489898 0.1246 1.10379e-07 0.57735 -0
-294 29.6865 265.392 0.0364171 0.118006 0 0.57735 -0
-278.2 22.6916 271.974 0.0847609 0.0622774 -0.20415 0.408196 -0.353599
-278.247 12.9668 260.631 0.0671694 0.0722983 -0.20415 0.408196 -0.353599
-288 3.08652 255 0.0615624 0.0920963 -0.20415 0.408196 -0.353599
-278.2 22.6916 271.974 0.0847609 0.0622774 -0.20415 0.408196 -0.353599
-288 3.08652 255 0.0615624 0.0920963 -0.20415 0.408196 -0.353599
-288 12.9668 266.262 0.0791539 0.0820754 -0.20415 0.408196 -0.353599
-268.4 22.6916 255 0.0617253 0.0541144 -0.431121 0.292426 -0.248908
-278.247 12.9668 260.631 0.0671694 0.0722983 -0.431121 0.292426 -0.248908
-278.2 22.6916 271.974 0.0847609 0.0622774 -0.431121 0.292426 -0.248908
-272.312 26.0137 264.057 0.0754389 0.0541144 -0.472915 0.187445 -0.273037
-268.4 22.6916 255 0.0617253 0.0541144 -0.472915 0.187445 -0.273037
-278.2 22.6916 271.974 0.0847609 0.0622774 -0.472915 0.187445 -0.273037
-282.07 29.3121 265.271 0.0364171 0.10214 -0.187632 -0.43876 -0.324988
-272.312 26.0137 264.057 0.0359058 0.0877687 -0.187632 -0.43876 -0.324988
-278.2 22.6916 271.974 0.0242187 0.0957426 -0.187632 -0.43876 -0.324988
-282.07 29.3121 265.271 0.0364171 0.10214 -0.187632 -0.43876 -0.324988
-278.2 22.6916 271.974 0.0242187 0.0957426 -0.187632 -0.43876 -0.324988
-288 26.0137 273.115 0.0247301 0.110114 -0.187632 -0.43876 -0.324988
-276.141 29.3121 255 0.0489898 0.0928677 -0.193811 -0.532212 -0.111896
-272.312 26.0137 264.057 0.0359058 0.0877687 -0.193811 -0.532212 -0.111896
-282.07 29.3121 265.271 0.0364171 0.10214 -0.193811 -0.532212 -0.111896
-268.4 22.6916 255 0.124219 0.0562478 -0.4083 0.408196 -0
-278.247 12.9668 249.369 0.110949 0.0718564 -0.4083 0.408196 -0
-288 3.08652 255 0.110949 0.090672 -0.4083 0.408196 -0
-268.4 22.6916 255 0.124219 0.0562478 -0.4083 0.408196 -0
-288 3.08652 255 0.110949 0.090672 -0.4083 0.408196 -0
-278.247 12.9668 260.631 0.124219 0.0750635 -0.4083 0.408196 -0
-278.2 22.6916 238.026 0.0976789 0.0562478 -0.431121 0.292426 0.248908
-278.247 12.9668 249.369 0.110949 0.0718564 -0.431121 0.292426 0.248908
-268.4 22.6916 255 0.124219 0.0562478 -0.431121 0.292426 0.248908
-272.312 26.0137 245.943 0.110949 0.051266 -0.472915 0.187444 0.273037
-278.2 22.6916 238.026 0.0976789 0.0562478 -0.472915 0.187444 0.273037
-268.4 22.6916 255 0.124219 0.0562478 -0.472915 0.187444 0.273037
-276.141 29.3121 255 0.0489898 0.0928677 -0.375264 -0.43876 -0
-272.312 26.0137 245.943 0.0582572 0.0853877 -0.375264 -0.43876 -0
-268.4 22.6916 255 0.0451732 0.0802887 -0.375264 -0.43876 -0
-276.141 29.3121 255 0.0489898 0.0928677 -0.375264 -0.43876 -0
-268.4 22.6916 255 0.0451732 0.0802887 -0.375264 -0.43876 -0
-272.312 26.0137 264.057 0.0359058 0.0877687 -0.375264 -0.43876 -0
-282.07 29.3121 244.73 0.0615624 0.0994614 -0.19381 -0.532212 0.111897
-272.312 26.0137 245.943 0.0582572 0.0853877 -0.19381 -0.532212 0.111897
-276.141 29.3121 255 0.0489898 0.0928677 -0.19381 -0.532212 0.111897
-278.2 22.6916 238.026 0.0976789 0.0562478 -0.20415 0.408196 0.353599
-288 12.9668 243.738 0.0976789 0.0750635 -0.20415 0.408196 0.353599
-288 3.08652 255 0.110949 0.090672 -0.20415 0.408196 0.353599
-278.2 22.6916 238.026 0.0976789 0.0562478 -0.20415 0.408196 0.353599
-288 3.08652 255 0.110949 0.090672 -0.20415 0.408196 0.353599
-278.247 12.9668 249.369 0.110949 0.0718564 -0.20415 0.408196 0.353599
-297.8 22.6916 238.026 0.0847609 0.100259 6.2269e-08 0.292426 0.497816
-288 12.9668 243.738 0.0791539 0.120057 6.2269e-08 0.292426 0.497816
-278.2 22.6916 238.026 0.0976789 0.121427 6.2269e-08 0.292426 0.497816
-288 26.0137 236.885 0.0946141 0.107739 6.98191e-08 0.187444 0.546075
-297.8 22.6916 238.026 0.0847609 0.100259 6.98191e-08 0.187444 0.546075
-278.2 22.6916 238.026 0.0976789 0.121427 6.98191e-08 0.187444 0.546075
-282.07 29.3121 244.73 0.0449867 0.0693051 -0.187632 -0.43876 0.324988
-288 26.0137 236.885 0.0310713 0.067736 -0.187632 -0.43876 0.324988
-278.2 22.6916 238.026 0.0359901 0.0787196 -0.187632 -0.43876 0.324988
-282.07 29.3121 244.73 0.0449867 0.0693051 -0.187632 -0.43876 0.324988
-278.2 22.6916 238.026 0.0359901 0.0787196 -0.187632 -0.43876 0.324988
-272.312 26.0137 245.943 0.0499055 0.0802887 -0.187632 -0.43876 0.324988
-293.93 29.3121 244.73 0.0379239 0.0551834 0 -0.532212 0.223793
-288 26.0137 236.885 0.0310713 0.067736 0 -0.532212 0.223793
-282.07 29.3121 244.73 0.0449867 0.0693051 0 -0.532212 0.223793
-297.8 22.6916 238.026 0.0847609 0.100259 0.20415 0.408196 0.353599
-297.753 12.9668 249.369 0.0671694 0.11028 0.20415 0.408196 0.353599
-288 3.08652 255 0.0615624 0.130078 0.20415 0.408196 0.353599
-297.8 22.6916 238.026 0.0847609 0.100259 0.20415 0.408196 0.353599
-288 3.08652 255 0.0615624 0.130078 0.20415 0.408196 0.353599
-288 12.9668 243.738 0.0791539 0.120057 0.20415 0.408196 0.353599
-307.6 22.6916 255 0.0617253 0.0920963 0.431121 0.292426 0.248908
-297.753 12.9668 249.369 0.0671694 0.11028 0.431121 0.292426 0.248908
-297.8 22.6916 238.026 0.0847609 0.100259 0.431121 0.292426 0.248908
-303.688 26.0137 245.943 0.0754389 0.0920963 0.472915 0.187445 0.273037
-307.6 22.6916 255 0.0617253 0.0920963 0.472915 0.187445 0.273037
-297.8 22.6916 238.026 0.0847609 0.100259 0.472915 0.187445 0.273037
-293.93 29.3121 244.73 0.0379239 0.0551834 0.187632 -0.43876 0.324988
-303.688 26.0137 245.943 0.0310713 0.0426308 0.187632 -0.43876 0.324988
-297.8 22.6916 238.026 0.0242187 0.0551834 0.187632 -0.43876 0.324988
-293.93 29.3121 244.73 0.0379239 0.0551834 0.187632 -0.43876 0.324988
-297.8 22.6916 238.026 0.0242187 0.0551834 0.187632 -0.43876 0.324988
-288 26.0137 236.885 0.0310713 0.067736 0.187632 -0.43876 0.324988
-299.859 29.3121 255 0.0449867 0.0410617 0.19381 -0.532212 0.111896
-303.688 26.0137 245.943 0.0310713 0.0426308 0.19381 -0.532212 0.111896
-293.93 29.3121 244.73 0.0379239 0.0551834 0.19381 -0.532212 0.111896
-307.6 22.6916 255 0.124219 0.095654 0.4083 0.408196 -0
-297.753 12.9668 260.631 0.110949 0.111262 0.4083 0.408196 -0
-288 3.08652 255 0.110949 0.130078 0.4083 0.408196 -0
-307.6 22.6916 255 0.124219 0.095654 0.4083 0.408196 -0
-288 3.08652 255 0.110949 0.130078 0.4083 0.408196 -0
-297.753 12.9668 249.369 0.124219 0.11447 0.4083 0.408196 -0
-297.8 22.6916 271.974 0.0976789 0.0956539 0.431121 0.292426 -0.248908
-297.753 12.9668 260.631 0.110949 0.111262 0.431121 0.292426 -0.248908
-307.6 22.6916 255 0.124219 0.095654 0.431121 0.292426 -0.248908
-303.688 26.0137 264.057 0.110949 0.090672 0.472915 0.187445 -0.273037
-297.8 22.6916 271.974 0.0976789 0.0956539 0.472915 0.187445 -0.273037
-307.6 22.6916 255 0.124219 0.095654 0.472915 0.187445 -0.273037
-299.859 29.3121 255 0.0449867 0.0410617 0.375264 -0.43876 -0
-303.688 26.0137 264.057 0.0499055 0.0300781 0.375264 -0.43876 -0
-307.6 22.6916 255 0.0359901 0.0316472 0.375264 -0.43876 -0
-299.859 29.3121 255 0.0449867 0.0410617 0.375264 -0.43876 -0
-307.6 22.6916 255 0.0359901 0.0316472 0.375264 -0.43876 -0
-303.688 26.0137 245.943 0.0310713 0.0426308 0.375264 -0.43876 -0
-293.93 29.3121 265.271 0.0364171 0.118006 0.19381 -0.532212 -0.111897
-303.688 26.0137 264.057 0.0359058 0.130078 0.19381 -0.532212 -0.111897
-299.859 29.3121 255 0.0489898 0.1246 0.19381 -0.532212 -0.111897
-297.8 22.6916 271.974 0.0976789 0.0956539 0.20415 0.408196 -0.353599
-288 12.9668 266.262 0.0976789 0.11447 0.20415 0.408196 -0.353599
-288 3.08652 255 0.110949 0.130078 0.20415 0.408196 -0.353599
-297.8 22.6916 271.974 0.0976789 0.0956539 0.20415 0.408196 -0.353599
-288 3.08652 255 0.110949 0.130078 0.20415 0.408196 -0.353599
-297.753 12.9668 260.631 0.110949 0.111262 0.20415 0.408196 -0.353599
-278.2 22.6916 271.974 0.0847609 0.0622774 -6.2269e-08 0.292426 -0.497816
-288 12.9668 266.262 0.0791539 0.0820754 -6.2269e-08 0.292426 -0.497816
-297.8 22.6916 271.974 0.0976789 0.0834454 -6.2269e-08 0.292426 -0.497816
-288 26.0137 273.115 0.0946141 0.0697576 -6.98191e-08 0.187444 -0.546075
-278.2 22.6916 271.974 0.0847609 0.0622774 -6.98191e-08 0.187444 -0.546075
-297.8 22.6916 271.974 0.0976789 0.0834454 -6.98191e-08 0.187444 -0.546075
-293.93 29.3121 265.271 0.0364171 0.118006 0.187632 -0.43876 -0.324988
-288 26.0137 273.115 0.0247301 0.110114 0.187632 -0.43876 -0.324988
-297.8 22.6916 271.974 0.0242187 0.122186 0.187632 -0.43876 -0.324988
-293.93 29.3121 265.271 0.0364171 0.118006 0.187632 -0.43876 -0.324988
-297.8 22.6916 271.974 0.0242187 0.122186 0.187632 -0.43876 -0.324988
-303.688 26.0137 264.057 0.0359058 0.130078 0.187632 -0.43876 -0.324988
-282.07 29.3121 265.271 0.0364171 0.10214 0 -0.532212 -0.223793
-288 26.0137 273.115 0.0247301 0.110114 0 -0.532212 -0.223793
-293.93 29.3121 265.271 0.0364171 0.118006 0 -0.532212 -0.223793
-288 29.2865 255 0.0489898 0.108734 0 -0.577348 0.00143699
-282.07 29.3121 265.271 0.0364171 0.10214 0 -0.577348 0.00143699
-293.93 29.3121 265.271 0.0364171 0.118006 0 -0.577348 0.00143699
-282.07 29.3121 265.271 0.0364171 0.10214 0 -0.577348 0.00143699
-288 29.2865 255 0.0489898 0.108734 0 -0.577348 0.00143699
-276.141 29.3121 255 0.0489898 0.0928677 0.0012445 -0.577348 0.000718494
-276.141 29.3121 255 0.0489898 0.0928677 0.0012445 -0.577348 0.000718494
-288 29.2865 255 0.0489898 0.108734 0 -0.577348 0.00143699
-282.07 29.3121 244.73 0.0615624 0.0994614 0.0012445 -0.577348 -0.000718494
-282.07 29.3121 244.73 0.0615624 0.0994614 0.0012445 -0.577348 -0.000718494
-288 29.2865 255 0.0489898 0.108734 0 -0.577348 0.00143699
-293.93 29.3121 244.73 0.0615624 0.115327 0 -0.577348 -0.00143699
-293.93 29.3121 244.73 0.0615624 0.115327 0 -0.577348 -0.00143699
-288 29.2865 255 0.0489898 0.108734 0 -0.577348 0.00143699
-299.859 29.3121 255 0.0489898 0.1246 -0.00124455 -0.577348 -0.000718494
-299.859 29.3121 255 0.0489898 0.1246 -0.00124455 -0.577348 -0.000718494
-288 29.2865 255 0.0489898 0.108734 0 -0.577348 0.00143699
-293.93 29.3121 265.271 0.0364171 0.118006 0 -0.577348 0.00143699
