Vertex Count: 288

Data:

-173 12.6865 312.773 0.0671694 0.0722983 0.204124 -0.408248 0.353553
-173 22.6865 324.32 0.0847609 0.0622774 0.204124 -0.408248 0.353553
-183 12.6865 318.547 0.0791539 0.0820754 0.204124 -0.408248 0.353553
-173 12.6865 312.773 0.0671694 0.0722983 0.204124 -0.408248 0.353553
-183 12.6865 318.547 0.0791539 0.0820754 0.204124 -0.408248 0.353553
-183 2.68652 307 0.0615624 0.0920963 0.204124 -0.408248 0.353553
-173 12.6865 312.773 0.0671694 0.0722983 0.433013 -0.288675 0.25
-163 22.6865 307 0.0617253 0.0541144 0.433013 -0.288675 0.25
-173 22.6865 324.32 0.0847609 0.0622774 0.433013 -0.288675 0.25
-163 22.6865 307 0.0617253 0.0541144 0.474826 -0.180886 0.274141
-167 26.1865 316.238 0.0754389 0.0541144 0.474826 -0.180886 0.274141
-173 22.6865 324.32 0.0847609 0.0622774 0.474826 -0.180886 0.274141
-167 26.1865 316.238 0.0359058 0.0877687 0.190094 0.4345 0.329252
-177 29.6865 317.392 0.0364171 0.10214 0.190094 0.4345 0.329252
-183 26.1865 325.475 0.0247301 0.110114 0.190094 0.4345 0.329252
-167 26.1865 316.238 0.0359058 0.0877687 0.190094 0.4345 0.329252
-183 26.1865 325.475 0.0247301 0.110114 0.190094 0.4345 0.329252
-173 22.6865 324.32 0.0242187 0.0957426 0.190094 0.4345 0.329252
-167 26.1865 316.238 0.0359058 0.0877687 0.19868 0.529813 0.114708
-171 29.6865 307 0.0489898 0.0928677 0.19868 0.529813 0.114708
-177 29.6865 317.392 0.0364171 0.10214 0.19868 0.529813 0.114708
-173 12.6865 301.227 0.110949 0.0718564 0.408248 -0.408248 -8.42937e-08
-163 22.6865 307 0.124219 0.0562478 0.408248 -0.408248 -8.42937e-08
-173 12.6865 312.773 0.124219 0.0750635 0.408248 -0.408248 -8.42937e-08
-173 12.6865 301.227 0.110949 0.0718564 0.408248 -0.408248 -8.42937e-08
-173 12.6865 312.773 0.124219 0.0750635 0.408248 -0.408248 -8.42937e-08
-183 2.68652 307 0.110949 0.090672 0.408248 -0.408248 -8.42937e-08
-173 12.6865 301.227 0.110949 0.0718564 0.433013 -0.288675 -0.25
-173 22.6865 289.68 0.0976789 0.0562478 0.433013 -0.288675 -0.25
-163 22.6865 307 0.124219 0.0562478 0.433013 -0.288675 -0.25
-173 22.6865 289.68 0.0976789 0.0562478 0.474826 -0.180886 -0.274141
-167 26.1865 297.762 0.110949 0.051266 0.474826 -0.180886 -0.274141
-163 22.6865 307 0.124219 0.0562478 0.474826 -0.180886 -0.274141
-167 26.1865 297.762 0.0582572 0.0853877 0.380188 0.4345 -7.00892e-08
-171 29.6865 307 0.0489898 0.0928677 0.380188 0.4345 -7.00892e-08
-167 26.1865 316.238 0.0359058 0.0877687 0.380188 0.4345 -7.00892e-08
-167 26.1865 297.762 0.0582572 0.0853877 0.380188 0.4345 -7.00892e-08
-167 26.1865 316.238 0.0359058 0.0877687 0.380188 0.4345 -7.00892e-08
-163 22.6865 307 0.0451732 0.0802887 0.380188 0.4345 -7.00892e-08
-167 26.1865 297.762 0.0582572 0.0853877 0.19868 0.529813 -0.114708
-177 29.6865 296.608 0.0615624 0.0994614 0.19868 0.529813 -0.114708
-171 29.6865 307 0.0489898 0.0928677 0.19868 0.529813 -0.114708
-183 12.6865 295.453 0.0976789 0.0750635 0.204124 -0.408248 -0.353553
-173 22.6865 289.68 0.0976789 0.0562478 0.204124 -0.408248 -0.353553
-173 12.6865 301.227 0.110949 0.0718564 0.204124 -0.408248 -0.353553
-183 12.6865 295.453 0.0976789 0.0750635 0.204124 -0.408248 -0.353553
-173 12.6865 301.227 0.110949 0.0718564 0.204124 -0.408248 -0.353553
-183 2.68652 307 0.110949 0.090672 0.204124 -0.408248 -0.353553
-183 12.6865 295.453 0.0791539 0.120057 0 -0.288675 -0.5
-193 22.6865 289.68 0.0847609 0.100259 0 -0.288675 -0.5
-173 22.6865 289.68 0.0976789 0.121427 0 -0.288675 -0.5
-193 22.6865 289.68 0.0847609 0.100259 -6.41932e-08 -0.180886 -0.548282
-183 26.1865 288.525 0.0946141 0.107739 -6.41932e-08 -0.180886 -0.548282
-173 22.6865 289.68 0.0976789 0.121427 -6.41932e-08 -0.180886 -0.548282
-183 26.1865 288.525 0.0310713 0.067736 0.190094 0.4345 -0.329252
-177 29.6865 296.608 0.0449867 0.0693051 0.190094 0.4345 -0.329252
-167 26.1865 297.762 0.0499055 0.0802887 0.190094 0.4345 -0.329252
-183 26.1865 288.525 0.0310713 0.067736 0.190094 0.4345 -0.329252
-167 26.1865 297.762 0.0499055 0.0802887 0.190094 0.4345 -0.329252
-173 22.6865 289.68 0.0359901 0.0787196 0.190094 0.4345 -0.329252
-183 26.1865 288.525 0.0310713 0.067736 0 0.529813 -0.229416
-189 29.6865 296.608 0.0379239 0.0551834 0 0.529813 -0.229416
-177 29.6865 296.608 0.0449867 0.0693051 0 0.529813 -0.229416
-193 12.6865 301.227 0.0671694 0.11028 -0.204124 -0.408248 -0.353553
-193 22.6865 289.68 0.0847609 0.100259 -0.204124 -0.408248 -0.353553
-183 12.6865 295.453 0.0791539 0.120057 -0.204124 -0.408248 -0.353553
-193 12.6865 301.227 0.0671694 0.11028 -0.204124 -0.408248 -0.353553
-183 12.6865 295.453 0.0791539 0.120057 -0.204124 -0.408248 -0.353553
-183 2.68652 307 0.0615624 0.130078 -0.204124 -0.408248 -0.353553
-193 12.6865 301.227 0.0671694 0.11028 -0.433013 -0.288675 -0.25
-203 22.6865 307 0.0617253 0.0920963 -0.433013 -0.288675 -0.25
-193 22.6865 289.68 0.0847609 0.100259 -0.433013 -0.288675 -0.25
-203 22.6865 307 0.0617253 0.0920963 -0.474827 -0.180886 -0.274141
-199 26.1865 297.762 0.0754389 0.0920963 -0.474827 -0.180886 -0.274141
-193 22.6865 289.68 0.0847609 0.100259 -0.474827 -0.180886 -0.274141
-199 26.1865 297.762 0.0310713 0.0426308 -0.190094 0.4345 -0.329252
-189 29.6865 296.608 0.0379239 0.0551834 -0.190094 0.4345 -0.329252
-183 26.1865 288.525 0.0310713 0.067736 -0.190094 0.4345 -0.329252
-199 26.1865 297.762 0.0310713 0.0426308 -0.190094 0.4345 -0.329252
-183 26.1865 288.525 0.0310713 0.067736 -0.190094 0.4345 -0.329252
-193 22.6865 289.68 0.0242187 0.0551834 -0.190094 0.4345 -0.329252
-199 26.1865 297.762 0.0310713 0.0426308 -0.19868 0.529813 -0.114708
-195 29.6865 307 0.0449867 0.0410617 -0.19868 0.529813 -0.114708
-189 29.6865 296.608 0.0379239 0.0551834 -0.19868 0.529813 -0.114708
-193 12.6865 312.773 0.110949 0.111262 -0.408248 -0.408248 -0
-203 22.6865 307 0.124219 0.095654 -0.408248 -0.408248 -0
-193 12.6865 301.227 0.124219 0.11447 -0.408248 -0.408248 -0
-193 12.6865 312.773 0.110949 0.111262 -0.408248 -0.408248 -0
-193 12.6865 301.227 0.124219 0.11447 -0.408248 -0.408248 -0
-183 2.68652 307 0.110949 0.130078 -0.408248 -0.408248 -0
-193 12.6865 312.773 0.110949 0.111262 -0.433013 -0.288675 0.25
-193 22.6865 324.32 0.0976789 0.0956539 -0.433013 -0.288675 0.25
-203 22.6865 307 0.124219 0.095654 -0.433013 -0.288675 0.25
-193 22.6865 324.32 0.0976789 0.0956539 -0.474826 -0.180887 0.274141
-199 26.1865 316.238 0.110949 0.090672 -0.474826 -0.180887 0.274141
-203 22.6865 307 0.124219 0.095654 -0.474826 -0.180887 0.274141
-199 26.1865 316.238 0.0499055 0.0300781 -0.380188 0.4345 8.76115e-08
-195 29.6865 307 0.0449867 0.0410617 -0.380188 0.4345 8.76115e-08
-199 26.1865 297.762 0.0310713 0.0426308 -0.380188 0.4345 8.76115e-08
-199 26.1865 316.238 0.0499055 0.0300781 -0.380188 0.4345 8.76115e-08
-199 26.1865 297.762 0.0310713 0.0426308 -0.380188 0.4345 8.76115e-08
-203 22.6865 307 0.0359901 0.0316472 -0.380188 0.4345 8.76115e-08
-199 26.1865 316.238 0.0359058 0.130078 -0.19868 0.529813 0.114708
-189 29.6865 317.392 0.0364171 0.118006 -0.19868 0.529813 0.114708
-195 29.6865 307 0.0489898 0.1246 -0.19868 0.529813 0.114708
-183 12.6865 318.547 0.0976789 0.11447 -0.204124 -0.408248 0.353553
-193 22.6865 324.32 0.0976789 0.0956539 -0.204124 -0.408248 0.353553
-193 12.6865 312.773 0.110949 0.111262 -0.204124 -0.408248 0.353553
-183 12.6865 318.547 0.0976789 0.11447 -0.204124 -0.408248 0.353553
-193 12.6865 312.773 0.110949 0.111262 -0.204124 -0.408248 0.353553
-183 2.68652 307 0.110949 0.130078 -0.204124 -0.408248 0.353553
-183 12.6865 318.547 0.0791539 0.0820754 0 -0.288675 0.5
-173 22.6865 324.32 0.0847609 0.0622774 0 -0.288675 0.5
-193 22.6865 324.32 0.0976789 0.0834454 0 -0.288675 0.5
-173 22.6865 324.32 0.0847609 0.0622774 6.41932e-08 -0.180886 0.548282
-183 26.1865 325.475 0.0946141 0.0697576 6.41932e-08 -0.180886 0.548282
-193 22.6865 324.32 0.0976789 0.0834454 6.41932e-08 -0.180886 0.548282
-183 26.1865 325.475 0.0247301 0.110114 -0.190094 0.4345 0.329252
-189 29.6865 317.392 0.0364171 0.118006 -0.190094 0.4345 0.329252
-199 26.1865 316.238 0.0359058 0.130078 -0.190094 0.4345 0.329252
-183 26.1865 325.475 0.0247301 0.110114 -0.190094 0.4345 0.329252
-199 26.1865 316.238 0.0359058 0.130078 -0.190094 0.4345 0.329252
-193 22.6865 324.32 0.0242187 0.122186 -0.190094 0.4345 0.329252
-183 26.1865 325.475 0.0247301 0.110114 0 0.529813 0.229416
-177 29.6865 317.392 0.0364171 0.10214 0 0.529813 0.229416
-189 29.6865 317.392 0.0364171 0.118006 0 0.529813 0.229416
-177 29.6865 317.392 0.0364171 0.10214 0 0.57735 -0
-183 29.6865 307 0.0489898 0.108734 0 0.57735 -0
-189 29.6865 317.392 0.0364171 0.118006 0 0.57735 -0
-183 29.6865 307 0.0489898 0.108734 0 0.57735 -0
-177 29.6865 317.392 0.0364171 0.10214 0 0.57735 -0
-171 29.6865 307 0.0489898 0.0928677 0 0.57735 -0
-183 29.6865 307 0.0489898 0.108734 0 0.57735 -0
-171 29.6865 307 0.0489898 0.0928677 0 0.57735 -0
-177 29.6865 296.608 0.0615624 0.0994614 0 0.57735 -0
-183 29.6865 307 0.0489898 0.108734 0 0.57735 -0
-177 29.6865 296.608 0.0615624 0.0994614 0 0.57735 -0
-189 29.6865 296.608 0.0615624 0.115327 0 0.57735 -0
-183 29.6865 307 0.0489898 0.108734 0 0.57735 -0
-189 29.6865 296.608 0.0615624 0.115327 0 0.57735 -0
-195 29.6865 307 0.0489898 0.1246 1.10379e-07 0.57735 -0
-183 29.6865 307 0.0489898 0.108734 0 0.57735 -0
-195 29.6865 307 0.0489898 0.1246 1.10379e-07 0.57735 -0
-189 29.6865 317.392 0.0364171 0.118006 0 0.57735 -0
-173.2 22.6916 323.974 0.0847609 0.0622774 -0.20415 0.408196 -0.353599
-173.247 12.9668 312.631 0.0671694 0.0722983 -0.20415 0.408196 -0.353599
-183 3.08652 307 0.0615624 0.0920963 -0.20415 0.408196 -0.353599
-173.2 22.6916 323.974 0.0847609 0.0622774 -0.20415 0.408196 -0.353599
-183 3.08652 307 0.0615624 0.0920963 -0.20415 0.408196 -0.353599
-183 12.9668 318.262 0.0791539 0.0820754 -0.20415 0.408196 -0.353599
-163.4 22.6916 307 0.0617253 0.0541144 -0.431121 0.292426 -0.248908
-173.247 12.9668 312.631 0.0671694 0.0722983 -0.431121 0.292426 -0.248908
-173.2 22.6916 323.974 0.0847609 0.0622774 -0.431121 0.292426 -0.248908
-167.312 26.0137 316.057 0.0754389 0.0541144 -0.472915 0.187445 -0.273037
-163.4 22.6916 307 0.0617253 0.0541144 -0.472915 0.187445 -0.273037
-173.2 22.6916 323.974 0.0847609 0.0622774 -0.472915 0.187445 -0.273037
-177.07 29.3121 317.271 0.0364171 0.10214 -0.187632 -0.43876 -0.324988
-167.312 26.0137 316.057 0.0359058 0.0877687 -0.187632 -0.43876 -0.324988
-173.2 22.6916 323.974 0.0242187 0.0957426 -0.187632 -0.43876 -0.324988
-177.07 29.3121 317.271 0.0364171 0.10214 -0.187632 -0.43876 -0.324988
-173.2 22.6916 323.974 0.0242187 0.0957426 -0.187632 -0.43876 -0.324988
-183 26.0137 325.115 0.0247301 0.110114 -0.187632 -0.43876 -0.324988
-171.141 29.3121 307 0.0489898 0.0928677 -0.193811 -0.532212 -0.111896
-167.312 26.0137 316.057 0.0359058 0.0877687 -0.193811 -0.532212 -0.111896
-177.07 29.3121 317.271 0.0364171 0.10214 -0.193811 -0.532212 -0.111896
-163.4 22.6916 307 0.124219 0.0562478 -0.4083 0.408196 -0
-173.247 12.9668 301.369 0.110949 0.0718564 -0.4083 0.408196 -0
-183 3.08652 307 0.110949 0.090672 -0.4083 0.408196 -0
-163.4 22.6916 307 0.124219 0.0562478 -0.4083 0.408196 -0
-183 3.08652 307 0.110949 0.090672 -0.4083 0.408196 -0
-173.247 12.9668 312.631 0.124219 0.0750635 -0.4083 0.408196 -0
-173.2 22.6916 290.026 0.0976789 0.0562478 -0.431121 0.292426 0.248908
-173.247 12.9668 301.369 0.110949 0.0718564 -0.431121 0.292426 0.248908
-163.4 22.6916 307 0.124219 0.0562478 -0.431121 0.292426 0.248908
-167.312 26.0137 297.943 0.110949 0.051266 -0.472915 0.187444 0.273037
-173.2 22.6916 290.026 0.0976789 0.0562478 -0.472915 0.187444 0.273037
-163.4 22.6916 307 0.124219 0.0562478 -0.472915 0.187444 0.273037
-171.141 29.3121 307 0.0489898 0.0928677 -0.375264 -0.43876 -0
-167.312 26.0137 297.943 0.0582572 0.0853877 -0.375264 -0.43876 -0
-163.4 22.6916 307 0.0451732 0.0802887 -0.375264 -0.43876 -0
-171.141 29.3121 307 0.0489898 0.0928677 -0.375264 -0.43876 -0
-163.4 22.6916 307 0.0451732 0.0802887 -0.375264 -0.43876 -0
-167.312 26.0137 316.057 0.0359058 0.0877687 -0.375264 -0.43876 -0
-177.07 29.3121 296.729 0.0615624 0.0994614 -0.19381 -0.532212 0.111897
-167.312 26.0137 297.943 0.0582572 0.0853877 -0.19381 -0.532212 0.111897
-171.141 29.3121 307 0.0489898 0.0928677 -0.19381 -0.532212 0.111897
-173.2 22.6916 290.026 0.0976789 0.0562478 -0.20415 0.408196 0.353599
-183 12.9668 295.738 0.0976789 0.0750635 -0.20415 0.408196 0.353599
-183 3.08652 307 0.110949 0.090672 -0.20415 0.408196 0.353599
-173.2 22.6916 290.026 0.0976789 0.0562478 -0.20415 0.408196 0.353599
-183 3.08652 307 0.110949 0.090672 -0.20415 0.408196 0.353599
-173.247 12.9668 301.369 0.110949 0.0718564 -0.20415 0.408196 0.353599
-192.8 22.6916 290.026 0.0847609 0.100259 6.2269e-08 0.292426 0.497816
-183 12.9668 295.738 0.0791539 0.120057 6.2269e-08 0.292426 0.497816
-173.2 22.6916 290.026 0.0976789 0.121427 6.2269e-08 0.292426 0.497816
-183 26.0137 288.885 0.0946141 0.107739 6.98191e-08 0.187444 0.546075
-192.8 22.6916 290.026 0.0847609 0.100259 6.98191e-08 0.187444 0.546075
-173.2 22.6916 290.026 0.0976789 0.121427 6.98191e-08 0.187444 0.546075
-177.07 29.3121 296.729 0.0449867 0.0693051 -0.187632 -0.43876 0.324988
-183 26.0137 288.885 0.0310713 0.067736 -0.187632 -0.43876 0.324988
-173.2 22.6916 290.026 0.0359901 0.0787196 -0.187632 -0.43876 0.324988
-177.07 29.3121 296.729 0.0449867 0.0693051 -0.187632 -0.43876 0.324988
-173.2 22.6916 290.026 0.0359901 0.0787196 -0.187632 -0.43876 0.324988
-167.312 26.0137 297.943 0.0499055 0.0802887 -0.187632 -0.43876 0.324988
-188.93 29.3121 296.729 0.0379239 0.0551834 0 -0.532212 0.223793
-183 26.0137 288.885 0.0310713 0.067736 0 -0.532212 0.223793
-177.07 29.3121 296.729 0.0449867 0.0693051 0 -0.532212 0.223793
-192.8 22.6916 290.026 0.0847609 0.100259 0.20415 0.408196 0.353599
-192.753 12.9668 301.369 0.0671694 0.11028 0.20415 0.408196 0.353599
-183 3.08652 307 0.0615624 0.130078 0.20415 0.408196 0.353599
-192.8 22.6916 290.026 0.0847609 0.100259 0.20415 0.408196 0.353599
-183 3.08652 307 0.0615624 0.130078 0.20415 0.408196 0.353599
-183 12.9668 295.738 0.0791539 0.120057 0.20415 0.408196 0.353599
-202.6 22.6916 307 0.0617253 0.0920963 0.431121 0.292426 0.248908
-192.753 12.9668 301.369 0.0671694 0.11028 0.431121 0.292426 0.248908
-192.8 22.6916 290.026 0.0847609 0.100259 0.431121 0.292426 0.248908
-198.688 26.0137 297.943 0.0754389 0.0920963 0.472915 0.187445 0.273037
-202.6 22.6916 307 0.0617253 0.0920963 0.472915 0.187445 0.273037
-192.8 22.6916 290.026 0.0847609 0.100259 0.472915 0.187445 0.273037
-188.93 29.3121 296.729 0.0379239 0.0551834 0.187632 -0.43876 0.324988
-198.688 26.0137 297.943 0.0310713 0.0426308 0.187632 -0.43876 0.324988
-192.8 22.6916 290.026 0.0242187 0.0551834 0.187632 -0.43876 0.324988
-188.93 29.3121 296.729 0.0379239 0.0551834 0.187632 -0.43876 0.324988
-192.8 22.6916 290.026 0.0242187 0.0551834 0.187632 -0.43876 0.324988
-183 26.0137 288.885 0.0310713 0.067736 0.187632 -0.43876 0.324988
-194.859 29.3121 307 0.0449867 0.0410617 0.19381 -0.532212 0.111896
-198.688 26.0137 297.943 0.0310713 0.0426308 0.19381 -0.532212 0.111896
-188.93 29.3121 296.729 0.0379239 0.0551834 0.19381 -0.532212 0.111896
-202.6 22.6916 307 0.124219 0.095654 0.4083 0.408196 -0
-192.753 12.9668 312.631 0.110949 0.111262 0.4083 0.408196 -0
-183 3.08652 307 0.110949 0.130078 0.4083 0.408196 -0
-202.6 22.6916 307 0.124219 0.095654 0.4083 0.408196 -0
-183 3.08652 307 0.110949 0.130078 0.4083 0.408196 -0
-192.753 12.9668 301.369 0.124219 0.11447 0.4083 0.408196 -0
-192.8 22.6916 323.974 0.0976789 0.0956539 0.431121 0.292426 -0.248908
-192.753 12.9668 312.631 0.110949 0.111262 0.431121 0.292426 -0.248908
-202.6 22.6916 307 0.124219 0.095654 0.431121 0.292426 -0.248908
-198.688 26.0137 316.057 0.110949 0.090672 0.472915 0.187445 -0.273037
-192.8 22.6916 323.974 0.0976789 0.0956539 0.472915 0.187445 -0.273037
-202.6 22.6916 307 0.124219 0.095654 0.472915 0.187445 -0.273037
-194.859 29.3121 307 0.0449867 0.0410617 0.375264 -0.43876 -0
-198.688 26.0137 316.057 0.0499055 0.0300781 0.375264 -0.43876 -0
-202.6 22.6916 307 0.0359901 0.0316472 0.375264 -0.43876 -0
-194.859 29.3121 307 0.0449867 0.0410617 0.375264 -0.43876 -0
-202.6 22.6916 307 0.0359901 0.0316472 0.375264 -0.43876 -0
-198.688 26.0137 297.943 0.0310713 0.0426308 0.375264 -0.43876 -0
-188.93 29.3121 317.271 0.0364171 0.118006 0.19381 -0.532212 -0.111897
-198.688 26.0137 316.057 0.0359058 0.130078 0.19381 -0.532212 -0.111897
-194.859 29.3121 307 0.0489898 0.1246 0.19381 -0.532212 -0.111897
-192.8 22.6916 323.974 0.0976789 0.0956539 0.20415 0.408196 -0.353599
-183 12.9668 318.262 0.0976789 0.11447 0.20415 0.408196 -0.353599
-183 3.08652 307 0.110949 0.130078 0.20415 0.408196 -0.353599
-192.8 22.6916 323.974 0.0976789 0.0956539 0.20415 0.408196 -0.353599
-183 3.08652 307 0.110949 0.130078 0.20415 0.408196 -0.353599
-192.753 12.9668 312.631 0.110949 0.111262 0.20415 0.408196 -0.353599
-173.2 22.6916 323.974 0.0847609 0.0622774 -6.2269e-08 0.292426 -0.497816
-183 12.9668 318.262 0.0791539 0.0820754 -6.2269e-08 0.292426 -0.497816
-192.8 22.6916 323.974 0.0976789 0.0834454 -6.2269e-08 0.292426 -0.497816
-183 26.0137 325.115 0.0946141 0.0697576 -6.98191e-08 0.187444 -0.546075
-173.2 22.6916 323.974 0.0847609 0.0622774 -6.98191e-08 0.187444 -0.546075
-192.8 22.6916 323.974 0.0976789 0.0834454 -6.98191e-08 0.187444 -0.546075
-188.93 29.3121 317.271 0.0364171 0.118006 0.187632 -0.43876 -0.324988
-183 26.0137 325.115 0.0247301 0.110114 0.187632 -0.43876 -0.324988
-192.8 22.6916 323.974 0.0242187 0.122186 0.187632 -0.43876 -0.324988
-188.93 29.3121 317.271 0.0364171 0.118006 0.187632 -0.43876 -0.324988
-192.8 22.6916 323.974 0.0242187 0.122186 0.187632 -0.43876 -0.324988
-198.688 26.0137 316.057 0.0359058 0.130078 0.187632 -0.43876 -0.324988
-177.07 29.3121 317.271 0.0364171 0.10214 0 -0.532212 -0.223793
-183 26.0137 325.115 0.0247301 0.110114 0 -0.532212 -0.223793
-188.93 29.3121 317.271 0.0364171 0.118006 0 -0.532212 -0.223793
-183 29.2865 307 0.0489898 0.108734 0 -0.577348 0.00143699
-177.07 29.3121 317.271 0.0364171 0.10214 0 -0.577348 0.00143699
-188.93 29.3121 317.271 0.0364171 0.118006 0 -0.577348 0.00143699
-177.07 29.3121 317.271 0.0364171 0.10214 0 -0.577348 0.00143699
-183 29.2865 307 0.0489898 0.108734 0 -0.577348 0.00143699
-171.141 29.3121 307 0.0489898 0.0928677 0.0012445 -0.577348 0.000718494
-171.141 29.3121 307 0.0489898 0.0928677 0.0012445 -0.577348 0.000718494
-183 29.2865 307 0.0489898 0.108734 0 -0.577348 0.00143699
-177.07 29.3121 296.729 0.0615624 0.0994614 0.0012445 -0.577348 -0.000718494
-177.07 29.3121 296.729 0.0615624 0.0994614 0.0012445 -0.577348 -0.000718494
-183 29.2865 307 0.0489898 0.108734 0 -0.577348 0.00143699
-188.93 29.3121 296.729 0.0615624 0.115327 0 -0.577348 -0.00143699
-188.93 29.3121 296.729 0.0615624 0.115327 0 -0.577348 -0.00143699
-183 29.2865 307 0.0489898 0.108734 0 -0.577348 0.00143699
-194.859 29.3121 307 0.0489898 0.1246 -0.00124455 -0.577348 -0.000718494
-194.859 29.3121 307 0.0489898 0.1246 -0.00124455 -0.577348 -0.000718494
-183 29.2865 307 0.0489898 0.108734 0 -0.577348 0.00143699
-188.93 29.3121 317.271 0.0364171 0.118006 0 -0.577348 0.00143699
