Vertex Count: 288

Data:

199 12.6865 100.773 0.444122 0.0859702 0.204124 -0.408248 0.353553
199 22.6865 112.321 0.461714 0.0759493 0.204124 -0.408248 0.353553
189 12.6865 106.547 0.456107 0.0957472 0.204124 -0.408248 0.353553
199 12.6865 100.773 0.444122 0.0859702 0.204124 -0.408248 0.353553
189 12.6865 106.547 0.456107 0.0957472 0.204124 -0.408248 0.353553
189 2.68652 95 0.438516 0.105768 0.204124 -0.408248 0.353553
199 12.6865 100.773 0.444122 0.0859702 0.433013 -0.288675 0.25
209 22.6865 95 0.438678 0.0677863 0.433013 -0.288675 0.25
199 22.6865 112.321 0.461714 0.0759493 0.433013 -0.288675 0.25
209 22.6865 95 0.438678 0.0677863 0.474826 -0.180886 0.274141
205 26.1865 104.238 0.452392 0.0677863 0.474826 -0.180886 0.274141
199 22.6865 112.321 0.461714 0.0759493 0.474826 -0.180886 0.274141
205 26.1865 104.238 0.412859 0.10144 0.190094 0.4345 0.329252
195 29.6865 105.392 0.41337 0.115812 0.190094 0.4345 0.329252
189 26.1865 113.475 0.401683 0.123786 0.190094 0.4345 0.329252
205 26.1865 104.238 0.412859 0.10144 0.190094 0.4345 0.329252
189 26.1865 113.475 0.401683 0.123786 0.190094 0.4345 0.329252
199 22.6865 112.321 0.401172 0.109415 0.190094 0.4345 0.329252
205 26.1865 104.238 0.412859 0.10144 0.19868 0.529813 0.114708
201 29.6865 95 0.425943 0.10654 0.19868 0.529813 0.114708
195 29.6865 105.392 0.41337 0.115812 0.19868 0.529813 0.114708
199 12.6865 89.2265 0.487902 0.0855283 0.408248 -0.408248 -8.42937e-08
209 22.6865 95 0.501172 0.0699197 0.408248 -0.408248 -8.42937e-08
199 12.6865 100.773 0.501172 0.0887354 0.408248 -0.408248 -8.42937e-08
199 12.6865 89.2265 0.487902 0.0855283 0.408248 -0.408248 -8.42937e-08
199 12.6865 100.773 0.501172 0.0887354 0.408248 -0.408248 -8.42937e-08
189 2.68652 95 0.487902 0.104344 0.408248 -0.408248 -8.42937e-08
199 12.6865 89.2265 0.487902 0.0855283 0.433013 -0.288675 -0.25
199 22.6865 77.6795 0.474632 0.0699197 0.433013 -0.288675 -0.25
209 22.6865 95 0.501172 0.0699197 0.433013 -0.288675 -0.25
199 22.6865 77.6795 0.474632 0.0699197 0.474826 -0.180886 -0.274141
205 26.1865 85.7624 0.487902 0.0649378 0.474826 -0.180886 -0.274141
209 22.6865 95 0.501172 0.0699197 0.474826 -0.180886 -0.274141
205 26.1865 85.7624 0.43521 0.0990596 0.380188 0.4345 -7.00892e-08
201 29.6865 95 0.425943 0.10654 0.380188 0.4345 -7.00892e-08
205 26.1865 104.238 0.412859 0.10144 0.380188 0.4345 -7.00892e-08
205 26.1865 85.7624 0.43521 0.0990596 0.380188 0.4345 -7.00892e-08
205 26.1865 104.238 0.412859 0.10144 0.380188 0.4345 -7.00892e-08
209 22.6865 95 0.422126 0.0939606 0.380188 0.4345 -7.00892e-08
205 26.1865 85.7624 0.43521 0.0990596 0.19868 0.529813 -0.114708
195 29.6865 84.6077 0.438516 0.113133 0.19868 0.529813 -0.114708
201 29.6865 95 0.425943 0.10654 0.19868 0.529813 -0.114708
189 12.6865 83.453 0.474632 0.0887354 0.204124 -0.408248 -0.353553
199 22.6865 77.6795 0.474632 0.0699197 0.204124 -0.408248 -0.353553
199 12.6865 89.2265 0.487902 0.0855283 0.204124 -0.408248 -0.353553
189 12.6865 83.453 0.474632 0.0887354 0.204124 -0.408248 -0.353553
199 12.6865 89.2265 0.487902 0.0855283 0.204124 -0.408248 -0.353553
189 2.68652 95 0.487902 0.104344 0.204124 -0.408248 -0.353553
189 12.6865 83.453 0.456107 0.133729 0 -0.288675 -0.5
179 22.6865 77.6795 0.461714 0.113931 0 -0.288675 -0.5
199 22.6865 77.6795 0.474632 0.135099 0 -0.288675 -0.5
179 22.6865 77.6795 0.461714 0.113931 -6.41932e-08 -0.180886 -0.548282
189 26.1865 76.5248 0.471567 0.121411 -6.41932e-08 -0.180886 -0.548282
199 22.6865 77.6795 0.474632 0.135099 -6.41932e-08 -0.180886 -0.548282
189 26.1865 76.5248 0.408024 0.0814079 0.190094 0.4345 -0.329252
195 29.6865 84.6077 0.42194 0.082977 0.190094 0.4345 -0.329252
205 26.1865 85.7624 0.426859 0.0939606 0.190094 0.4345 -0.329252
189 26.1865 76.5248 0.408024 0.0814079 0.190094 0.4345 -0.329252
205 26.1865 85.7624 0.426859 0.0939606 0.190094 0.4345 -0.329252
199 22.6865 77.6795 0.412943 0.0923915 0.190094 0.4345 -0.329252
189 26.1865 76.5248 0.408024 0.0814079 0 0.529813 -0.229416
183 29.6865 84.6077 0.414877 0.0688553 0 0.529813 -0.229416
195 29.6865 84.6077 0.42194 0.082977 0 0.529813 -0.229416
179 12.6865 89.2265 0.444123 0.123952 -0.204124 -0.408248 -0.353553
179 22.6865 77.6795 0.461714 0.113931 -0.204124 -0.408248 -0.353553
189 12.6865 83.453 0.456107 0.133729 -0.204124 -0.408248 -0.353553
179 12.6865 89.2265 0.444123 0.123952 -0.204124 -0.408248 -0.353553
189 12.6865 83.453 0.456107 0.133729 -0.204124 -0.408248 -0.353553
189 2.68652 95 0.438516 0.14375 -0.204124 -0.408248 -0.353553
179 12.6865 89.2265 0.444123 0.123952 -0.433013 -0.288675 -0.25
169 22.6865 95 0.438678 0.105768 -0.433013 -0.288675 -0.25
179 22.6865 77.6795 0.461714 0.113931 -0.433013 -0.288675 -0.25
169 22.6865 95 0.438678 0.105768 -0.474827 -0.180886 -0.274141
173 26.1865 85.7624 0.452392 0.105768 -0.474827 -0.180886 -0.274141
179 22.6865 77.6795 0.461714 0.113931 -0.474827 -0.180886 -0.274141
173 26.1865 85.7624 0.408024 0.0563027 -0.190094 0.4345 -0.329252
183 29.6865 84.6077 0.414877 0.0688553 -0.190094 0.4345 -0.329252
189 26.1865 76.5248 0.408024 0.0814079 -0.190094 0.4345 -0.329252
173 26.1865 85.7624 0.408024 0.0563027 -0.190094 0.4345 -0.329252
189 26.1865 76.5248 0.408024 0.0814079 -0.190094 0.4345 -0.329252
179 22.6865 77.6795 0.401172 0.0688553 -0.190094 0.4345 -0.329252
173 26.1865 85.7624 0.408024 0.0563027 -0.19868 0.529813 -0.114708
177 29.6865 95 0.42194 0.0547336 -0.19868 0.529813 -0.114708
183 29.6865 84.6077 0.414877 0.0688553 -0.19868 0.529813 -0.114708
179 12.6865 100.773 0.487902 0.124934 -0.408248 -0.408248 -0
169 22.6865 95 0.501172 0.109326 -0.408248 -0.408248 -0
179 12.6865 89.2265 0.501172 0.128142 -0.408248 -0.408248 -0
179 12.6865 100.773 0.487902 0.124934 -0.408248 -0.408248 -0
179 12.6865 89.2265 0.501172 0.128142 -0.408248 -0.408248 -0
189 2.68652 95 0.487902 0.14375 -0.408248 -0.408248 -0
179 12.6865 100.773 0.487902 0.124934 -0.433013 -0.288675 0.25
179 22.6865 112.321 0.474632 0.109326 -0.433013 -0.288675 0.25
169 22.6865 95 0.501172 0.109326 -0.433013 -0.288675 0.25
179 22.6865 112.321 0.474632 0.109326 -0.474826 -0.180887 0.274141
173 26.1865 104.238 0.487902 0.104344 -0.474826 -0.180887 0.274141
169 22.6865 95 0.501172 0.109326 -0.474826 -0.180887 0.274141
173 26.1865 104.238 0.426859 0.04375 -0.380188 0.4345 8.76115e-08
177 29.6865 95 0.42194 0.0547336 -0.380188 0.4345 8.76115e-08
173 26.1865 85.7624 0.408024 0.0563027 -0.380188 0.4345 8.76115e-08
173 26.1865 104.238 0.426859 0.04375 -0.380188 0.4345 8.76115e-08
173 26.1865 85.7624 0.408024 0.0563027 -0.380188 0.4345 8.76115e-08
169 22.6865 95 0.412943 0.0453191 -0.380188 0.4345 8.76115e-08
173 26.1865 104.238 0.412859 0.14375 -0.19868 0.529813 0.114708
183 29.6865 105.392 0.41337 0.131678 -0.19868 0.529813 0.114708
177 29.6865 95 0.425943 0.138272 -0.19868 0.529813 0.114708
189 12.6865 106.547 0.474632 0.128142 -0.204124 -0.408248 0.353553
179 22.6865 112.321 0.474632 0.109326 -0.204124 -0.408248 0.353553
179 12.6865 100.773 0.487902 0.124934 -0.204124 -0.408248 0.353553
189 12.6865 106.547 0.474632 0.128142 -0.204124 -0.408248 0.353553
179 12.6865 100.773 0.487902 0.124934 -0.204124 -0.408248 0.353553
189 2.68652 95 0.487902 0.14375 -0.204124 -0.408248 0.353553
189 12.6865 106.547 0.456107 0.0957472 0 -0.288675 0.5
199 22.6865 112.321 0.461714 0.0759493 0 -0.288675 0.5
179 22.6865 112.321 0.474632 0.0971173 0 -0.288675 0.5
199 22.6865 112.321 0.461714 0.0759493 6.41932e-08 -0.180886 0.548282
189 26.1865 113.475 0.471567 0.0834295 6.41932e-08 -0.180886 0.548282
179 22.6865 112.321 0.474632 0.0971173 6.41932e-08 -0.180886 0.548282
189 26.1865 113.475 0.401683 0.123786 -0.190094 0.4345 0.329252
183 29.6865 105.392 0.41337 0.131678 -0.190094 0.4345 0.329252
173 26.1865 104.238 0.412859 0.14375 -0.190094 0.4345 0.329252
189 26.1865 113.475 0.401683 0.123786 -0.190094 0.4345 0.329252
173 26.1865 104.238 0.412859 0.14375 -0.190094 0.4345 0.329252
179 22.6865 112.321 0.401172 0.135858 -0.190094 0.4345 0.329252
189 26.1865 113.475 0.401683 0.123786 0 0.529813 0.229416
195 29.6865 105.392 0.41337 0.115812 0 0.529813 0.229416
183 29.6865 105.392 0.41337 0.131678 0 0.529813 0.229416
195 29.6865 105.392 0.41337 0.115812 0 0.57735 -0
189 29.6865 95 0.425943 0.122406 0 0.57735 -0
183 29.6865 105.392 0.41337 0.131678 0 0.57735 -0
189 29.6865 95 0.425943 0.122406 0 0.57735 -0
195 29.6865 105.392 0.41337 0.115812 0 0.57735 -0
201 29.6865 95 0.425943 0.10654 0 0.57735 -0
189 29.6865 95 0.425943 0.122406 0 0.57735 -0
201 29.6865 95 0.425943 0.10654 0 0.57735 -0
195 29.6865 84.6077 0.438516 0.113133 0 0.57735 -0
189 29.6865 95 0.425943 0.122406 0 0.57735 -0
195 29.6865 84.6077 0.438516 0.113133 0 0.57735 -0
183 29.6865 84.6077 0.438516 0.128999 0 0.57735 -0
189 29.6865 95 0.425943 0.122406 0 0.57735 -0
183 29.6865 84.6077 0.438516 0.128999 0 0.57735 -0
177 29.6865 95 0.425943 0.138272 1.10379e-07 0.57735 -0
189 29.6865 95 0.425943 0.122406 0 0.57735 -0
177 29.6865 95 0.425943 0.138272 1.10379e-07 0.57735 -0
183 29.6865 105.392 0.41337 0.131678 0 0.57735 -0
198.8 22.6916 111.974 0.461714 0.0759493 -0.20415 0.408196 -0.353599
198.753 12.9668 100.631 0.444122 0.0859702 -0.20415 0.408196 -0.353599
189 3.08652 95 0.438516 0.105768 -0.20415 0.408196 -0.353599
198.8 22.6916 111.974 0.461714 0.0759493 -0.20415 0.408196 -0.353599
189 3.08652 95 0.438516 0.105768 -0.20415 0.408196 -0.353599
189 12.9668 106.262 0.456107 0.0957472 -0.20415 0.408196 -0.353599
208.6 22.6916 95 0.438678 0.0677863 -0.431121 0.292426 -0.248908
198.753 12.9668 100.631 0.444122 0.0859702 -0.431121 0.292426 -0.248908
198.8 22.6916 111.974 0.461714 0.0759493 -0.431121 0.292426 -0.248908
204.688 26.0137 104.057 0.452392 0.0677863 -0.472915 0.187445 -0.273037
208.6 22.6916 95 0.438678 0.0677863 -0.472915 0.187445 -0.273037
198.8 22.6916 111.974 0.461714 0.0759493 -0.472915 0.187445 -0.273037
194.93 29.3121 105.271 0.41337 0.115812 -0.187632 -0.43876 -0.324988
204.688 26.0137 104.057 0.412859 0.10144 -0.187632 -0.43876 -0.324988
198.8 22.6916 111.974 0.401172 0.109415 -0.187632 -0.43876 -0.324988
194.93 29.3121 105.271 0.41337 0.115812 -0.187632 -0.43876 -0.324988
198.8 22.6916 111.974 0.401172 0.109415 -0.187632 -0.43876 -0.324988
189 26.0137 113.115 0.401683 0.123786 -0.187632 -0.43876 -0.324988
200.859 29.3121 95 0.425943 0.10654 -0.193811 -0.532212 -0.111896
204.688 26.0137 104.057 0.412859 0.10144 -0.193811 -0.532212 -0.111896
194.93 29.3121 105.271 0.41337 0.115812 -0.193811 -0.532212 -0.111896
208.6 22.6916 95 0.501172 0.0699197 -0.4083 0.408196 -0
198.753 12.9668 89.3692 0.487902 0.0855283 -0.4083 0.408196 -0
189 3.08652 95 0.487902 0.104344 -0.4083 0.408196 -0
208.6 22.6916 95 0.501172 0.0699197 -0.4083 0.408196 -0
189 3.08652 95 0.487902 0.104344 -0.4083 0.408196 -0
198.753 12.9668 100.631 0.501172 0.0887354 -0.4083 0.408196 -0
198.8 22.6916 78.0259 0.474632 0.0699197 -0.431121 0.292426 0.248908
198.753 12.9668 89.3692 0.487902 0.0855283 -0.431121 0.292426 0.248908
208.6 22.6916 95 0.501172 0.0699197 -0.431121 0.292426 0.248908
204.688 26.0137 85.9428 0.487902 0.0649378 -0.472915 0.187444 0.273037
198.8 22.6916 78.0259 0.474632 0.0699197 -0.472915 0.187444 0.273037
208.6 22.6916 95 0.501172 0.0699197 -0.472915 0.187444 0.273037
200.859 29.3121 95 0.425943 0.10654 -0.375264 -0.43876 -0
204.688 26.0137 85.9428 0.43521 0.0990596 -0.375264 -0.43876 -0
208.6 22.6916 95 0.422126 0.0939606 -0.375264 -0.43876 -0
200.859 29.3121 95 0.425943 0.10654 -0.375264 -0.43876 -0
208.6 22.6916 95 0.422126 0.0939606 -0.375264 -0.43876 -0
204.688 26.0137 104.057 0.412859 0.10144 -0.375264 -0.43876 -0
194.93 29.3121 84.7295 0.438516 0.113133 -0.19381 -0.532212 0.111897
204.688 26.0137 85.9428 0.43521 0.0990596 -0.19381 -0.532212 0.111897
200.859 29.3121 95 0.425943 0.10654 -0.19381 -0.532212 0.111897
198.8 22.6916 78.0259 0.474632 0.0699197 -0.20415 0.408196 0.353599
189 12.9668 83.7384 0.474632 0.0887354 -0.20415 0.408196 0.353599
189 3.08652 95 0.487902 0.104344 -0.20415 0.408196 0.353599
198.8 22.6916 78.0259 0.474632 0.0699197 -0.20415 0.408196 0.353599
189 3.08652 95 0.487902 0.104344 -0.20415 0.408196 0.353599
198.753 12.9668 89.3692 0.487902 0.0855283 -0.20415 0.408196 0.353599
179.2 22.6916 78.0259 0.461714 0.113931 6.2269e-08 0.292426 0.497816
189 12.9668 83.7384 0.456107 0.133729 6.2269e-08 0.292426 0.497816
198.8 22.6916 78.0259 0.474632 0.135099 6.2269e-08 0.292426 0.497816
189 26.0137 76.8855 0.471567 0.121411 6.98191e-08 0.187444 0.546075
179.2 22.6916 78.0259 0.461714 0.113931 6.98191e-08 0.187444 0.546075
198.8 22.6916 78.0259 0.474632 0.135099 6.98191e-08 0.187444 0.546075
194.93 29.3121 84.7295 0.42194 0.082977 -0.187632 -0.43876 0.324988
189 26.0137 76.8855 0.408024 0.0814079 -0.187632 -0.43876 0.324988
198.8 22.6916 78.0259 0.412943 0.0923915 -0.187632 -0.43876 0.324988
194.93 29.3121 84.7295 0.42194 0.082977 -0.187632 -0.43876 0.324988
198.8 22.6916 78.0259 0.412943 0.0923915 -0.187632 -0.43876 0.324988
204.688 26.0137 85.9428 0.426859 0.0939606 -0.187632 -0.43876 0.324988
183.07 29.3121 84.7295 0.414877 0.0688553 0 -0.532212 0.223793
189 26.0137 76.8855 0.408024 0.0814079 0 -0.532212 0.223793
194.93 29.3121 84.7295 0.42194 0.082977 0 -0.532212 0.223793
179.2 22.6916 78.0259 0.461714 0.113931 0.20415 0.408196 0.353599
179.247 12.9668 89.3692 0.444123 0.123952 0.20415 0.408196 0.353599
189 3.08652 95 0.438516 0.14375 0.20415 0.408196 0.353599
179.2 22.6916 78.0259 0.461714 0.113931 0.20415 0.408196 0.353599
189 3.08652 95 0.438516 0.14375 0.20415 0.408196 0.353599
189 12.9668 83.7384 0.456107 0.133729 0.20415 0.408196 0.353599
169.4 22.6916 95 0.438678 0.105768 0.431121 0.292426 0.248908
179.247 12.9668 89.3692 0.444123 0.123952 0.431121 0.292426 0.248908
179.2 22.6916 78.0259 0.461714 0.113931 0.431121 0.292426 0.248908
173.312 26.0137 85.9428 0.452392 0.105768 0.472915 0.187445 0.273037
169.4 22.6916 95 0.438678 0.105768 0.472915 0.187445 0.273037
179.2 22.6916 78.0259 0.461714 0.113931 0.472915 0.187445 0.273037
183.07 29.3121 84.7295 0.414877 0.0688553 0.187632 -0.43876 0.324988
173.312 26.0137 85.9428 0.408024 0.0563027 0.187632 -0.43876 0.324988
179.2 22.6916 78.0259 0.401172 0.0688553 0.187632 -0.43876 0.324988
183.07 29.3121 84.7295 0.414877 0.0688553 0.187632 -0.43876 0.324988
179.2 22.6916 78.0259 0.401172 0.0688553 0.187632 -0.43876 0.324988
189 26.0137 76.8855 0.408024 0.0814079 0.187632 -0.43876 0.324988
177.141 29.3121 95 0.42194 0.0547336 0.19381 -0.532212 0.111896
173.312 26.0137 85.9428 0.408024 0.0563027 0.19381 -0.532212 0.111896
183.07 29.3121 84.7295 0.414877 0.0688553 0.19381 -0.532212 0.111896
169.4 22.6916 95 0.501172 0.109326 0.4083 0.408196 -0
179.247 12.9668 100.631 0.487902 0.124934 0.4083 0.408196 -0
189 3.08652 95 0.487902 0.14375 0.4083 0.408196 -0
169.4 22.6916 95 0.501172 0.109326 0.4083 0.408196 -0
189 3.08652 95 0.487902 0.14375 0.4083 0.408196 -0
179.247 12.9668 89.3692 0.501172 0.128142 0.4083 0.408196 -0
179.2 22.6916 111.974 0.474632 0.109326 0.431121 0.292426 -0.248908
179.247 12.9668 100.631 0.487902 0.124934 0.431121 0.292426 -0.248908
169.4 22.6916 95 0.501172 0.109326 0.431121 0.292426 -0.248908
173.312 26.0137 104.057 0.487902 0.104344 0.472915 0.187445 -0.273037
179.2 22.6916 111.974 0.474632 0.109326 0.472915 0.187445 -0.273037
169.4 22.6916 95 0.501172 0.109326 0.472915 0.187445 -0.273037
177.141 29.3121 95 0.42194 0.0547336 0.375264 -0.43876 -0
173.312 26.0137 104.057 0.426859 0.04375 0.375264 -0.43876 -0
169.4 22.6916 95 0.412943 0.0453191 0.375264 -0.43876 -0
177.141 29.3121 95 0.42194 0.0547336 0.375264 -0.43876 -0
169.4 22.6916 95 0.412943 0.0453191 0.375264 -0.43876 -0
173.312 26.0137 85.9428 0.408024 0.0563027 0.375264 -0.43876 -0
183.07 29.3121 105.271 0.41337 0.131678 0.19381 -0.532212 -0.111897
173.312 26.0137 104.057 0.412859 0.14375 0.19381 -0.532212 -0.111897
177.141 29.3121 95 0.425943 0.138272 0.19381 -0.532212 -0.111897
179.2 22.6916 111.974 0.474632 0.109326 0.20415 0.408196 -0.353599
189 12.9668 106.262 0.474632 0.128142 0.20415 0.408196 -0.353599
189 3.08652 95 0.487902 0.14375 0.20415 0.408196 -0.353599
179.2 22.6916 111.974 0.474632 0.109326 0.20415 0.408196 -0.353599
189 3.08652 95 0.487902 0.14375 0.20415 0.408196 -0.353599
179.247 12.9668 100.631 0.487902 0.124934 0.20415 0.408196 -0.353599
198.8 22.6916 111.974 0.461714 0.0759493 -6.2269e-08 0.292426 -0.497816
189 12.9668 106.262 0.456107 0.0957472 -6.2269e-08 0.292426 -0.497816
179.2 22.6916 111.974 0.474632 0.0971173 -6.2269e-08 0.292426 -0.497816
189 26.0137 113.115 0.471567 0.0834295 -6.98191e-08 0.187444 -0.546075
198.8 22.6916 111.974 0.461714 0.0759493 -6.98191e-08 0.187444 -0.546075
179.2 22.6916 111.974 0.474632 0.0971173 -6.98191e-08 0.187444 -0.546075
183.07 29.3121 105.271 0.41337 0.131678 0.187632 -0.43876 -0.324988
189 26.0137 113.115 0.401683 0.123786 0.187632 -0.43876 -0.324988
179.2 22.6916 111.974 0.401172 0.135858 0.187632 -0.43876 -0.324988
183.07 29.3121 105.271 0.41337 0.131678 0.187632 -0.43876 -0.324988
179.2 22.6916 111.974 0.401172 0.135858 0.187632 -0.43876 -0.324988
173.312 26.0137 104.057 0.412859 0.14375 0.187632 -0.43876 -0.324988
194.93 29.3121 105.271 0.41337 0.115812 0 -0.532212 -0.223793
189 26.0137 113.115 0.401683 0.123786 0 -0.532212 -0.223793
183.07 29.3121 105.271 0.41337 0.131678 0 -0.532212 -0.223793
189 29.2865 95 0.425943 0.122406 0 -0.577348 0.00143699
194.93 29.3121 105.271 0.41337 0.115812 0 -0.577348 0.00143699
183.07 29.3121 105.271 0.41337 0.131678 0 -0.577348 0.00143699
194.93 29.3121 105.271 0.41337 0.115812 0 -0.577348 0.00143699
189 29.2865 95 0.425943 0.122406 0 -0.577348 0.00143699
200.859 29.3121 95 0.425943 0.10654 0.0012445 -0.577348 0.000718494
200.859 29.3121 95 0.425943 0.10654 0.0012445 -0.577348 0.000718494
189 29.2865 95 0.425943 0.122406 0 -0.577348 0.00143699
194.93 29.3121 84.7295 0.438516 0.113133 0.0012445 -0.577348 -0.000718494
194.93 29.3121 84.7295 0.438516 0.113133 0.0012445 -0.577348 -0.000718494
189 29.2865 95 0.425943 0.122406 0 -0.577348 0.00143699
183.07 29.3121 84.7295 0.438516 0.128999 0 -0.577348 -0.00143699
183.07 29.3121 84.7295 0.438516 0.128999 0 -0.577348 -0.00143699
189 29.2865 95 0.425943 0.122406 0 -0.577348 0.00143699
177.141 29.3121 95 0.425943 0.138272 -0.00124455 -0.577348 -0.000718494
177.141 29.3121 95 0.425943 0.138272 -0.00124455 -0.577348 -0.000718494
189 29.2865 95 0.425943 0.122406 0 -0.577348 0.00143699
183.07 29.3121 105.271 0.41337 0.131678 0 -0.577348 0.00143699
