Vertex Count: 288

Data:

-27 12.6865 272.773 0.444122 0.0859702 0.204124 -0.408248 0.353553
-27 22.6865 284.32 0.461714 0.0759493 0.204124 -0.408248 0.353553
-37 12.6865 278.547 0.456107 0.0957472 0.204124 -0.408248 0.353553
-27 12.6865 272.773 0.444122 0.0859702 0.204124 -0.408248 0.353553
-37 12.6865 278.547 0.456107 0.0957472 0.204124 -0.408248 0.353553
-37 2.68652 267 0.438516 0.105768 0.204124 -0.408248 0.353553
-27 12.6865 272.773 0.444122 0.0859702 0.433013 -0.288675 0.25
-17 22.6865 267 0.438678 0.0677863 0.433013 -0.288675 0.25
-27 22.6865 284.32 0.461714 0.0759493 0.433013 -0.288675 0.25
-17 22.6865 267 0.438678 0.0677863 0.474826 -0.180886 0.274141
-21 26.1865 276.238 0.452392 0.0677863 0.474826 -0.180886 0.274141
-27 22.6865 284.32 0.461714 0.0759493 0.474826 -0.180886 0.274141
-21 26.1865 276.238 0.412859 0.10144 0.190094 0.4345 0.329252
-31 29.6865 277.392 0.41337 0.115812 0.190094 0.4345 0.329252
-37 26.1865 285.475 0.401683 0.123786 0.190094 0.4345 0.329252
-21 26.1865 276.238 0.412859 0.10144 0.190094 0.4345 0.329252
-37 26.1865 285.475 0.401683 0.123786 0.190094 0.4345 0.329252
-27 22.6865 284.32 0.401172 0.109415 0.190094 0.4345 0.329252
-21 26.1865 276.238 0.412859 0.10144 0.19868 0.529813 0.114708
-25 29.6865 267 0.425943 0.10654 0.19868 0.529813 0.114708
-31 29.6865 277.392 0.41337 0.115812 0.19868 0.529813 0.114708
-27 12.6865 261.227 0.487902 0.0855283 0.408248 -0.408248 -8.42937e-08
-17 22.6865 267 0.501172 0.0699197 0.408248 -0.408248 -8.42937e-08
-27 12.6865 272.773 0.501172 0.0887354 0.408248 -0.408248 -8.42937e-08
-27 12.6865 261.227 0.487902 0.0855283 0.408248 -0.408248 -8.42937e-08
-27 12.6865 272.773 0.501172 0.0887354 0.408248 -0.408248 -8.42937e-08
-37 2.68652 267 0.487902 0.104344 0.408248 -0.408248 -8.42937e-08
-27 12.6865 261.227 0.487902 0.0855283 0.433013 -0.288675 -0.25
-27 22.6865 249.68 0.474632 0.0699197 0.433013 -0.288675 -0.25
-17 22.6865 267 0.501172 0.0699197 0.433013 -0.288675 -0.25
-27 22.6865 249.68 0.474632 0.0699197 0.474826 -0.180886 -0.274141
-21 26.1865 257.762 0.487902 0.0649378 0.474826 -0.180886 -0.274141
-17 22.6865 267 0.501172 0.0699197 0.474826 -0.180886 -0.274141
-21 26.1865 257.762 0.43521 0.0990596 0.380188 0.4345 -7.00892e-08
-25 29.6865 267 0.425943 0.10654 0.380188 0.4345 -7.00892e-08
-21 26.1865 276.238 0.412859 0.10144 0.380188 0.4345 -7.00892e-08
-21 26.1865 257.762 0.43521 0.0990596 0.380188 0.4345 -7.00892e-08
-21 26.1865 276.238 0.412859 0.10144 0.380188 0.4345 -7.00892e-08
-17 22.6865 267 0.422126 0.0939606 0.380188 0.4345 -7.00892e-08
-21 26.1865 257.762 0.43521 0.0990596 0.19868 0.529813 -0.114708
-31 29.6865 256.608 0.438516 0.113133 0.19868 0.529813 -0.114708
-25 29.6865 267 0.425943 0.10654 0.19868 0.529813 -0.114708
-37 12.6865 255.453 0.474632 0.0887354 0.204124 -0.408248 -0.353553
-27 22.6865 249.68 0.474632 0.0699197 0.204124 -0.408248 -0.353553
-27 12.6865 261.227 0.487902 0.0855283 0.204124 -0.408248 -0.353553
-37 12.6865 255.453 0.474632 0.0887354 0.204124 -0.408248 -0.353553
-27 12.6865 261.227 0.487902 0.0855283 0.204124 -0.408248 -0.353553
-37 2.68652 267 0.487902 0.104344 0.204124 -0.408248 -0.353553
-37 12.6865 255.453 0.456107 0.133729 0 -0.288675 -0.5
-47 22.6865 249.68 0.461714 0.113931 0 -0.288675 -0.5
-27 22.6865 249.68 0.474632 0.135099 0 -0.288675 -0.5
-47 22.6865 249.68 0.461714 0.113931 -6.41932e-08 -0.180886 -0.548282
-37 26.1865 248.525 0.471567 0.121411 -6.41932e-08 -0.180886 -0.548282
-27 22.6865 249.68 0.474632 0.135099 -6.41932e-08 -0.180886 -0.548282
-37 26.1865 248.525 0.408024 0.0814079 0.190094 0.4345 -0.329252
-31 29.6865 256.608 0.42194 0.082977 0.190094 0.4345 -0.329252
-21 26.1865 257.762 0.426859 0.0939606 0.190094 0.4345 -0.329252
-37 26.1865 248.525 0.408024 0.0814079 0.190094 0.4345 -0.329252
-21 26.1865 257.762 0.426859 0.0939606 0.190094 0.4345 -0.329252
-27 22.6865 249.68 0.412943 0.0923915 0.190094 0.4345 -0.329252
-37 26.1865 248.525 0.408024 0.0814079 0 0.529813 -0.229416
-43 29.6865 256.608 0.414877 0.0688553 0 0.529813 -0.229416
-31 29.6865 256.608 0.42194 0.082977 0 0.529813 -0.229416
-47 12.6865 261.227 0.444123 0.123952 -0.204124 -0.408248 -0.353553
-47 22.6865 249.68 0.461714 0.113931 -0.204124 -0.408248 -0.353553
-37 12.6865 255.453 0.456107 0.133729 -0.204124 -0.408248 -0.353553
-47 12.6865 261.227 0.444123 0.123952 -0.204124 -0.408248 -0.353553
-37 12.6865 255.453 0.456107 0.133729 -0.204124 -0.408248 -0.353553
-37 2.68652 267 0.438516 0.14375 -0.204124 -0.408248 -0.353553
-47 12.6865 261.227 0.444123 0.123952 -0.433013 -0.288675 -0.25
-57 22.6865 267 0.438678 0.105768 -0.433013 -0.288675 -0.25
-47 22.6865 249.68 0.461714 0.113931 -0.433013 -0.288675 -0.25
-57 22.6865 267 0.438678 0.105768 -0.474827 -0.180886 -0.274141
-53 26.1865 257.762 0.452392 0.105768 -0.474827 -0.180886 -0.274141
-47 22.6865 249.68 0.461714 0.113931 -0.474827 -0.180886 -0.274141
-53 26.1865 257.762 0.408024 0.0563027 -0.190094 0.4345 -0.329252
-43 29.6865 256.608 0.414877 0.0688553 -0.190094 0.4345 -0.329252
-37 26.1865 248.525 0.408024 0.0814079 -0.190094 0.4345 -0.329252
-53 26.1865 257.762 0.408024 0.0563027 -0.190094 0.4345 -0.329252
-37 26.1865 248.525 0.408024 0.0814079 -0.190094 0.4345 -0.329252
-47 22.6865 249.68 0.401172 0.0688553 -0.190094 0.4345 -0.329252
-53 26.1865 257.762 0.408024 0.0563027 -0.19868 0.529813 -0.114708
-49 29.6865 267 0.42194 0.0547336 -0.19868 0.529813 -0.114708
-43 29.6865 256.608 0.414877 0.0688553 -0.19868 0.529813 -0.114708
-47 12.6865 272.773 0.487902 0.124934 -0.408248 -0.408248 -0
-57 22.6865 267 0.501172 0.109326 -0.408248 -0.408248 -0
-47 12.6865 261.227 0.501172 0.128142 -0.408248 -0.408248 -0
-47 12.6865 272.773 0.487902 0.124934 -0.408248 -0.408248 -0
-47 12.6865 261.227 0.501172 0.128142 -0.408248 -0.408248 -0
-37 2.68652 267 0.487902 0.14375 -0.408248 -0.408248 -0
-47 12.6865 272.773 0.487902 0.124934 -0.433013 -0.288675 0.25
-47 22.6865 284.32 0.474632 0.109326 -0.433013 -0.288675 0.25
-57 22.6865 267 0.501172 0.109326 -0.433013 -0.288675 0.25
-47 22.6865 284.32 0.474632 0.109326 -0.474826 -0.180887 0.274141
-53 26.1865 276.238 0.487902 0.104344 -0.474826 -0.180887 0.274141
-57 22.6865 267 0.501172 0.109326 -0.474826 -0.180887 0.274141
-53 26.1865 276.238 0.426859 0.04375 -0.380188 0.4345 8.76115e-08
-49 29.6865 267 0.42194 0.0547336 -0.380188 0.4345 8.76115e-08
-53 26.1865 257.762 0.408024 0.0563027 -0.380188 0.4345 8.76115e-08
-53 26.1865 276.238 0.426859 0.04375 -0.380188 0.4345 8.76115e-08
-53 26.1865 257.762 0.408024 0.0563027 -0.380188 0.4345 8.76115e-08
-57 22.6865 267 0.412943 0.0453191 -0.380188 0.4345 8.76115e-08
-53 26.1865 276.238 0.412859 0.14375 -0.19868 0.529813 0.114708
-43 29.6865 277.392 0.41337 0.131678 -0.19868 0.529813 0.114708
-49 29.6865 267 0.425943 0.138272 -0.19868 0.529813 0.114708
-37 12.6865 278.547 0.474632 0.128142 -0.204124 -0.408248 0.353553
-47 22.6865 284.32 0.474632 0.109326 -0.204124 -0.408248 0.353553
-47 12.6865 272.773 0.487902 0.124934 -0.204124 -0.408248 0.353553
-37 12.6865 278.547 0.474632 0.128142 -0.204124 -0.408248 0.353553
-47 12.6865 272.773 0.487902 0.124934 -0.204124 -0.408248 0.353553
-37 2.68652 267 0.487902 0.14375 -0.204124 -0.408248 0.353553
-37 12.6865 278.547 0.456107 0.0957472 0 -0.288675 0.5
-27 22.6865 284.32 0.461714 0.0759493 0 -0.288675 0.5
-47 22.6865 284.32 0.474632 0.0971173 0 -0.288675 0.5
-27 22.6865 284.32 0.461714 0.0759493 6.41932e-08 -0.180886 0.548282
-37 26.1865 285.475 0.471567 0.0834295 6.41932e-08 -0.180886 0.548282
-47 22.6865 284.32 0.474632 0.0971173 6.41932e-08 -0.180886 0.548282
-37 26.1865 285.475 0.401683 0.123786 -0.190094 0.4345 0.329252
-43 29.6865 277.392 0.41337 0.131678 -0.190094 0.4345 0.329252
-53 26.1865 276.238 0.412859 0.14375 -0.190094 0.4345 0.329252
-37 26.1865 285.475 0.401683 0.123786 -0.190094 0.4345 0.329252
-53 26.1865 276.238 0.412859 0.14375 -0.190094 0.4345 0.329252
-47 22.6865 284.32 0.401172 0.135858 -0.190094 0.4345 0.329252
-37 26.1865 285.475 0.401683 0.123786 0 0.529813 0.229416
-31 29.6865 277.392 0.41337 0.115812 0 0.529813 0.229416
-43 29.6865 277.392 0.41337 0.131678 0 0.529813 0.229416
-31 29.6865 277.392 0.41337 0.115812 0 0.57735 -0
-37 29.6865 267 0.425943 0.122406 0 0.57735 -0
-43 29.6865 277.392 0.41337 0.131678 0 0.57735 -0
-37 29.6865 267 0.425943 0.122406 0 0.57735 -0
-31 29.6865 277.392 0.41337 0.115812 0 0.57735 -0
-25 29.6865 267 0.425943 0.10654 0 0.57735 -0
-37 29.6865 267 0.425943 0.122406 0 0.57735 -0
-25 29.6865 267 0.425943 0.10654 0 0.57735 -0
-31 29.6865 256.608 0.438516 0.113133 0 0.57735 -0
-37 29.6865 267 0.425943 0.122406 0 0.57735 -0
-31 29.6865 256.608 0.438516 0.113133 0 0.57735 -0
-43 29.6865 256.608 0.438516 0.128999 0 0.57735 -0
-37 29.6865 267 0.425943 0.122406 0 0.57735 -0
-43 29.6865 256.608 0.438516 0.128999 0 0.57735 -0
-49 29.6865 267 0.425943 0.138272 1.10379e-07 0.57735 -0
-37 29.6865 267 0.425943 0.122406 0 0.57735 -0
-49 29.6865 267 0.425943 0.138272 1.10379e-07 0.57735 -0
-43 29.6865 277.392 0.41337 0.131678 0 0.57735 -0
-27.2 22.6916 283.974 0.461714 0.0759493 -0.20415 0.408196 -0.353599
-27.2472 12.9668 272.631 0.444122 0.0859702 -0.20415 0.408196 -0.353599
-37 3.08652 267 0.438516 0.105768 -0.20415 0.408196 -0.353599
-27.2 22.6916 283.974 0.461714 0.0759493 -0.20415 0.408196 -0.353599
-37 3.08652 267 0.438516 0.105768 -0.20415 0.408196 -0.353599
-37 12.9668 278.262 0.456107 0.0957472 -0.20415 0.408196 -0.353599
-17.4 22.6916 267 0.438678 0.0677863 -0.431121 0.292426 -0.248908
-27.2472 12.9668 272.631 0.444122 0.0859702 -0.431121 0.292426 -0.248908
-27.2 22.6916 283.974 0.461714 0.0759493 -0.431121 0.292426 -0.248908
-21.3124 26.0137 276.057 0.452392 0.0677863 -0.472915 0.187445 -0.273037
-17.4 22.6916 267 0.438678 0.0677863 -0.472915 0.187445 -0.273037
-27.2 22.6916 283.974 0.461714 0.0759493 -0.472915 0.187445 -0.273037
-31.0703 29.3121 277.271 0.41337 0.115812 -0.187632 -0.43876 -0.324988
-21.3124 26.0137 276.057 0.412859 0.10144 -0.187632 -0.43876 -0.324988
-27.2 22.6916 283.974 0.401172 0.109415 -0.187632 -0.43876 -0.324988
-31.0703 29.3121 277.271 0.41337 0.115812 -0.187632 -0.43876 -0.324988
-27.2 22.6916 283.974 0.401172 0.109415 -0.187632 -0.43876 -0.324988
-37 26.0137 285.115 0.401683 0.123786 -0.187632 -0.43876 -0.324988
-25.1407 29.3121 267 0.425943 0.10654 -0.193811 -0.532212 -0.111896
-21.3124 26.0137 276.057 0.412859 0.10144 -0.193811 -0.532212 -0.111896
-31.0703 29.3121 277.271 0.41337 0.115812 -0.193811 -0.532212 -0.111896
-17.4 22.6916 267 0.501172 0.0699197 -0.4083 0.408196 -0
-27.2472 12.9668 261.369 0.487902 0.0855283 -0.4083 0.408196 -0
-37 3.08652 267 0.487902 0.104344 -0.4083 0.408196 -0
-17.4 22.6916 267 0.501172 0.0699197 -0.4083 0.408196 -0
-37 3.08652 267 0.487902 0.104344 -0.4083 0.408196 -0
-27.2472 12.9668 272.631 0.501172 0.0887354 -0.4083 0.408196 -0
-27.2 22.6916 250.026 0.474632 0.0699197 -0.431121 0.292426 0.248908
-27.2472 12.9668 261.369 0.487902 0.0855283 -0.431121 0.292426 0.248908
-17.4 22.6916 267 0.501172 0.0699197 -0.431121 0.292426 0.248908
-21.3124 26.0137 257.943 0.487902 0.0649378 -0.472915 0.187444 0.273037
-27.2 22.6916 250.026 0.474632 0.0699197 -0.472915 0.187444 0.273037
-17.4 22.6916 267 0.501172 0.0699197 -0.472915 0.187444 0.273037
-25.1407 29.3121 267 0.425943 0.10654 -0.375264 -0.43876 -0
-21.3124 26.0137 257.943 0.43521 0.0990596 -0.375264 -0.43876 -0
-17.4 22.6916 267 0.422126 0.0939606 -0.375264 -0.43876 -0
-25.1407 29.3121 267 0.425943 0.10654 -0.375264 -0.43876 -0
-17.4 22.6916 267 0.422126 0.0939606 -0.375264 -0.43876 -0
-21.3124 26.0137 276.057 0.412859 0.10144 -0.375264 -0.43876 -0
-31.0703 29.3121 256.729 0.438516 0.113133 -0.19381 -0.532212 0.111897
-21.3124 26.0137 257.943 0.43521 0.0990596 -0.19381 -0.532212 0.111897
-25.1407 29.3121 267 0.425943 0.10654 -0.19381 -0.532212 0.111897
-27.2 22.6916 250.026 0.474632 0.0699197 -0.20415 0.408196 0.353599
-37 12.9668 255.738 0.474632 0.0887354 -0.20415 0.408196 0.353599
-37 3.08652 267 0.487902 0.104344 -0.20415 0.408196 0.353599
-27.2 22.6916 250.026 0.474632 0.0699197 -0.20415 0.408196 0.353599
-37 3.08652 267 0.487902 0.104344 -0.20415 0.408196 0.353599
-27.2472 12.9668 261.369 0.487902 0.0855283 -0.20415 0.408196 0.353599
-46.8 22.6916 250.026 0.461714 0.113931 6.2269e-08 0.292426 0.497816
-37 12.9668 255.738 0.456107 0.133729 6.2269e-08 0.292426 0.497816
-27.2 22.6916 250.026 0.474632 0.135099 6.2269e-08 0.292426 0.497816
-37 26.0137 248.885 0.471567 0.121411 6.98191e-08 0.187444 0.546075
-46.8 22.6916 250.026 0.461714 0.113931 6.98191e-08 0.187444 0.546075
-27.2 22.6916 250.026 0.474632 0.135099 6.98191e-08 0.187444 0.546075
-31.0703 29.3121 256.729 0.42194 0.082977 -0.187632 -0.43876 0.324988
-37 26.0137 248.885 0.408024 0.0814079 -0.187632 -0.43876 0.324988
-27.2 22.6916 250.026 0.412943 0.0923915 -0.187632 -0.43876 0.324988
-31.0703 29.3121 256.729 0.42194 0.082977 -0.187632 -0.43876 0.324988
-27.2 22.6916 250.026 0.412943 0.0923915 -0.187632 -0.43876 0.324988
-21.3124 26.0137 257.943 0.426859 0.0939606 -0.187632 -0.43876 0.324988
-42.9297 29.3121 256.729 0.414877 0.0688553 0 -0.532212 0.223793
-37 26.0137 248.885 0.408024 0.0814079 0 -0.532212 0.223793
-31.0703 29.3121 256.729 0.42194 0.082977 0 -0.532212 0.223793
-46.8 22.6916 250.026 0.461714 0.113931 0.20415 0.408196 0.353599
-46.7528 12.9668 261.369 0.444123 0.123952 0.20415 0.408196 0.353599
-37 3.08652 267 0.438516 0.14375 0.20415 0.408196 0.353599
-46.8 22.6916 250.026 0.461714 0.113931 0.20415 0.408196 0.353599
-37 3.08652 267 0.438516 0.14375 0.20415 0.408196 0.353599
-37 12.9668 255.738 0.456107 0.133729 0.20415 0.408196 0.353599
-56.6 22.6916 267 0.438678 0.105768 0.431121 0.292426 0.248908
-46.7528 12.9668 261.369 0.444123 0.123952 0.431121 0.292426 0.248908
-46.8 22.6916 250.026 0.461714 0.113931 0.431121 0.292426 0.248908
-52.6876 26.0137 257.943 0.452392 0.105768 0.472915 0.187445 0.273037
-56.6 22.6916 267 0.438678 0.105768 0.472915 0.187445 0.273037
-46.8 22.6916 250.026 0.461714 0.113931 0.472915 0.187445 0.273037
-42.9297 29.3121 256.729 0.414877 0.0688553 0.187632 -0.43876 0.324988
-52.6876 26.0137 257.943 0.408024 0.0563027 0.187632 -0.43876 0.324988
-46.8 22.6916 250.026 0.401172 0.0688553 0.187632 -0.43876 0.324988
-42.9297 29.3121 256.729 0.414877 0.0688553 0.187632 -0.43876 0.324988
-46.8 22.6916 250.026 0.401172 0.0688553 0.187632 -0.43876 0.324988
-37 26.0137 248.885 0.408024 0.0814079 0.187632 -0.43876 0.324988
-48.8593 29.3121 267 0.42194 0.0547336 0.19381 -0.532212 0.111896
-52.6876 26.0137 257.943 0.408024 0.0563027 0.19381 -0.532212 0.111896
-42.9297 29.3121 256.729 0.414877 0.0688553 0.19381 -0.532212 0.111896
-56.6 22.6916 267 0.501172 0.109326 0.4083 0.408196 -0
-46.7528 12.9668 272.631 0.487902 0.124934 0.4083 0.408196 -0
-37 3.08652 267 0.487902 0.14375 0.4083 0.408196 -0
-56.6 22.6916 267 0.501172 0.109326 0.4083 0.408196 -0
-37 3.08652 267 0.487902 0.14375 0.4083 0.408196 -0
-46.7528 12.9668 261.369 0.501172 0.128142 0.4083 0.408196 -0
-46.8 22.6916 283.974 0.474632 0.109326 0.431121 0.292426 -0.248908
-46.7528 12.9668 272.631 0.487902 0.124934 0.431121 0.292426 -0.248908
-56.6 22.6916 267 0.501172 0.109326 0.431121 0.292426 -0.248908
-52.6876 26.0137 276.057 0.487902 0.104344 0.472915 0.187445 -0.273037
-46.8 22.6916 283.974 0.474632 0.109326 0.472915 0.187445 -0.273037
-56.6 22.6916 267 0.501172 0.109326 0.472915 0.187445 -0.273037
-48.8593 29.3121 267 0.42194 0.0547336 0.375264 -0.43876 -0
-52.6876 26.0137 276.057 0.426859 0.04375 0.375264 -0.43876 -0
-56.6 22.6916 267 0.412943 0.0453191 0.375264 -0.43876 -0
-48.8593 29.3121 267 0.42194 0.0547336 0.375264 -0.43876 -0
-56.6 22.6916 267 0.412943 0.0453191 0.375264 -0.43876 -0
-52.6876 26.0137 257.943 0.408024 0.0563027 0.375264 -0.43876 -0
-42.9297 29.3121 277.271 0.41337 0.131678 0.19381 -0.532212 -0.111897
-52.6876 26.0137 276.057 0.412859 0.14375 0.19381 -0.532212 -0.111897
-48.8593 29.3121 267 0.425943 0.138272 0.19381 -0.532212 -0.111897
-46.8 22.6916 283.974 0.474632 0.109326 0.20415 0.408196 -0.353599
-37 12.9668 278.262 0.474632 0.128142 0.20415 0.408196 -0.353599
-37 3.08652 267 0.487902 0.14375 0.20415 0.408196 -0.353599
-46.8 22.6916 283.974 0.474632 0.109326 0.20415 0.408196 -0.353599
-37 3.08652 267 0.487902 0.14375 0.20415 0.408196 -0.353599
-46.7528 12.9668 272.631 0.487902 0.124934 0.20415 0.408196 -0.353599
-27.2 22.6916 283.974 0.461714 0.0759493 -6.2269e-08 0.292426 -0.497816
-37 12.9668 278.262 0.456107 0.0957472 -6.2269e-08 0.292426 -0.497816
-46.8 22.6916 283.974 0.474632 0.0971173 -6.2269e-08 0.292426 -0.497816
-37 26.0137 285.115 0.471567 0.0834295 -6.98191e-08 0.187444 -0.546075
-27.2 22.6916 283.974 0.461714 0.0759493 -6.98191e-08 0.187444 -0.546075
-46.8 22.6916 283.974 0.474632 0.0971173 -6.98191e-08 0.187444 -0.546075
-42.9297 29.3121 277.271 0.41337 0.131678 0.187632 -0.43876 -0.324988
-37 26.0137 285.115 0.401683 0.123786 0.187632 -0.43876 -0.324988
-46.8 22.6916 283.974 0.401172 0.135858 0.187632 -0.43876 -0.324988
-42.9297 29.3121 277.271 0.41337 0.131678 0.187632 -0.43876 -0.324988
-46.8 22.6916 283.974 0.401172 0.135858 0.187632 -0.43876 -0.324988
-52.6876 26.0137 276.057 0.412859 0.14375 0.187632 -0.43876 -0.324988
-31.0703 29.3121 277.271 0.41337 0.115812 0 -0.532212 -0.223793
-37 26.0137 285.115 0.401683 0.123786 0 -0.532212 -0.223793
-42.9297 29.3121 277.271 0.41337 0.131678 0 -0.532212 -0.223793
-37 29.2865 267 0.425943 0.122406 0 -0.577348 0.00143699
-31.0703 29.3121 277.271 0.41337 0.115812 0 -0.577348 0.00143699
-42.9297 29.3121 277.271 0.41337 0.131678 0 -0.577348 0.00143699
-31.0703 29.3121 277.271 0.41337 0.115812 0 -0.577348 0.00143699
-37 29.2865 267 0.425943 0.122406 0 -0.577348 0.00143699
-25.1407 29.3121 267 0.425943 0.10654 0.0012445 -0.577348 0.000718494
-25.1407 29.3121 267 0.425943 0.10654 0.0012445 -0.577348 0.000718494
-37 29.2865 267 0.425943 0.122406 0 -0.577348 0.00143699
-31.0703 29.3121 256.729 0.438516 0.113133 0.0012445 -0.577348 -0.000718494
-31.0703 29.3121 256.729 0.438516 0.113133 0.0012445 -0.577348 -0.000718494
-37 29.2865 267 0.425943 0.122406 0 -0.577348 0.00143699
-42.9297 29.3121 256.729 0.438516 0.128999 0 -0.577348 -0.00143699
-42.9297 29.3121 256.729 0.438516 0.128999 0 -0.577348 -0.00143699
-37 29.2865 267 0.425943 0.122406 0 -0.577348 0.00143699
-48.8593 29.3121 267 0.425943 0.138272 -0.00124455 -0.577348 -0.000718494
-48.8593 29.3121 267 0.425943 0.138272 -0.00124455 -0.577348 -0.000718494
-37 29.2865 267 0.425943 0.122406 0 -0.577348 0.00143699
-42.9297 29.3121 277.271 0.41337 0.131678 0 -0.577348 0.00143699
