Vertex Count: 288

Data:

123 12.6865 200.773 0.444122 0.0859702 0.204124 -0.408248 0.353553
123 22.6865 212.32 0.461714 0.0759493 0.204124 -0.408248 0.353553
113 12.6865 206.547 0.456107 0.0957472 0.204124 -0.408248 0.353553
123 12.6865 200.773 0.444122 0.0859702 0.204124 -0.408248 0.353553
113 12.6865 206.547 0.456107 0.0957472 0.204124 -0.408248 0.353553
113 2.68652 195 0.438516 0.105768 0.204124 -0.408248 0.353553
123 12.6865 200.773 0.444122 0.0859702 0.433013 -0.288675 0.25
133 22.6865 195 0.438678 0.0677863 0.433013 -0.288675 0.25
123 22.6865 212.32 0.461714 0.0759493 0.433013 -0.288675 0.25
133 22.6865 195 0.438678 0.0677863 0.474826 -0.180886 0.274141
129 26.1865 204.238 0.452392 0.0677863 0.474826 -0.180886 0.274141
123 22.6865 212.32 0.461714 0.0759493 0.474826 -0.180886 0.274141
129 26.1865 204.238 0.412859 0.10144 0.190094 0.4345 0.329252
119 29.6865 205.392 0.41337 0.115812 0.190094 0.4345 0.329252
113 26.1865 213.475 0.401683 0.123786 0.190094 0.4345 0.329252
129 26.1865 204.238 0.412859 0.10144 0.190094 0.4345 0.329252
113 26.1865 213.475 0.401683 0.123786 0.190094 0.4345 0.329252
123 22.6865 212.32 0.401172 0.109415 0.190094 0.4345 0.329252
129 26.1865 204.238 0.412859 0.10144 0.19868 0.529813 0.114708
125 29.6865 195 0.425943 0.10654 0.19868 0.529813 0.114708
119 29.6865 205.392 0.41337 0.115812 0.19868 0.529813 0.114708
123 12.6865 189.227 0.487902 0.0855283 0.408248 -0.408248 -8.42937e-08
133 22.6865 195 0.501172 0.0699197 0.408248 -0.408248 -8.42937e-08
123 12.6865 200.773 0.501172 0.0887354 0.408248 -0.408248 -8.42937e-08
123 12.6865 189.227 0.487902 0.0855283 0.408248 -0.408248 -8.42937e-08
123 12.6865 200.773 0.501172 0.0887354 0.408248 -0.408248 -8.42937e-08
113 2.68652 195 0.487902 0.104344 0.408248 -0.408248 -8.42937e-08
123 12.6865 189.227 0.487902 0.0855283 0.433013 -0.288675 -0.25
123 22.6865 177.68 0.474632 0.0699197 0.433013 -0.288675 -0.25
133 22.6865 195 0.501172 0.0699197 0.433013 -0.288675 -0.25
123 22.6865 177.68 0.474632 0.0699197 0.474826 -0.180886 -0.274141
129 26.1865 185.762 0.487902 0.0649378 0.474826 -0.180886 -0.274141
133 22.6865 195 0.501172 0.0699197 0.474826 -0.180886 -0.274141
129 26.1865 185.762 0.43521 0.0990596 0.380188 0.4345 -7.00892e-08
125 29.6865 195 0.425943 0.10654 0.380188 0.4345 -7.00892e-08
129 26.1865 204.238 0.412859 0.10144 0.380188 0.4345 -7.00892e-08
129 26.1865 185.762 0.43521 0.0990596 0.380188 0.4345 -7.00892e-08
129 26.1865 204.238 0.412859 0.10144 0.380188 0.4345 -7.00892e-08
133 22.6865 195 0.422126 0.0939606 0.380188 0.4345 -7.00892e-08
129 26.1865 185.762 0.43521 0.0990596 0.19868 0.529813 -0.114708
119 29.6865 184.608 0.438516 0.113133 0.19868 0.529813 -0.114708
125 29.6865 195 0.425943 0.10654 0.19868 0.529813 -0.114708
113 12.6865 183.453 0.474632 0.0887354 0.204124 -0.408248 -0.353553
123 22.6865 177.68 0.474632 0.0699197 0.204124 -0.408248 -0.353553
123 12.6865 189.227 0.487902 0.0855283 0.204124 -0.408248 -0.353553
113 12.6865 183.453 0.474632 0.0887354 0.204124 -0.408248 -0.353553
123 12.6865 189.227 0.487902 0.0855283 0.204124 -0.408248 -0.353553
113 2.68652 195 0.487902 0.104344 0.204124 -0.408248 -0.353553
113 12.6865 183.453 0.456107 0.133729 0 -0.288675 -0.5
103 22.6865 177.68 0.461714 0.113931 0 -0.288675 -0.5
123 22.6865 177.68 0.474632 0.135099 0 -0.288675 -0.5
103 22.6865 177.68 0.461714 0.113931 -6.41932e-08 -0.180886 -0.548282
113 26.1865 176.525 0.471567 0.121411 -6.41932e-08 -0.180886 -0.548282
123 22.6865 177.68 0.474632 0.135099 -6.41932e-08 -0.180886 -0.548282
113 26.1865 176.525 0.408024 0.0814079 0.190094 0.4345 -0.329252
119 29.6865 184.608 0.42194 0.082977 0.190094 0.4345 -0.329252
129 26.1865 185.762 0.426859 0.0939606 0.190094 0.4345 -0.329252
113 26.1865 176.525 0.408024 0.0814079 0.190094 0.4345 -0.329252
129 26.1865 185.762 0.426859 0.0939606 0.190094 0.4345 -0.329252
123 22.6865 177.68 0.412943 0.0923915 0.190094 0.4345 -0.329252
113 26.1865 176.525 0.408024 0.0814079 0 0.529813 -0.229416
107 29.6865 184.608 0.414877 0.0688553 0 0.529813 -0.229416
119 29.6865 184.608 0.42194 0.082977 0 0.529813 -0.229416
103 12.6865 189.227 0.444123 0.123952 -0.204124 -0.408248 -0.353553
103 22.6865 177.68 0.461714 0.113931 -0.204124 -0.408248 -0.353553
113 12.6865 183.453 0.456107 0.133729 -0.204124 -0.408248 -0.353553
103 12.6865 189.227 0.444123 0.123952 -0.204124 -0.408248 -0.353553
113 12.6865 183.453 0.456107 0.133729 -0.204124 -0.408248 -0.353553
113 2.68652 195 0.438516 0.14375 -0.204124 -0.408248 -0.353553
103 12.6865 189.227 0.444123 0.123952 -0.433013 -0.288675 -0.25
93 22.6865 195 0.438678 0.105768 -0.433013 -0.288675 -0.25
103 22.6865 177.68 0.461714 0.113931 -0.433013 -0.288675 -0.25
93 22.6865 195 0.438678 0.105768 -0.474827 -0.180886 -0.274141
97 26.1865 185.762 0.452392 0.105768 -0.474827 -0.180886 -0.274141
103 22.6865 177.68 0.461714 0.113931 -0.474827 -0.180886 -0.274141
97 26.1865 185.762 0.408024 0.0563027 -0.190094 0.4345 -0.329252
107 29.6865 184.608 0.414877 0.0688553 -0.190094 0.4345 -0.329252
113 26.1865 176.525 0.408024 0.0814079 -0.190094 0.4345 -0.329252
97 26.1865 185.762 0.408024 0.0563027 -0.190094 0.4345 -0.329252
113 26.1865 176.525 0.408024 0.0814079 -0.190094 0.4345 -0.329252
103 22.6865 177.68 0.401172 0.0688553 -0.190094 0.4345 -0.329252
97 26.1865 185.762 0.408024 0.0563027 -0.19868 0.529813 -0.114708
101 29.6865 195 0.42194 0.0547336 -0.19868 0.529813 -0.114708
107 29.6865 184.608 0.414877 0.0688553 -0.19868 0.529813 -0.114708
103 12.6865 200.773 0.487902 0.124934 -0.408248 -0.408248 -0
93 22.6865 195 0.501172 0.109326 -0.408248 -0.408248 -0
103 12.6865 189.227 0.501172 0.128142 -0.408248 -0.408248 -0
103 12.6865 200.773 0.487902 0.124934 -0.408248 -0.408248 -0
103 12.6865 189.227 0.501172 0.128142 -0.408248 -0.408248 -0
113 2.68652 195 0.487902 0.14375 -0.408248 -0.408248 -0
103 12.6865 200.773 0.487902 0.124934 -0.433013 -0.288675 0.25
103 22.6865 212.32 0.474632 0.109326 -0.433013 -0.288675 0.25
93 22.6865 195 0.501172 0.109326 -0.433013 -0.288675 0.25
103 22.6865 212.32 0.474632 0.109326 -0.474826 -0.180887 0.274141
97 26.1865 204.238 0.487902 0.104344 -0.474826 -0.180887 0.274141
93 22.6865 195 0.501172 0.109326 -0.474826 -0.180887 0.274141
97 26.1865 204.238 0.426859 0.04375 -0.380188 0.4345 8.76115e-08
101 29.6865 195 0.42194 0.0547336 -0.380188 0.4345 8.76115e-08
97 26.1865 185.762 0.408024 0.0563027 -0.380188 0.4345 8.76115e-08
97 26.1865 204.238 0.426859 0.04375 -0.380188 0.4345 8.76115e-08
97 26.1865 185.762 0.408024 0.0563027 -0.380188 0.4345 8.76115e-08
93 22.6865 195 0.412943 0.0453191 -0.380188 0.4345 8.76115e-08
97 26.1865 204.238 0.412859 0.14375 -0.19868 0.529813 0.114708
107 29.6865 205.392 0.41337 0.131678 -0.19868 0.529813 0.114708
101 29.6865 195 0.425943 0.138272 -0.19868 0.529813 0.114708
113 12.6865 206.547 0.474632 0.128142 -0.204124 -0.408248 0.353553
103 22.6865 212.32 0.474632 0.109326 -0.204124 -0.408248 0.353553
103 12.6865 200.773 0.487902 0.124934 -0.204124 -0.408248 0.353553
113 12.6865 206.547 0.474632 0.128142 -0.204124 -0.408248 0.353553
103 12.6865 200.773 0.487902 0.124934 -0.204124 -0.408248 0.353553
113 2.68652 195 0.487902 0.14375 -0.204124 -0.408248 0.353553
113 12.6865 206.547 0.456107 0.0957472 0 -0.288675 0.5
123 22.6865 212.32 0.461714 0.0759493 0 -0.288675 0.5
103 22.6865 212.32 0.474632 0.0971173 0 -0.288675 0.5
123 22.6865 212.32 0.461714 0.0759493 6.41932e-08 -0.180886 0.548282
113 26.1865 213.475 0.471567 0.0834295 6.41932e-08 -0.180886 0.548282
103 22.6865 212.32 0.474632 0.0971173 6.41932e-08 -0.180886 0.548282
113 26.1865 213.475 0.401683 0.123786 -0.190094 0.4345 0.329252
107 29.6865 205.392 0.41337 0.131678 -0.190094 0.4345 0.329252
97 26.1865 204.238 0.412859 0.14375 -0.190094 0.4345 0.329252
113 26.1865 213.475 0.401683 0.123786 -0.190094 0.4345 0.329252
97 26.1865 204.238 0.412859 0.14375 -0.190094 0.4345 0.329252
103 22.6865 212.32 0.401172 0.135858 -0.190094 0.4345 0.329252
113 26.1865 213.475 0.401683 0.123786 0 0.529813 0.229416
119 29.6865 205.392 0.41337 0.115812 0 0.529813 0.229416
107 29.6865 205.392 0.41337 0.131678 0 0.529813 0.229416
119 29.6865 205.392 0.41337 0.115812 0 0.57735 -0
113 29.6865 195 0.425943 0.122406 0 0.57735 -0
107 29.6865 205.392 0.41337 0.131678 0 0.57735 -0
113 29.6865 195 0.425943 0.122406 0 0.57735 -0
119 29.6865 205.392 0.41337 0.115812 0 0.57735 -0
125 29.6865 195 0.425943 0.10654 0 0.57735 -0
113 29.6865 195 0.425943 0.122406 0 0.57735 -0
125 29.6865 195 0.425943 0.10654 0 0.57735 -0
119 29.6865 184.608 0.438516 0.113133 0 0.57735 -0
113 29.6865 195 0.425943 0.122406 0 0.57735 -0
119 29.6865 184.608 0.438516 0.113133 0 0.57735 -0
107 29.6865 184.608 0.438516 0.128999 0 0.57735 -0
113 29.6865 195 0.425943 0.122406 0 0.57735 -0
107 29.6865 184.608 0.438516 0.128999 0 0.57735 -0
101 29.6865 195 0.425943 0.138272 1.10379e-07 0.57735 -0
113 29.6865 195 0.425943 0.122406 0 0.57735 -0
101 29.6865 195 0.425943 0.138272 1.10379e-07 0.57735 -0
107 29.6865 205.392 0.41337 0.131678 0 0.57735 -0
122.8 22.6916 211.974 0.461714 0.0759493 -0.20415 0.408196 -0.353599
122.753 12.9668 200.631 0.444122 0.0859702 -0.20415 0.408196 -0.353599
113 3.08652 195 0.438516 0.105768 -0.20415 0.408196 -0.353599
122.8 22.6916 211.974 0.461714 0.0759493 -0.20415 0.408196 -0.353599
113 3.08652 195 0.438516 0.105768 -0.20415 0.408196 -0.353599
113 12.9668 206.262 0.456107 0.0957472 -0.20415 0.408196 -0.353599
132.6 22.6916 195 0.438678 0.0677863 -0.431121 0.292426 -0.248908
122.753 12.9668 200.631 0.444122 0.0859702 -0.431121 0.292426 -0.248908
122.8 22.6916 211.974 0.461714 0.0759493 -0.431121 0.292426 -0.248908
128.688 26.0137 204.057 0.452392 0.0677863 -0.472915 0.187445 -0.273037
132.6 22.6916 195 0.438678 0.0677863 -0.472915 0.187445 -0.273037
122.8 22.6916 211.974 0.461714 0.0759493 -0.472915 0.187445 -0.273037
118.93 29.3121 205.27 0.41337 0.115812 -0.187632 -0.43876 -0.324988
128.688 26.0137 204.057 0.412859 0.10144 -0.187632 -0.43876 -0.324988
122.8 22.6916 211.974 0.401172 0.109415 -0.187632 -0.43876 -0.324988
118.93 29.3121 205.27 0.41337 0.115812 -0.187632 -0.43876 -0.324988
122.8 22.6916 211.974 0.401172 0.109415 -0.187632 -0.43876 -0.324988
113 26.0137 213.115 0.401683 0.123786 -0.187632 -0.43876 -0.324988
124.859 29.3121 195 0.425943 0.10654 -0.193811 -0.532212 -0.111896
128.688 26.0137 204.057 0.412859 0.10144 -0.193811 -0.532212 -0.111896
118.93 29.3121 205.27 0.41337 0.115812 -0.193811 -0.532212 -0.111896
132.6 22.6916 195 0.501172 0.0699197 -0.4083 0.408196 -0
122.753 12.9668 189.369 0.487902 0.0855283 -0.4083 0.408196 -0
113 3.08652 195 0.487902 0.104344 -0.4083 0.408196 -0
132.6 22.6916 195 0.501172 0.0699197 -0.4083 0.408196 -0
113 3.08652 195 0.487902 0.104344 -0.4083 0.408196 -0
122.753 12.9668 200.631 0.501172 0.0887354 -0.4083 0.408196 -0
122.8 22.6916 178.026 0.474632 0.0699197 -0.431121 0.292426 0.248908
122.753 12.9668 189.369 0.487902 0.0855283 -0.431121 0.292426 0.248908
132.6 22.6916 195 0.501172 0.0699197 -0.431121 0.292426 0.248908
128.688 26.0137 185.943 0.487902 0.0649378 -0.472915 0.187444 0.273037
122.8 22.6916 178.026 0.474632 0.0699197 -0.472915 0.187444 0.273037
132.6 22.6916 195 0.501172 0.0699197 -0.472915 0.187444 0.273037
124.859 29.3121 195 0.425943 0.10654 -0.375264 -0.43876 -0
128.688 26.0137 185.943 0.43521 0.0990596 -0.375264 -0.43876 -0
132.6 22.6916 195 0.422126 0.0939606 -0.375264 -0.43876 -0
124.859 29.3121 195 0.425943 0.10654 -0.375264 -0.43876 -0
132.6 22.6916 195 0.422126 0.0939606 -0.375264 -0.43876 -0
128.688 26.0137 204.057 0.412859 0.10144 -0.375264 -0.43876 -0
118.93 29.3121 184.73 0.438516 0.113133 -0.19381 -0.532212 0.111897
128.688 26.0137 185.943 0.43521 0.0990596 -0.19381 -0.532212 0.111897
124.859 29.3121 195 0.425943 0.10654 -0.19381 -0.532212 0.111897
122.8 22.6916 178.026 0.474632 0.0699197 -0.20415 0.408196 0.353599
113 12.9668 183.738 0.474632 0.0887354 -0.20415 0.408196 0.353599
113 3.08652 195 0.487902 0.104344 -0.20415 0.408196 0.353599
122.8 22.6916 178.026 0.474632 0.0699197 -0.20415 0.408196 0.353599
113 3.08652 195 0.487902 0.104344 -0.20415 0.408196 0.353599
122.753 12.9668 189.369 0.487902 0.0855283 -0.20415 0.408196 0.353599
103.2 22.6916 178.026 0.461714 0.113931 6.2269e-08 0.292426 0.497816
113 12.9668 183.738 0.456107 0.133729 6.2269e-08 0.292426 0.497816
122.8 22.6916 178.026 0.474632 0.135099 6.2269e-08 0.292426 0.497816
113 26.0137 176.885 0.471567 0.121411 6.98191e-08 0.187444 0.546075
103.2 22.6916 178.026 0.461714 0.113931 6.98191e-08 0.187444 0.546075
122.8 22.6916 178.026 0.474632 0.135099 6.98191e-08 0.187444 0.546075
118.93 29.3121 184.73 0.42194 0.082977 -0.187632 -0.43876 0.324988
113 26.0137 176.885 0.408024 0.0814079 -0.187632 -0.43876 0.324988
122.8 22.6916 178.026 0.412943 0.0923915 -0.187632 -0.43876 0.324988
118.93 29.3121 184.73 0.42194 0.082977 -0.187632 -0.43876 0.324988
122.8 22.6916 178.026 0.412943 0.0923915 -0.187632 -0.43876 0.324988
128.688 26.0137 185.943 0.426859 0.0939606 -0.187632 -0.43876 0.324988
107.07 29.3121 184.73 0.414877 0.0688553 0 -0.532212 0.223793
113 26.0137 176.885 0.408024 0.0814079 0 -0.532212 0.223793
118.93 29.3121 184.73 0.42194 0.082977 0 -0.532212 0.223793
103.2 22.6916 178.026 0.461714 0.113931 0.20415 0.408196 0.353599
103.247 12.9668 189.369 0.444123 0.123952 0.20415 0.408196 0.353599
113 3.08652 195 0.438516 0.14375 0.20415 0.408196 0.353599
103.2 22.6916 178.026 0.461714 0.113931 0.20415 0.408196 0.353599
113 3.08652 195 0.438516 0.14375 0.20415 0.408196 0.353599
113 12.9668 183.738 0.456107 0.133729 0.20415 0.408196 0.353599
93.4 22.6916 195 0.438678 0.105768 0.431121 0.292426 0.248908
103.247 12.9668 189.369 0.444123 0.123952 0.431121 0.292426 0.248908
103.2 22.6916 178.026 0.461714 0.113931 0.431121 0.292426 0.248908
97.3124 26.0137 185.943 0.452392 0.105768 0.472915 0.187445 0.273037
93.4 22.6916 195 0.438678 0.105768 0.472915 0.187445 0.273037
103.2 22.6916 178.026 0.461714 0.113931 0.472915 0.187445 0.273037
107.07 29.3121 184.73 0.414877 0.0688553 0.187632 -0.43876 0.324988
97.3124 26.0137 185.943 0.408024 0.0563027 0.187632 -0.43876 0.324988
103.2 22.6916 178.026 0.401172 0.0688553 0.187632 -0.43876 0.324988
107.07 29.3121 184.73 0.414877 0.0688553 0.187632 -0.43876 0.324988
103.2 22.6916 178.026 0.401172 0.0688553 0.187632 -0.43876 0.324988
113 26.0137 176.885 0.408024 0.0814079 0.187632 -0.43876 0.324988
101.141 29.3121 195 0.42194 0.0547336 0.19381 -0.532212 0.111896
97.3124 26.0137 185.943 0.408024 0.0563027 0.19381 -0.532212 0.111896
107.07 29.3121 184.73 0.414877 0.0688553 0.19381 -0.532212 0.111896
93.4 22.6916 195 0.501172 0.109326 0.4083 0.408196 -0
103.247 12.9668 200.631 0.487902 0.124934 0.4083 0.408196 -0
113 3.08652 195 0.487902 0.14375 0.4083 0.408196 -0
93.4 22.6916 195 0.501172 0.109326 0.4083 0.408196 -0
113 3.08652 195 0.487902 0.14375 0.4083 0.408196 -0
103.247 12.9668 189.369 0.501172 0.128142 0.4083 0.408196 -0
103.2 22.6916 211.974 0.474632 0.109326 0.431121 0.292426 -0.248908
103.247 12.9668 200.631 0.487902 0.124934 0.431121 0.292426 -0.248908
93.4 22.6916 195 0.501172 0.109326 0.431121 0.292426 -0.248908
97.3124 26.0137 204.057 0.487902 0.104344 0.472915 0.187445 -0.273037
103.2 22.6916 211.974 0.474632 0.109326 0.472915 0.187445 -0.273037
93.4 22.6916 195 0.501172 0.109326 0.472915 0.187445 -0.273037
101.141 29.3121 195 0.42194 0.0547336 0.375264 -0.43876 -0
97.3124 26.0137 204.057 0.426859 0.04375 0.375264 -0.43876 -0
93.4 22.6916 195 0.412943 0.0453191 0.375264 -0.43876 -0
101.141 29.3121 195 0.42194 0.0547336 0.375264 -0.43876 -0
93.4 22.6916 195 0.412943 0.0453191 0.375264 -0.43876 -0
97.3124 26.0137 185.943 0.408024 0.0563027 0.375264 -0.43876 -0
107.07 29.3121 205.27 0.41337 0.131678 0.19381 -0.532212 -0.111897
97.3124 26.0137 204.057 0.412859 0.14375 0.19381 -0.532212 -0.111897
101.141 29.3121 195 0.425943 0.138272 0.19381 -0.532212 -0.111897
103.2 22.6916 211.974 0.474632 0.109326 0.20415 0.408196 -0.353599
113 12.9668 206.262 0.474632 0.128142 0.20415 0.408196 -0.353599
113 3.08652 195 0.487902 0.14375 0.20415 0.408196 -0.353599
103.2 22.6916 211.974 0.474632 0.109326 0.20415 0.408196 -0.353599
113 3.08652 195 0.487902 0.14375 0.20415 0.408196 -0.353599
103.247 12.9668 200.631 0.487902 0.124934 0.20415 0.408196 -0.353599
122.8 22.6916 211.974 0.461714 0.0759493 -6.2269e-08 0.292426 -0.497816
113 12.9668 206.262 0.456107 0.0957472 -6.2269e-08 0.292426 -0.497816
103.2 22.6916 211.974 0.474632 0.0971173 -6.2269e-08 0.292426 -0.497816
113 26.0137 213.115 0.471567 0.0834295 -6.98191e-08 0.187444 -0.546075
122.8 22.6916 211.974 0.461714 0.0759493 -6.98191e-08 0.187444 -0.546075
103.2 22.6916 211.974 0.474632 0.0971173 -6.98191e-08 0.187444 -0.546075
107.07 29.3121 205.27 0.41337 0.131678 0.187632 -0.43876 -0.324988
113 26.0137 213.115 0.401683 0.123786 0.187632 -0.43876 -0.324988
103.2 22.6916 211.974 0.401172 0.135858 0.187632 -0.43876 -0.324988
107.07 29.3121 205.27 0.41337 0.131678 0.187632 -0.43876 -0.324988
103.2 22.6916 211.974 0.401172 0.135858 0.187632 -0.43876 -0.324988
97.3124 26.0137 204.057 0.412859 0.14375 0.187632 -0.43876 -0.324988
118.93 29.3121 205.27 0.41337 0.115812 0 -0.532212 -0.223793
113 26.0137 213.115 0.401683 0.123786 0 -0.532212 -0.223793
107.07 29.3121 205.27 0.41337 0.131678 0 -0.532212 -0.223793
113 29.2865 195 0.425943 0.122406 0 -0.577348 0.00143699
118.93 29.3121 205.27 0.41337 0.115812 0 -0.577348 0.00143699
107.07 29.3121 205.27 0.41337 0.131678 0 -0.577348 0.00143699
118.93 29.3121 205.27 0.41337 0.115812 0 -0.577348 0.00143699
113 29.2865 195 0.425943 0.122406 0 -0.577348 0.00143699
124.859 29.3121 195 0.425943 0.10654 0.0012445 -0.577348 0.000718494
124.859 29.3121 195 0.425943 0.10654 0.0012445 -0.577348 0.000718494
113 29.2865 195 0.425943 0.122406 0 -0.577348 0.00143699
118.93 29.3121 184.73 0.438516 0.113133 0.0012445 -0.577348 -0.000718494
118.93 29.3121 184.73 0.438516 0.113133 0.0012445 -0.577348 -0.000718494
113 29.2865 195 0.425943 0.122406 0 -0.577348 0.00143699
107.07 29.3121 184.73 0.438516 0.128999 0 -0.577348 -0.00143699
107.07 29.3121 184.73 0.438516 0.128999 0 -0.577348 -0.00143699
113 29.2865 195 0.425943 0.122406 0 -0.577348 0.00143699
101.141 29.3121 195 0.425943 0.138272 -0.00124455 -0.577348 -0.000718494
101.141 29.3121 195 0.425943 0.138272 -0.00124455 -0.577348 -0.000718494
113 29.2865 195 0.425943 0.122406 0 -0.577348 0.00143699
107.07 29.3121 205.27 0.41337 0.131678 0 -0.577348 0.00143699
