Vertex Count: 36

Data:

-29.6311 -0.83106 -30.0311 0 1 0 0 -0.57735
-29.6311 58.0311 -30.0311 0 0 0 0 -0.57735
29.2311 58.0311 -30.0311 1 0 0 0 -0.57735
-29.6311 -0.83106 -30.0311 0 1 0 0 -0.57735
29.2311 58.0311 -30.0311 1 0 0 0 -0.57735
29.2311 -0.83106 -30.0311 1 1 0 0 -0.57735
-29.6311 58.0311 -30.0311 0 1 0 0.57735 -0
-29.6311 58.0311 28.8311 0 0 0 0.57735 -0
29.2311 58.0311 28.8311 1 0 0 0.57735 -0
-29.6311 58.0311 -30.0311 0 1 0 0.57735 -0
29.2311 58.0311 28.8311 1 0 0 0.57735 -0
29.2311 58.0311 -30.0311 1 1 0 0.57735 -0
-29.6311 58.0311 28.8311 0 1 0 0 0.57735
-29.6311 -0.83106 28.8311 0 0 0 0 0.57735
29.2311 -0.83106 28.8311 1 0 0 0 0.57735
-29.6311 58.0311 28.8311 0 1 0 0 0.57735
29.2311 -0.83106 28.8311 1 0 0 0 0.57735
29.2311 58.0311 28.8311 1 1 0 0 0.57735
-29.6311 -0.83106 28.8311 0 1 0 -0.57735 -0
-29.6311 -0.83106 -30.0311 0 0 0 -0.57735 -0
29.2311 -0.83106 -30.0311 1 0 0 -0.57735 -0
-29.6311 -0.83106 28.8311 0 1 0 -0.57735 -0
29.2311 -0.83106 -30.0311 1 0 0 -0.57735 -0
29.2311 -0.83106 28.8311 1 1 0 -0.57735 -0
29.2311 -0.83106 -30.0311 0 1 0.57735 0 -0
29.2311 58.0311 -30.0311 0 0 0.57735 0 -0
29.2311 58.0311 28.8311 1 0 0.57735 0 -0
29.2311 -0.83106 -30.0311 0 1 0.57735 0 -0
29.2311 58.0311 28.8311 1 0 0.57735 0 -0
29.2311 -0.83106 28.8311 1 1 0.57735 0 -0
-29.6311 -0.83106 28.8311 0 1 -0.57735 0 -0
-29.6311 58.0311 28.8311 0 0 -0.57735 0 -0
-29.6311 58.0311 -30.0311 1 0 -0.57735 0 -0
-29.6311 -0.83106 28.8311 0 1 -0.57735 0 -0
-29.6311 58.0311 -30.0311 1 0 -0.57735 0 -0
-29.6311 -0.83106 -30.0311 1 1 -0.57735 0 -0
