Vertex Count: 552

Data:

-12.2454 37.8403 11.2256 0.8846 0.8285 -0.333333 0.333333 0.333334
-18.941 31.1447 11.2256 0.921 0.8916 -0.333333 0.333333 0.333334
-12.2454 31.1447 17.9213 0.8481 0.8916 -0.333333 0.333333 0.333334
-18.941 31.1447 -13.1936 0.6971 0.5938 -0.408248 0.408249 4.8667e-08
-18.941 31.1447 11.2256 0.509 0.5938 -0.408248 0.408249 4.8667e-08
-12.2454 37.8403 11.2256 0.509 0.5209 -0.408248 0.408249 4.8667e-08
-18.941 31.1447 -13.1936 0.6971 0.5938 -0.408248 0.408249 4.8667e-08
-12.2454 37.8403 11.2256 0.509 0.5209 -0.408248 0.408249 4.8667e-08
-12.2454 37.8403 -13.1936 0.6971 0.5209 -0.408248 0.408249 4.8667e-08
-12.2454 37.8403 -13.1936 0.26 0.02 -0.333333 0.333334 -0.333334
-12.2454 31.1447 -19.8893 0.2964 0.0832 -0.333333 0.333334 -0.333334
-18.941 31.1447 -13.1936 0.2235 0.0832 -0.333333 0.333334 -0.333334
-18.941 6.70562 11.2256 0.3848 0.3654 -0.408248 -4.8667e-08 0.408249
-12.2454 6.70562 17.9213 0.3119 0.3654 -0.408248 -4.8667e-08 0.408249
-12.2454 31.1447 17.9213 0.3119 0.1772 -0.408248 -4.8667e-08 0.408249
-18.941 6.70562 11.2256 0.3848 0.3654 -0.408248 -4.8667e-08 0.408249
-12.2454 31.1447 17.9213 0.3119 0.1772 -0.408248 -4.8667e-08 0.408249
-18.941 31.1447 11.2256 0.3848 0.1772 -0.408248 -4.8667e-08 0.408249
-18.941 6.70562 -13.1936 0.2081 0.98 -0.577349 0 -0
-18.941 6.70562 11.2256 0.02 0.98 -0.577349 0 -0
-18.941 31.1447 11.2256 0.02 0.7918 -0.577349 0 -0
-18.941 6.70562 -13.1936 0.2081 0.98 -0.577349 0 -0
-18.941 31.1447 11.2256 0.02 0.7918 -0.577349 0 -0
-18.941 31.1447 -13.1936 0.2081 0.7918 -0.577349 0 -0
-12.2454 6.70562 -19.8893 0.4935 0.5938 -0.408248 4.8667e-08 -0.408249
-18.941 6.70562 -13.1936 0.4206 0.5938 -0.408248 4.8667e-08 -0.408249
-18.941 31.1447 -13.1936 0.4206 0.4056 -0.408248 4.8667e-08 -0.408249
-12.2454 6.70562 -19.8893 0.4935 0.5938 -0.408248 4.8667e-08 -0.408249
-18.941 31.1447 -13.1936 0.4206 0.4056 -0.408248 4.8667e-08 -0.408249
-12.2454 31.1447 -19.8893 0.4935 0.4056 -0.408248 4.8667e-08 -0.408249
-12.2454 6.70562 17.9213 0.7528 0.3295 -0.333333 -0.333334 0.333334
-18.941 6.70562 11.2256 0.8257 0.3295 -0.333333 -0.333334 0.333334
-12.2454 0.00999869 11.2256 0.7893 0.3927 -0.333333 -0.333334 0.333334
-12.2454 0.0100016 -13.1936 0.7652 0.7763 -0.408248 -0.408249 -4.8667e-08
-12.2454 0.00999869 11.2256 0.5772 0.7763 -0.408248 -0.408249 -4.8667e-08
-18.941 6.70562 11.2256 0.5772 0.7034 -0.408248 -0.408249 -4.8667e-08
-12.2454 0.0100016 -13.1936 0.7652 0.7763 -0.408248 -0.408249 -4.8667e-08
-18.941 6.70562 11.2256 0.5772 0.7034 -0.408248 -0.408249 -4.8667e-08
-18.941 6.70562 -13.1936 0.7652 0.7034 -0.408248 -0.408249 -4.8667e-08
-18.941 6.70562 -13.1936 0.2235 0.0986 -0.333333 -0.333333 -0.333334
-12.2454 6.70562 -19.8893 0.2964 0.0986 -0.333333 -0.333333 -0.333334
-12.2454 0.0100016 -13.1936 0.26 0.1618 -0.333333 -0.333333 -0.333334
-12.2454 0.0100016 -13.1936 0.7807 0.7763 0 -0.408249 -0.408249
-12.2454 6.70562 -19.8893 0.7807 0.7248 0 -0.408249 -0.408249
11.3424 6.70562 -19.8893 0.9623 0.7248 0 -0.408249 -0.408249
-12.2454 0.0100016 -13.1936 0.7807 0.7763 0 -0.408249 -0.408249
11.3424 6.70562 -19.8893 0.9623 0.7248 0 -0.408249 -0.408249
11.3424 0.0100016 -13.1936 0.9623 0.7763 0 -0.408249 -0.408249
-12.2454 37.8403 -13.1936 0.509 0.0374 0 0.408253 -0.408244
-9.61201 37.8403 -13.1936 0.5293 0.0374 0 0.408253 -0.408244
-9.61201 31.1447 -19.8893 0.5293 0.1103 0 0.408253 -0.408244
-12.2454 37.8403 -13.1936 0.509 0.0374 0 0.408253 -0.408244
-9.61201 31.1447 -19.8893 0.5293 0.1103 0 0.408253 -0.408244
-12.2454 31.1447 -19.8893 0.509 0.1103 0 0.408253 -0.408244
-12.2454 31.1447 -19.8893 0.2235 0.7918 0 6.88256e-08 -0.577351
-9.61201 31.1447 -19.8893 0.2438 0.7918 0 6.88256e-08 -0.577351
-9.61201 9.33903 -19.8893 0.2438 0.9597 0 6.88256e-08 -0.577351
-12.2454 31.1447 -19.8893 0.2235 0.7918 0 6.88256e-08 -0.577351
-9.61201 9.33903 -19.8893 0.2438 0.9597 0 6.88256e-08 -0.577351
-12.2454 6.70562 -19.8893 0.2235 0.98 0 6.88256e-08 -0.577351
11.3424 6.70562 -19.8893 0.4052 0.98 0 6.88256e-08 -0.577351
-12.2454 6.70562 -19.8893 0.2235 0.98 0 6.88256e-08 -0.577351
-9.61201 9.33903 -19.8893 0.2438 0.9597 0 6.88256e-08 -0.577351
11.3424 6.70562 -19.8893 0.4052 0.98 0 6.88256e-08 -0.577351
-9.61201 9.33903 -19.8893 0.2438 0.9597 0 6.88256e-08 -0.577351
8.70901 9.33903 -19.8893 0.3849 0.9597 0 6.88256e-08 -0.577351
11.3424 31.1447 -19.8893 0.4052 0.7918 0 6.88256e-08 -0.577351
11.3424 6.70562 -19.8893 0.4052 0.98 0 6.88256e-08 -0.577351
8.70901 9.33903 -19.8893 0.3849 0.9597 0 6.88256e-08 -0.577351
11.3424 31.1447 -19.8893 0.4052 0.7918 0 6.88256e-08 -0.577351
8.70901 9.33903 -19.8893 0.3849 0.9597 0 6.88256e-08 -0.577351
8.70901 31.1447 -19.8893 0.3849 0.7918 0 6.88256e-08 -0.577351
-14.7112 34.2617 -7.25622 0.0597 0.1771 0.577349 0 -0
-14.7112 9.33902 8.59223 0.1817 0.369 0.577349 0 -0
-14.7112 9.33903 -12.4092 0.02 0.369 0.577349 0 -0
-14.7112 34.2617 -7.25622 0.0597 0.1771 0.577349 0 -0
-14.7112 9.33903 -12.4092 0.02 0.369 0.577349 0 -0
-14.7112 29.1087 -12.4092 0.02 0.2168 0.577349 0 -0
-14.7112 34.2617 -7.25622 0.0597 0.1771 0.577349 0 -0
-14.7112 34.2617 8.59223 0.1817 0.1771 0.577349 0 -0
-14.7112 9.33902 8.59223 0.1817 0.369 0.577349 0 -0
-9.61201 5.56802 -12.4092 0.4206 0.7763 0 0.577351 6.88255e-08
-9.61201 5.56802 9.28583 0.4206 0.6093 0 0.577351 6.88255e-08
8.70901 5.56802 9.28583 0.5617 0.6093 0 0.577351 6.88255e-08
-9.61201 5.56802 -12.4092 0.4206 0.7763 0 0.577351 6.88255e-08
8.70901 5.56802 9.28583 0.5617 0.6093 0 0.577351 6.88255e-08
8.70901 5.56802 -12.4092 0.5617 0.7763 0 0.577351 6.88255e-08
-12.2454 37.8403 11.2256 0.7171 0.2046 0 0.577351 6.88255e-08
-9.61201 37.8403 11.2256 0.7373 0.2046 0 0.577351 6.88255e-08
-9.61201 37.8403 -13.1936 0.7373 0.3927 0 0.577351 6.88255e-08
-12.2454 37.8403 11.2256 0.7171 0.2046 0 0.577351 6.88255e-08
-9.61201 37.8403 -13.1936 0.7373 0.3927 0 0.577351 6.88255e-08
-12.2454 37.8403 -13.1936 0.7171 0.3927 0 0.577351 6.88255e-08
-9.61201 37.8403 -13.1936 0.8044 0.2468 0.577349 0 -0
-9.61201 34.2617 -11.0472 0.8209 0.2744 0.577349 0 -0
-9.61201 29.1087 -16.2003 0.7812 0.3141 0.577349 0 -0
-9.61201 37.8403 -13.1936 0.8044 0.2468 0.577349 0 -0
-9.61201 29.1087 -16.2003 0.7812 0.3141 0.577349 0 -0
-9.61201 31.1447 -19.8893 0.7528 0.2984 0.577349 0 -0
-9.61201 31.1447 -19.8893 0.6732 0.3375 0.577349 0 -0
-9.61201 29.1087 -16.2003 0.7016 0.3532 0.577349 0 -0
-9.61201 9.33903 -16.2003 0.7016 0.5054 0.577349 0 -0
-9.61201 31.1447 -19.8893 0.6732 0.3375 0.577349 0 -0
-9.61201 9.33903 -16.2003 0.7016 0.5054 0.577349 0 -0
-9.61201 9.33903 -19.8893 0.6732 0.5054 0.577349 0 -0
8.70901 31.1447 17.9213 0.0403 0.3845 0 -6.88256e-08 0.577351
-9.61201 31.1447 17.9213 0.1814 0.3845 0 -6.88256e-08 0.577351
11.3424 6.70562 17.9213 0.02 0.5727 0 -6.88256e-08 0.577351
8.70901 31.1447 17.9213 0.0403 0.3845 0 -6.88256e-08 0.577351
11.3424 6.70562 17.9213 0.02 0.5727 0 -6.88256e-08 0.577351
11.3424 31.1447 17.9213 0.02 0.3845 0 -6.88256e-08 0.577351
-12.2454 31.1447 17.9213 0.2017 0.3845 0 -6.88256e-08 0.577351
11.3424 6.70562 17.9213 0.02 0.5727 0 -6.88256e-08 0.577351
-9.61201 31.1447 17.9213 0.1814 0.3845 0 -6.88256e-08 0.577351
-12.2454 31.1447 17.9213 0.2017 0.3845 0 -6.88256e-08 0.577351
-12.2454 6.70562 17.9213 0.2017 0.5727 0 -6.88256e-08 0.577351
11.3424 6.70562 17.9213 0.02 0.5727 0 -6.88256e-08 0.577351
-12.2454 0.00999869 11.2256 0.2017 0.0732 0 -0.408249 0.408249
11.3424 0.00999869 11.2256 0.02 0.0732 0 -0.408249 0.408249
11.3424 6.70562 17.9213 0.02 0.0217 0 -0.408249 0.408249
-12.2454 0.00999869 11.2256 0.2017 0.0732 0 -0.408249 0.408249
11.3424 6.70562 17.9213 0.02 0.0217 0 -0.408249 0.408249
-12.2454 6.70562 17.9213 0.2017 0.0217 0 -0.408249 0.408249
-12.2454 0.0100016 -13.1936 0.2235 0.5883 0 -0.577351 -6.88255e-08
11.3424 0.0100016 -13.1936 0.4052 0.5883 0 -0.577351 -6.88255e-08
11.3424 0.00999869 11.2256 0.4052 0.7763 0 -0.577351 -6.88255e-08
-12.2454 0.0100016 -13.1936 0.2235 0.5883 0 -0.577351 -6.88255e-08
11.3424 0.00999869 11.2256 0.4052 0.7763 0 -0.577351 -6.88255e-08
-12.2454 0.00999869 11.2256 0.2235 0.7763 0 -0.577351 -6.88255e-08
-9.61201 8.66522 12.3832 0.8363 0.2902 0 0.408253 -0.408244
8.70901 8.66522 12.3832 0.9774 0.2902 0 0.408253 -0.408244
8.70901 5.56802 9.28583 0.9774 0.3141 0 0.408253 -0.408244
-9.61201 8.66522 12.3832 0.8363 0.2902 0 0.408253 -0.408244
8.70901 5.56802 9.28583 0.9774 0.3141 0 0.408253 -0.408244
-9.61201 5.56802 9.28583 0.8363 0.3141 0 0.408253 -0.408244
-9.61201 35.3209 13.7418 0.5975 0.6483 9.46853e-05 0.47474 0.328566
8.70901 35.3209 13.7418 0.7386 0.6483 -9.46853e-05 0.47474 0.328566
8.70901 35.5225 8.59223 0.7386 0.688 0 0.576909 0.0225854
-9.61201 35.3209 13.7418 0.5975 0.6483 9.46853e-05 0.47474 0.328566
8.70901 35.5225 8.59223 0.7386 0.688 0 0.576909 0.0225854
-9.61201 35.5225 8.59223 0.5975 0.688 0 0.576909 0.0225854
-9.61201 31.1447 17.9213 0.5975 0.6161 0 0.408405 0.408092
8.70901 35.3209 13.7418 0.7386 0.6483 -9.46853e-05 0.47474 0.328566
-9.61201 35.3209 13.7418 0.5975 0.6483 9.46853e-05 0.47474 0.328566
-9.61201 31.1447 17.9213 0.5975 0.6161 0 0.408405 0.408092
8.70901 31.1447 17.9213 0.7386 0.6161 0 0.408405 0.408092
8.70901 35.3209 13.7418 0.7386 0.6483 -9.46853e-05 0.47474 0.328566
-9.61201 31.1447 17.9213 0.5975 0.6161 0 0.408405 0.408092
-9.61201 35.3209 13.7418 0.5975 0.6483 9.46853e-05 0.47474 0.328566
-12.2454 31.1447 17.9213 0.5772 0.6161 0.000180133 0.408291 0.408206
-12.2454 31.1447 17.9213 0.5772 0.6161 0.000180133 0.408291 0.408206
-9.61201 35.3209 13.7418 0.5975 0.6483 9.46853e-05 0.47474 0.328566
-9.61201 37.8403 11.2256 0.5975 0.6677 0.000360266 0.408178 0.408319
-12.2454 31.1447 17.9213 0.5772 0.6161 0.000180133 0.408291 0.408206
-9.61201 37.8403 11.2256 0.5975 0.6677 0.000360266 0.408178 0.408319
-12.2454 37.8403 11.2256 0.5772 0.6677 0 0.408178 0.408319
8.70901 31.1447 17.9213 0.7386 0.6161 0 0.408405 0.408092
11.3424 31.1447 17.9213 0.7588 0.6161 -0.000180133 0.408291 0.408206
8.70901 35.3209 13.7418 0.7386 0.6483 -9.46853e-05 0.47474 0.328566
8.70901 37.8403 11.2256 0.7386 0.6677 -0.000360266 0.408178 0.408319
8.70901 35.3209 13.7418 0.7386 0.6483 -9.46853e-05 0.47474 0.328566
11.3424 31.1447 17.9213 0.7588 0.6161 -0.000180133 0.408291 0.408206
8.70901 37.8403 11.2256 0.7386 0.6677 -0.000360266 0.408178 0.408319
11.3424 31.1447 17.9213 0.7588 0.6161 -0.000180133 0.408291 0.408206
11.3424 37.8403 11.2256 0.7588 0.6677 0 0.408178 0.408319
-9.61201 35.5225 8.59223 0.7743 0.6216 0 6.88256e-08 -0.577351
8.70901 35.5225 8.59223 0.9154 0.6216 0 6.88256e-08 -0.577351
8.70901 34.2617 8.59223 0.9154 0.6313 0 6.88256e-08 -0.577351
-9.61201 35.5225 8.59223 0.7743 0.6216 0 6.88256e-08 -0.577351
8.70901 34.2617 8.59223 0.9154 0.6313 0 6.88256e-08 -0.577351
-9.61201 34.2617 8.59223 0.7743 0.6313 0 6.88256e-08 -0.577351
-9.61201 9.33903 -16.2003 0.6656 0.7989 0 0.577351 6.88255e-08
8.70901 9.33903 -16.2003 0.8067 0.7989 0 0.577351 6.88255e-08
8.70901 9.33903 -19.8893 0.8067 0.8273 0 0.577351 6.88255e-08
-9.61201 9.33903 -16.2003 0.6656 0.7989 0 0.577351 6.88255e-08
8.70901 9.33903 -19.8893 0.8067 0.8273 0 0.577351 6.88255e-08
-9.61201 9.33903 -19.8893 0.6656 0.8273 0 0.577351 6.88255e-08
-9.61201 34.2617 8.59223 0.8848 0.5054 0.577349 0 -0
-9.61201 34.2617 -11.0472 0.7336 0.5054 0.577349 0 -0
-9.61201 37.8403 -13.1936 0.7171 0.4779 0.577349 0 -0
-9.61201 34.2617 8.59223 0.8848 0.5054 0.577349 0 -0
-9.61201 37.8403 -13.1936 0.7171 0.4779 0.577349 0 -0
-9.61201 35.5225 8.59223 0.8848 0.4957 0.577349 0 -0
-9.61201 8.66522 12.3832 0.4206 0.98 0 6.88256e-08 -0.577351
-9.61201 30.4905 12.3832 0.4206 0.8119 0 6.88256e-08 -0.577351
8.70901 30.4905 12.3832 0.5617 0.8119 0 6.88256e-08 -0.577351
-9.61201 8.66522 12.3832 0.4206 0.98 0 6.88256e-08 -0.577351
8.70901 30.4905 12.3832 0.5617 0.8119 0 6.88256e-08 -0.577351
8.70901 8.66522 12.3832 0.5617 0.98 0 6.88256e-08 -0.577351
-14.7112 9.33902 8.59223 0.9292 0.3563 0.303916 0.34712 -0.347097
-9.61201 8.66522 12.3832 0.978 0.3628 0.303916 0.34712 -0.347097
-9.61201 5.56802 9.28583 0.9623 0.3927 0.303916 0.34712 -0.347097
-14.7112 9.33902 8.59223 0.509 0.1311 0.343291 0.464203 5.53373e-08
-9.61201 5.56802 9.28583 0.5483 0.1258 0.343291 0.464203 5.53373e-08
-9.61201 5.56802 -12.4092 0.5483 0.2928 0.343291 0.464203 5.53373e-08
-14.7112 9.33902 8.59223 0.509 0.1311 0.343291 0.464203 5.53373e-08
-9.61201 5.56802 -12.4092 0.5483 0.2928 0.343291 0.464203 5.53373e-08
-14.7112 9.33903 -12.4092 0.509 0.2928 0.343291 0.464203 5.53373e-08
-9.61201 9.33903 -16.2003 0.9154 0.6468 0 0.409327 0.407168
-9.61201 5.56802 -12.4092 0.9154 0.688 0 0.409327 0.407168
8.70901 5.56802 -12.4092 0.7743 0.688 0 0.409327 0.407168
-9.61201 9.33903 -16.2003 0.9154 0.6468 0 0.409327 0.407168
8.70901 5.56802 -12.4092 0.7743 0.688 0 0.409327 0.407168
8.70901 9.33903 -16.2003 0.7743 0.6468 0 0.409327 0.407168
-14.7112 34.2617 8.59223 0.509 0.3083 0.344465 5.52336e-08 -0.463333
-9.61201 30.4905 12.3832 0.5483 0.3373 0.344465 5.52336e-08 -0.463333
-9.61201 8.66522 12.3832 0.5483 0.5054 0.344465 5.52336e-08 -0.463333
-14.7112 34.2617 8.59223 0.509 0.3083 0.344465 5.52336e-08 -0.463333
-9.61201 8.66522 12.3832 0.5483 0.5054 0.344465 5.52336e-08 -0.463333
-14.7112 9.33902 8.59223 0.509 0.5002 0.344465 5.52336e-08 -0.463333
-9.61201 34.2617 -11.0472 0.86 0.1805 0.268651 -0.361358 0.361358
-14.7112 34.2617 -7.25622 0.909 0.1805 0.268651 -0.361358 0.361358
-14.7112 29.1087 -12.4092 0.8853 0.2314 0.268651 -0.361358 0.361358
-9.61201 34.2617 -11.0472 0.86 0.1805 0.268651 -0.361358 0.361358
-14.7112 29.1087 -12.4092 0.8853 0.2314 0.268651 -0.361358 0.361358
-9.61201 29.1087 -16.2003 0.8363 0.2314 0.268651 -0.361358 0.361358
-9.61201 29.1087 -16.2003 0.5637 0.3532 0.344465 -5.52336e-08 0.463333
-14.7112 29.1087 -12.4092 0.603 0.3532 0.344465 -5.52336e-08 0.463333
-14.7112 9.33903 -12.4092 0.603 0.5054 0.344465 -5.52336e-08 0.463333
-9.61201 29.1087 -16.2003 0.5637 0.3532 0.344465 -5.52336e-08 0.463333
-14.7112 9.33903 -12.4092 0.603 0.5054 0.344465 -5.52336e-08 0.463333
-9.61201 9.33903 -16.2003 0.5637 0.5054 0.344465 -5.52336e-08 0.463333
-9.61201 9.33903 -16.2003 0.9308 0.6506 0.268093 0.362521 0.360608
-14.7112 9.33903 -12.4092 0.9798 0.6506 0.268093 0.362521 0.360608
-9.61201 5.56802 -12.4092 0.9483 0.688 0.268093 0.362521 0.360608
8.70901 30.4905 12.3832 0.8929 0.5938 0 -0.409316 -0.407178
-9.61201 30.4905 12.3832 0.7518 0.5938 0 -0.409316 -0.407178
8.70901 34.2617 8.59223 0.8929 0.5646 0 -0.409316 -0.407178
8.70901 30.4905 12.3832 0.8929 0.5938 0 -0.409316 -0.407178
8.70901 34.2617 8.59223 0.8929 0.5646 0 -0.409316 -0.407178
13.8084 34.2617 8.59223 0.9322 0.5646 0 -0.409316 -0.407178
-9.61201 30.4905 12.3832 0.7518 0.5938 0 -0.409316 -0.407178
-9.61201 34.2617 8.59223 0.7518 0.5646 0 -0.409316 -0.407178
8.70901 34.2617 8.59223 0.8929 0.5646 0 -0.409316 -0.407178
-9.61201 30.4905 12.3832 0.7518 0.5938 0 -0.409316 -0.407178
-14.7112 34.2617 8.59223 0.7125 0.5646 0 -0.409316 -0.407178
-9.61201 34.2617 8.59223 0.7518 0.5646 0 -0.409316 -0.407178
-9.61201 34.2617 8.59223 0.603 0.3377 0 -0.577351 -6.88255e-08
-14.7112 34.2617 8.59223 0.5637 0.3377 0 -0.577351 -6.88255e-08
-14.7112 34.2617 -7.25622 0.5637 0.2157 0 -0.577351 -6.88255e-08
-9.61201 34.2617 8.59223 0.603 0.3377 0 -0.577351 -6.88255e-08
-14.7112 34.2617 -7.25622 0.5637 0.2157 0 -0.577351 -6.88255e-08
-9.61201 34.2617 -11.0472 0.603 0.1865 0 -0.577351 -6.88255e-08
-9.61201 37.8403 11.2256 0.9051 0.443 0.577349 0 -0
-9.61201 35.3209 13.7418 0.9245 0.4624 0.577349 0 -0
-9.61201 35.5225 8.59223 0.8848 0.4608 0.577349 0 -0
-9.61201 37.8403 11.2256 0.9051 0.443 0.577349 0 -0
-9.61201 35.5225 8.59223 0.8848 0.4608 0.577349 0 -0
-9.61201 37.8403 -13.1936 0.7171 0.443 0.577349 0 -0
11.3424 37.8403 11.2256 0.2994 0.8761 0.333326 0.333337 0.333337
11.3424 31.1447 17.9213 0.3359 0.9393 0.333326 0.333337 0.333337
18.0382 31.1447 11.2256 0.2629 0.9393 0.333326 0.333337 0.333337
18.0382 31.1447 -13.1936 0.6656 0.98 0.408242 0.408255 4.86677e-08
11.3424 37.8403 -13.1936 0.6656 0.9071 0.408242 0.408255 4.86677e-08
11.3424 37.8403 11.2256 0.8536 0.9071 0.408242 0.408255 4.86677e-08
18.0382 31.1447 -13.1936 0.6656 0.98 0.408242 0.408255 4.86677e-08
11.3424 37.8403 11.2256 0.8536 0.9071 0.408242 0.408255 4.86677e-08
18.0382 31.1447 11.2256 0.8536 0.98 0.408242 0.408255 4.86677e-08
11.3424 37.8403 -13.1936 0.3484 0.02 0.333326 0.333337 -0.333337
18.0382 31.1447 -13.1936 0.3848 0.0832 0.333326 0.333337 -0.333337
11.3424 31.1447 -19.8893 0.3119 0.0832 0.333326 0.333337 -0.333337
18.0382 6.70562 11.2256 0.5772 0.98 0.408242 -4.86678e-08 0.408255
18.0382 31.1447 11.2256 0.5772 0.7918 0.408242 -4.86678e-08 0.408255
11.3424 31.1447 17.9213 0.6501 0.7918 0.408242 -4.86678e-08 0.408255
18.0382 6.70562 11.2256 0.5772 0.98 0.408242 -4.86678e-08 0.408255
11.3424 31.1447 17.9213 0.6501 0.7918 0.408242 -4.86678e-08 0.408255
11.3424 6.70562 17.9213 0.6501 0.98 0.408242 -4.86678e-08 0.408255
18.0382 6.70562 -13.1936 0.02 0.7763 0.577349 0 -0
18.0382 31.1447 -13.1936 0.02 0.5881 0.577349 0 -0
18.0382 31.1447 11.2256 0.2081 0.5881 0.577349 0 -0
18.0382 6.70562 -13.1936 0.02 0.7763 0.577349 0 -0
18.0382 31.1447 11.2256 0.2081 0.5881 0.577349 0 -0
18.0382 6.70562 11.2256 0.2081 0.7763 0.577349 0 -0
11.3424 6.70562 -19.8893 0.2235 0.3654 0.408242 4.86678e-08 -0.408255
11.3424 31.1447 -19.8893 0.2235 0.1772 0.408242 4.86678e-08 -0.408255
18.0382 31.1447 -13.1936 0.2964 0.1772 0.408242 4.86678e-08 -0.408255
11.3424 6.70562 -19.8893 0.2235 0.3654 0.408242 4.86678e-08 -0.408255
18.0382 31.1447 -13.1936 0.2964 0.1772 0.408242 4.86678e-08 -0.408255
18.0382 6.70562 -13.1936 0.2964 0.3654 0.408242 4.86678e-08 -0.408255
11.3424 6.70562 17.9213 0.3848 0.0986 0.333326 -0.333337 0.333337
11.3424 0.00999869 11.2256 0.3484 0.1618 0.333326 -0.333337 0.333337
18.0382 6.70562 11.2256 0.3119 0.0986 0.333326 -0.333337 0.333337
11.3424 0.0100016 -13.1936 0.02 0.1616 0.408242 -0.408255 -4.86677e-08
18.0382 6.70562 -13.1936 0.02 0.0887 0.408242 -0.408255 -4.86677e-08
18.0382 6.70562 11.2256 0.2081 0.0887 0.408242 -0.408255 -4.86677e-08
11.3424 0.0100016 -13.1936 0.02 0.1616 0.408242 -0.408255 -4.86677e-08
18.0382 6.70562 11.2256 0.2081 0.0887 0.408242 -0.408255 -4.86677e-08
11.3424 0.00999869 11.2256 0.2081 0.1616 0.408242 -0.408255 -4.86677e-08
18.0382 6.70562 -13.1936 0.942 0.9168 0.333326 -0.333337 -0.333337
11.3424 0.0100016 -13.1936 0.9055 0.98 0.333326 -0.333337 -0.333337
11.3424 6.70562 -19.8893 0.8691 0.9168 0.333326 -0.333337 -0.333337
11.3424 37.8403 -13.1936 0.584 0.0981 0 0.408253 -0.408244
11.3424 31.1447 -19.8893 0.584 0.171 0 0.408253 -0.408244
8.70901 31.1447 -19.8893 0.5637 0.171 0 0.408253 -0.408244
11.3424 37.8403 -13.1936 0.584 0.0981 0 0.408253 -0.408244
8.70901 31.1447 -19.8893 0.5637 0.171 0 0.408253 -0.408244
8.70901 37.8403 -13.1936 0.5637 0.0981 0 0.408253 -0.408244
13.8084 34.2617 -7.25622 0.3456 0.3809 -0.577349 0 -0
13.8084 9.33903 -12.4092 0.3853 0.5728 -0.577349 0 -0
13.8084 9.33902 8.59223 0.2235 0.5728 -0.577349 0 -0
13.8084 34.2617 -7.25622 0.3456 0.3809 -0.577349 0 -0
13.8084 9.33902 8.59223 0.2235 0.5728 -0.577349 0 -0
13.8084 34.2617 8.59223 0.2235 0.3809 -0.577349 0 -0
13.8084 34.2617 -7.25622 0.3456 0.3809 -0.577349 0 -0
13.8084 29.1087 -12.4092 0.3853 0.4206 -0.577349 0 -0
13.8084 9.33903 -12.4092 0.3853 0.5728 -0.577349 0 -0
11.3424 37.8403 11.2256 0.6935 0.134 0 0.577351 6.88255e-08
11.3424 37.8403 -13.1936 0.6935 0.322 0 0.577351 6.88255e-08
8.70901 37.8403 -13.1936 0.6732 0.322 0 0.577351 6.88255e-08
11.3424 37.8403 11.2256 0.6935 0.134 0 0.577351 6.88255e-08
8.70901 37.8403 -13.1936 0.6732 0.322 0 0.577351 6.88255e-08
8.70901 37.8403 11.2256 0.6732 0.134 0 0.577351 6.88255e-08
8.70901 37.8403 -13.1936 0.7693 0.1641 -0.577349 0 -0
8.70901 31.1447 -19.8893 0.8209 0.2157 -0.577349 0 -0
8.70901 29.1087 -16.2003 0.7925 0.2314 -0.577349 0 -0
8.70901 37.8403 -13.1936 0.7693 0.1641 -0.577349 0 -0
8.70901 29.1087 -16.2003 0.7925 0.2314 -0.577349 0 -0
8.70901 34.2617 -11.0472 0.7528 0.1917 -0.577349 0 -0
8.70901 31.1447 -19.8893 0.6469 0.1708 -0.577349 0 -0
8.70901 9.33903 -19.8893 0.6469 0.3387 -0.577349 0 -0
8.70901 9.33903 -16.2003 0.6185 0.3387 -0.577349 0 -0
8.70901 31.1447 -19.8893 0.6469 0.1708 -0.577349 0 -0
8.70901 9.33903 -16.2003 0.6185 0.3387 -0.577349 0 -0
8.70901 29.1087 -16.2003 0.6185 0.1865 -0.577349 0 -0
8.70901 34.2617 8.59223 0.7125 0.5491 -0.577349 0 -0
8.70901 35.5225 8.59223 0.7125 0.5394 -0.577349 0 -0
8.70901 37.8403 -13.1936 0.8803 0.5216 -0.577349 0 -0
8.70901 34.2617 8.59223 0.7125 0.5491 -0.577349 0 -0
8.70901 37.8403 -13.1936 0.8803 0.5216 -0.577349 0 -0
8.70901 34.2617 -11.0472 0.8638 0.5491 -0.577349 0 -0
13.8084 9.33902 8.59223 0.8851 0.1287 -0.303908 0.347123 -0.347101
8.70901 5.56802 9.28583 0.8521 0.165 -0.303908 0.347123 -0.347101
8.70901 8.66522 12.3832 0.8363 0.1352 -0.303908 0.347123 -0.347101
13.8084 9.33902 8.59223 0.6709 0.8428 -0.343282 0.46421 5.53381e-08
13.8084 9.33903 -12.4092 0.8326 0.8428 -0.343282 0.46421 5.53381e-08
8.70901 5.56802 -12.4092 0.8326 0.8916 -0.343282 0.46421 5.53381e-08
13.8084 9.33902 8.59223 0.6709 0.8428 -0.343282 0.46421 5.53381e-08
8.70901 5.56802 -12.4092 0.8326 0.8916 -0.343282 0.46421 5.53381e-08
8.70901 5.56802 9.28583 0.6656 0.8916 -0.343282 0.46421 5.53381e-08
13.8084 34.2617 8.59223 0.4599 0.193 -0.344456 5.52344e-08 -0.46334
13.8084 9.33902 8.59223 0.4599 0.3849 -0.344456 5.52344e-08 -0.46334
8.70901 8.66522 12.3832 0.4206 0.3901 -0.344456 5.52344e-08 -0.46334
13.8084 34.2617 8.59223 0.4599 0.193 -0.344456 5.52344e-08 -0.46334
8.70901 8.66522 12.3832 0.4206 0.3901 -0.344456 5.52344e-08 -0.46334
8.70901 30.4905 12.3832 0.4206 0.2221 -0.344456 5.52344e-08 -0.46334
8.70901 34.2617 -11.0472 0.8901 0.3418 -0.268643 -0.361362 0.361362
8.70901 29.1087 -16.2003 0.9138 0.3927 -0.268643 -0.361362 0.361362
13.8084 29.1087 -12.4092 0.8648 0.3927 -0.268643 -0.361362 0.361362
8.70901 34.2617 -11.0472 0.8901 0.3418 -0.268643 -0.361362 0.361362
13.8084 29.1087 -12.4092 0.8648 0.3927 -0.268643 -0.361362 0.361362
13.8084 34.2617 -7.25622 0.8412 0.3418 -0.268643 -0.361362 0.361362
8.70901 29.1087 -16.2003 0.4599 0.0253 -0.344456 -5.52344e-08 0.46334
8.70901 9.33903 -16.2003 0.4599 0.1776 -0.344456 -5.52344e-08 0.46334
13.8084 9.33903 -12.4092 0.4206 0.1776 -0.344456 -5.52344e-08 0.46334
8.70901 29.1087 -16.2003 0.4599 0.0253 -0.344456 -5.52344e-08 0.46334
13.8084 9.33903 -12.4092 0.4206 0.1776 -0.344456 -5.52344e-08 0.46334
13.8084 29.1087 -12.4092 0.4206 0.0253 -0.344456 -5.52344e-08 0.46334
8.70901 9.33903 -16.2003 0.8017 0.1114 -0.268085 0.362524 0.360611
8.70901 5.56802 -12.4092 0.7843 0.1487 -0.268085 0.362524 0.360611
13.8084 9.33903 -12.4092 0.7528 0.1114 -0.268085 0.362524 0.360611
8.70901 34.2617 8.59223 0.6185 0.5054 0 -0.577351 -6.88255e-08
8.70901 34.2617 -11.0472 0.6185 0.3542 0 -0.577351 -6.88255e-08
13.8084 34.2617 -7.25622 0.6577 0.3834 0 -0.577351 -6.88255e-08
8.70901 34.2617 8.59223 0.6185 0.5054 0 -0.577351 -6.88255e-08
13.8084 34.2617 -7.25622 0.6577 0.3834 0 -0.577351 -6.88255e-08
13.8084 34.2617 8.59223 0.6577 0.5054 0 -0.577351 -6.88255e-08
8.70901 37.8403 11.2256 0.7364 0.4081 -0.577349 0 -0
8.70901 37.8403 -13.1936 0.9245 0.4081 -0.577349 0 -0
8.70901 35.5225 8.59223 0.7567 0.426 -0.577349 0 -0
8.70901 37.8403 11.2256 0.7364 0.4081 -0.577349 0 -0
8.70901 35.5225 8.59223 0.7567 0.426 -0.577349 0 -0
8.70901 35.3209 13.7418 0.7171 0.4275 -0.577349 0 -0
8.70901 31.1446 -19.8893 0.2677 0.4896 0 0.408249 -0.408249
-9.61201 31.1446 -19.8893 0.2677 0.2814 0 0.408249 -0.408249
-9.61201 37.8403 -13.1937 0.3438 0.2814 0 0.408249 -0.408249
8.70901 31.1446 -19.8893 0.2677 0.4896 0 0.408249 -0.408249
-9.61201 37.8403 -13.1937 0.3438 0.2814 0 0.408249 -0.408249
8.70901 37.8403 -13.1937 0.3438 0.4896 0 0.408249 -0.408249
8.70901 9.33893 -19.8893 0.02 0.4896 0 6.88255e-08 -0.577351
-9.61201 9.33893 -19.8893 0.02 0.2814 0 6.88255e-08 -0.577351
-9.61201 31.1446 -19.8893 0.2677 0.2814 0 6.88255e-08 -0.577351
8.70901 9.33893 -19.8893 0.02 0.4896 0 6.88255e-08 -0.577351
-9.61201 31.1446 -19.8893 0.2677 0.2814 0 6.88255e-08 -0.577351
8.70901 31.1446 -19.8893 0.2677 0.4896 0 6.88255e-08 -0.577351
-9.61201 36.7181 10.8166 0.5313 0.968 0 0.0408452 0.575904
-9.61201 36.6447 10.8166 0.5313 0.9672 0 -0.0408621 0.575903
8.70901 36.6447 10.8166 0.7395 0.9672 0 -0.0408621 0.575903
-9.61201 36.7181 10.8166 0.5313 0.968 0 0.0408452 0.575904
8.70901 36.6447 10.8166 0.7395 0.9672 0 -0.0408621 0.575903
8.70901 36.7181 10.8166 0.7395 0.968 0 0.0408452 0.575904
8.70901 37.2091 10.7466 0.7395 0.9736 0 0.193114 0.544096
-9.61201 36.7181 10.8166 0.5313 0.968 0 0.0408452 0.575904
8.70901 36.7181 10.8166 0.7395 0.968 0 0.0408452 0.575904
8.70901 37.2091 10.7466 0.7395 0.9736 0 0.193114 0.544096
-9.61201 37.2091 10.7466 0.5313 0.9736 0 0.193114 0.544096
-9.61201 36.7181 10.8166 0.5313 0.968 0 0.0408452 0.575904
-9.61201 36.1539 10.7466 0.5313 0.9616 0 -0.193062 0.544115
8.70901 36.6447 10.8166 0.7395 0.9672 0 -0.0408621 0.575903
-9.61201 36.6447 10.8166 0.5313 0.9672 0 -0.0408621 0.575903
-9.61201 36.1539 10.7466 0.5313 0.9616 0 -0.193062 0.544115
8.70901 36.1539 10.7466 0.7395 0.9616 0 -0.193062 0.544115
8.70901 36.6447 10.8166 0.7395 0.9672 0 -0.0408621 0.575903
8.70901 37.5597 10.5362 0.7395 0.9776 0 0.4083 0.408198
-9.61201 37.2091 10.7466 0.5313 0.9736 0 0.193114 0.544096
8.70901 37.2091 10.7466 0.7395 0.9736 0 0.193114 0.544096
8.70901 37.5597 10.5362 0.7395 0.9776 0 0.4083 0.408198
-9.61201 37.5597 10.5362 0.5313 0.9776 0 0.4083 0.408198
-9.61201 37.2091 10.7466 0.5313 0.9736 0 0.193114 0.544096
8.70901 37.7701 10.1854 0.7395 0.98 0 0.544083 0.193153
-9.61201 37.5597 10.5362 0.5313 0.9776 0 0.4083 0.408198
8.70901 37.5597 10.5362 0.7395 0.9776 0 0.4083 0.408198
8.70901 37.7701 10.1854 0.7395 0.98 0 0.544083 0.193153
-9.61201 37.7701 10.1854 0.5313 0.98 0 0.544083 0.193153
-9.61201 37.5597 10.5362 0.5313 0.9776 0 0.4083 0.408198
-9.61201 35.8031 10.5362 0.5313 0.9577 0 -0.408249 0.408249
8.70901 36.1539 10.7466 0.7395 0.9616 0 -0.193062 0.544115
-9.61201 36.1539 10.7466 0.5313 0.9616 0 -0.193062 0.544115
-9.61201 35.8031 10.5362 0.5313 0.9577 0 -0.408249 0.408249
8.70901 35.8031 10.5362 0.7395 0.9577 0 -0.408249 0.408249
8.70901 36.1539 10.7466 0.7395 0.9616 0 -0.193062 0.544115
-9.61201 35.5927 10.1854 0.5313 0.9553 0 -0.544082 0.193155
8.70901 35.8031 10.5362 0.7395 0.9577 0 -0.408249 0.408249
-9.61201 35.8031 10.5362 0.5313 0.9577 0 -0.408249 0.408249
-9.61201 35.5927 10.1854 0.5313 0.9553 0 -0.544082 0.193155
8.70901 35.5927 10.1854 0.7395 0.9553 0 -0.544082 0.193155
8.70901 35.8031 10.5362 0.7395 0.9577 0 -0.408249 0.408249
8.70901 37.8403 -13.1937 0.3971 0.2281 0 0.577351 6.88256e-08
-9.61201 37.8403 -13.1937 0.3971 0.02 0 0.577351 6.88256e-08
-9.61201 37.8403 9.69442 0.6571 0.02 0 0.575897 0.0409596
8.70901 37.8403 -13.1937 0.3971 0.2281 0 0.577351 6.88256e-08
-9.61201 37.8403 9.69442 0.6571 0.02 0 0.575897 0.0409596
8.70901 37.8403 9.69442 0.6571 0.2281 0 0.575897 0.0409596
8.70901 37.8403 9.69442 0.6571 0.2281 0 0.575897 0.0409596
-9.61201 37.8403 9.69442 0.6571 0.02 0 0.575897 0.0409596
-9.61201 37.7701 10.1854 0.6627 0.02 0 0.544083 0.193153
8.70901 37.8403 9.69442 0.6571 0.2281 0 0.575897 0.0409596
-9.61201 37.7701 10.1854 0.6627 0.02 0 0.544083 0.193153
8.70901 37.7701 10.1854 0.6627 0.2281 0 0.544083 0.193153
-9.61201 37.8403 -13.1937 0.2191 0.773 -0.577349 0 -0
-9.61201 37.5597 10.5362 0.02 0.9549 -0.577349 0 -0
-9.61201 37.7701 10.1854 0.0214 0.9504 -0.577349 0 -0
-9.61201 37.8403 -13.1937 0.2191 0.773 -0.577349 0 -0
-9.61201 37.7701 10.1854 0.0214 0.9504 -0.577349 0 -0
-9.61201 37.8403 9.69442 0.025 0.9461 -0.577349 0 -0
-9.61201 37.8403 -13.1937 0.2191 0.773 -0.577349 0 -0
-9.61201 37.2091 10.7466 0.0209 0.9594 -0.577349 0 -0
-9.61201 37.5597 10.5362 0.02 0.9549 -0.577349 0 -0
-9.61201 37.8403 -13.1937 0.2191 0.773 -0.577349 0 -0
-9.61201 36.7181 10.8166 0.024 0.9641 -0.577349 0 -0
-9.61201 37.2091 10.7466 0.0209 0.9594 -0.577349 0 -0
-9.61201 37.8403 -13.1937 0.2191 0.773 -0.577349 0 -0
-9.61201 35.5224 9.69442 0.0425 0.9658 -0.577349 0 -0
-9.61201 36.7181 10.8166 0.024 0.9641 -0.577349 0 -0
-9.61201 36.7181 10.8166 0.024 0.9641 -0.577349 0 -0
-9.61201 35.5224 9.69442 0.0425 0.9658 -0.577349 0 -0
-9.61201 35.5927 10.1854 0.0378 0.9689 -0.577349 0 -0
-9.61201 36.7181 10.8166 0.024 0.9641 -0.577349 0 -0
-9.61201 35.5927 10.1854 0.0378 0.9689 -0.577349 0 -0
-9.61201 35.8031 10.5362 0.0333 0.9697 -0.577349 0 -0
-9.61201 36.7181 10.8166 0.024 0.9641 -0.577349 0 -0
-9.61201 35.8031 10.5362 0.0333 0.9697 -0.577349 0 -0
-9.61201 36.1539 10.7466 0.0288 0.9684 -0.577349 0 -0
-9.61201 36.7181 10.8166 0.024 0.9641 -0.577349 0 -0
-9.61201 36.1539 10.7466 0.0288 0.9684 -0.577349 0 -0
-9.61201 36.6447 10.8166 0.0245 0.9647 -0.577349 0 -0
-9.61201 37.8403 -13.1937 0.2191 0.773 -0.577349 0 -0
-9.61201 35.5224 -13.1937 0.2366 0.7927 -0.577349 0 -0
-9.61201 35.5224 9.69442 0.0425 0.9658 -0.577349 0 -0
-9.61201 35.5224 -13.1937 0.2366 0.7927 -0.577349 0 -0
-9.61201 37.8403 -13.1937 0.2191 0.773 -0.577349 0 -0
-9.61201 31.1446 -19.8893 0.3265 0.7791 -0.577349 0 -0
-9.61201 35.5224 -13.1937 0.2366 0.7927 -0.577349 0 -0
-9.61201 31.1446 -19.8893 0.3265 0.7791 -0.577349 0 -0
-9.61201 31.1446 -17.7733 0.3085 0.7951 -0.577349 0 -0
-9.61201 9.33893 -19.8893 0.4914 0.964 -0.577349 0 -0
-9.61201 31.1446 -17.7733 0.3085 0.7951 -0.577349 0 -0
-9.61201 31.1446 -19.8893 0.3265 0.7791 -0.577349 0 -0
-9.61201 9.33893 -19.8893 0.4914 0.964 -0.577349 0 -0
-9.61201 9.33893 -17.7733 0.4734 0.98 -0.577349 0 -0
-9.61201 31.1446 -17.7733 0.3085 0.7951 -0.577349 0 -0
8.70901 35.5224 -13.1937 0.281 0.5485 0.577349 0 -0
8.70901 35.8031 10.5362 0.4775 0.7331 0.577349 0 -0
8.70901 35.5927 10.1854 0.473 0.732 0.577349 0 -0
8.70901 35.5224 -13.1937 0.281 0.5485 0.577349 0 -0
8.70901 35.5927 10.1854 0.473 0.732 0.577349 0 -0
8.70901 35.5224 9.69442 0.4684 0.7287 0.577349 0 -0
8.70901 35.5224 -13.1937 0.281 0.5485 0.577349 0 -0
8.70901 36.1539 10.7466 0.482 0.7318 0.577349 0 -0
8.70901 35.8031 10.5362 0.4775 0.7331 0.577349 0 -0
8.70901 35.5224 -13.1937 0.281 0.5485 0.577349 0 -0
8.70901 36.6447 10.8166 0.4865 0.7284 0.577349 0 -0
8.70901 36.1539 10.7466 0.482 0.7318 0.577349 0 -0
8.70901 35.5224 -13.1937 0.281 0.5485 0.577349 0 -0
8.70901 37.8403 9.69442 0.4867 0.7097 0.577349 0 -0
8.70901 36.6447 10.8166 0.4865 0.7284 0.577349 0 -0
8.70901 36.6447 10.8166 0.4865 0.7284 0.577349 0 -0
8.70901 37.8403 9.69442 0.4867 0.7097 0.577349 0 -0
8.70901 37.7701 10.1854 0.4902 0.7142 0.577349 0 -0
8.70901 36.6447 10.8166 0.4865 0.7284 0.577349 0 -0
8.70901 37.7701 10.1854 0.4902 0.7142 0.577349 0 -0
8.70901 37.5597 10.5362 0.4914 0.7187 0.577349 0 -0
8.70901 36.6447 10.8166 0.4865 0.7284 0.577349 0 -0
8.70901 37.5597 10.5362 0.4914 0.7187 0.577349 0 -0
8.70901 37.2091 10.7466 0.4903 0.7232 0.577349 0 -0
8.70901 36.6447 10.8166 0.4865 0.7284 0.577349 0 -0
8.70901 37.2091 10.7466 0.4903 0.7232 0.577349 0 -0
8.70901 36.7181 10.8166 0.487 0.7278 0.577349 0 -0
8.70901 35.5224 -13.1937 0.281 0.5485 0.577349 0 -0
8.70901 37.8403 -13.1937 0.2993 0.5295 0.577349 0 -0
8.70901 37.8403 9.69442 0.4867 0.7097 0.577349 0 -0
8.70901 35.5224 -13.1937 0.281 0.5485 0.577349 0 -0
8.70901 31.1446 -19.8893 0.1917 0.5316 0.577349 0 -0
8.70901 37.8403 -13.1937 0.2993 0.5295 0.577349 0 -0
8.70901 35.5224 -13.1937 0.281 0.5485 0.577349 0 -0
8.70901 31.1446 -17.7733 0.209 0.5483 0.577349 0 -0
8.70901 31.1446 -19.8893 0.1917 0.5316 0.577349 0 -0
8.70901 31.1446 -19.8893 0.1917 0.5316 0.577349 0 -0
8.70901 31.1446 -17.7733 0.209 0.5483 0.577349 0 -0
8.70901 9.33893 -17.7733 0.0373 0.7269 0.577349 0 -0
8.70901 31.1446 -19.8893 0.1917 0.5316 0.577349 0 -0
8.70901 9.33893 -17.7733 0.0373 0.7269 0.577349 0 -0
8.70901 9.33893 -19.8893 0.02 0.7102 0.577349 0 -0
8.70901 9.33893 -19.8893 0.5313 0.7331 0 -0.577351 -6.88256e-08
8.70901 9.33893 -17.7733 0.5313 0.709 0 -0.577351 -6.88256e-08
-9.61201 9.33893 -17.7733 0.7395 0.709 0 -0.577351 -6.88256e-08
8.70901 9.33893 -19.8893 0.5313 0.7331 0 -0.577351 -6.88256e-08
-9.61201 9.33893 -17.7733 0.7395 0.709 0 -0.577351 -6.88256e-08
-9.61201 9.33893 -19.8893 0.7395 0.7331 0 -0.577351 -6.88256e-08
8.70901 9.33893 -17.7733 0.02 0.02 0 -6.88255e-08 0.577351
8.70901 31.1446 -17.7733 0.2677 0.02 0 -6.88255e-08 0.577351
-9.61201 31.1446 -17.7733 0.2677 0.2281 0 -6.88255e-08 0.577351
8.70901 9.33893 -17.7733 0.02 0.02 0 -6.88255e-08 0.577351
-9.61201 31.1446 -17.7733 0.2677 0.2281 0 -6.88255e-08 0.577351
-9.61201 9.33893 -17.7733 0.02 0.2281 0 -6.88255e-08 0.577351
8.70901 31.1446 -17.7733 0.2677 0.02 0 -0.417341 0.39895
8.70901 35.5224 -13.1937 0.3175 0.02 0 -0.417341 0.39895
-9.61201 35.5224 -13.1937 0.3175 0.2281 0 -0.417341 0.39895
8.70901 31.1446 -17.7733 0.2677 0.02 0 -0.417341 0.39895
-9.61201 35.5224 -13.1937 0.3175 0.2281 0 -0.417341 0.39895
-9.61201 31.1446 -17.7733 0.2677 0.2281 0 -0.417341 0.39895
8.70901 35.5224 -13.1937 0.6627 0.4896 0 -0.577351 -6.88256e-08
8.70901 35.5224 9.69442 0.4026 0.4896 0 -0.575896 0.0409618
-9.61201 35.5224 9.69442 0.4026 0.2814 0 -0.575896 0.0409618
8.70901 35.5224 -13.1937 0.6627 0.4896 0 -0.577351 -6.88256e-08
-9.61201 35.5224 9.69442 0.4026 0.2814 0 -0.575896 0.0409618
-9.61201 35.5224 -13.1937 0.6627 0.2814 0 -0.577351 -6.88256e-08
-9.61201 35.5224 9.69442 0.4026 0.2814 0 -0.575896 0.0409618
8.70901 35.5224 9.69442 0.4026 0.4896 0 -0.575896 0.0409618
8.70901 35.5927 10.1854 0.3971 0.4896 0 -0.544082 0.193155
-9.61201 35.5224 9.69442 0.4026 0.2814 0 -0.575896 0.0409618
8.70901 35.5927 10.1854 0.3971 0.4896 0 -0.544082 0.193155
-9.61201 35.5927 10.1854 0.3971 0.2814 0 -0.544082 0.193155
