Vertex Count: 240

Data:

10.2203 10.9086 -2.45183 0.121743 0.0987445 0.233188 0.50643 -0.149949
11.2037 9.79927 -5.01898 0.124702 0.101052 0.233188 0.50643 -0.149949
8.71184 9.75725 -8.68602 0.123454 0.103436 0.233188 0.50643 -0.149949
10.2203 10.9086 -2.45183 0.121743 0.0987445 0.233188 0.50643 -0.149949
8.71184 9.75725 -8.68602 0.123454 0.103436 0.233188 0.50643 -0.149949
5.94872 11.8619 -6.22472 0.120795 0.101776 0.233188 0.50643 -0.149949
-16.3341 -1.55096 -6.29019 0.116901 0.0578423 -0.0468243 -0.572465 -0.0585231
-7.39097 -1.41252 -14.7998 0.116151 0.06591 -0.0468243 -0.572465 -0.0585231
-2.83894 -1.57341 -16.8681 0.115005 0.0689481 -0.0468243 -0.572465 -0.0585231
-6.69455 -0.628323 11.6815 0.105651 0.0536532 -0.0646839 -0.564839 0.100529
-16.4094 -1.15762 2.45667 0.113517 0.0536532 -0.0646839 -0.564839 0.100529
-1.96172 -0.818972 13.6556 0.1027 0.0548365 -0.0646839 -0.564839 0.100529
5.94872 11.8619 -6.22472 0.0509262 0.123541 0.200938 0.501603 -0.203351
8.71184 9.75725 -8.68602 0.0540018 0.124519 0.200938 0.501603 -0.203351
4.57611 8.76329 -15.2245 0.0539952 0.132441 0.200938 0.501603 -0.203351
5.94872 11.8619 -6.22472 0.0789134 0.0575709 0.265294 0.505049 -0.0887546
6.64228 13.0678 -0.859935 0.0750518 0.0564739 0.265294 0.505049 -0.0887546
9.80345 11.771 4.78004 0.073285 0.0535688 0.265294 0.505049 -0.0887546
5.94872 11.8619 -6.22472 0.0789134 0.0575709 0.265294 0.505049 -0.0887546
9.80345 11.771 4.78004 0.073285 0.0535688 0.265294 0.505049 -0.0887546
10.2203 10.9086 -2.45183 0.0790669 0.0544538 0.265294 0.505049 -0.0887546
-6.69455 -0.628323 11.6815 0.0520327 0.0591986 -0.194204 0.0427063 0.542028
-1.96172 -0.818972 13.6556 0.049418 0.0588437 -0.194204 0.0427063 0.542028
-1.15183 6.30594 13.1211 0.0488923 0.052197 -0.194204 0.0427063 0.542028
-6.69455 -0.628323 11.6815 0.0520327 0.0591986 -0.194204 0.0427063 0.542028
-1.15183 6.30594 13.1211 0.0488923 0.052197 -0.194204 0.0427063 0.542028
-4.95227 6.8697 11.9783 0.0510573 0.052234 -0.194204 0.0427063 0.542028
-16.3341 -1.55096 -6.29019 0.130893 0.0554482 -0.535202 0.0502492 -0.210635
-18.7552 -1.14861 -1.98951 0.131103 0.0523391 -0.535202 0.0502492 -0.210635
-17.539 9.4111 -0.613417 0.139798 0.0519526 -0.535202 0.0502492 -0.210635
-16.3341 -1.55096 -6.29019 0.130893 0.0554482 -0.535202 0.0502492 -0.210635
-17.539 9.4111 -0.613417 0.139798 0.0519526 -0.535202 0.0502492 -0.210635
-16.3918 4.3377 -6.68583 0.135857 0.0554006 -0.535202 0.0502492 -0.210635
11.0194 8.14559 -1.232 0.0856864 0.0564667 0.563464 0.0743802 0.101535
11.4631 -0.546156 0.511953 0.0865973 0.0663785 0.563464 0.0743802 0.101535
12.72 -0.829908 -4.0943 0.0841633 0.0664203 0.563464 0.0743802 0.101535
11.0194 8.14559 -1.232 0.0856864 0.0564667 0.563464 0.0743802 0.101535
12.72 -0.829908 -4.0943 0.0841633 0.0664203 0.563464 0.0743802 0.101535
11.4453 5.9647 -4.15896 0.0835307 0.0605748 0.563464 0.0743802 0.101535
-16.3341 -1.55096 -6.29019 0.130893 0.0554482 -0.397115 -0.0319681 -0.417864
-16.3918 4.3377 -6.68583 0.135857 0.0554006 -0.397115 -0.0319681 -0.417864
-7.39097 -1.41252 -14.7998 0.13141 0.063528 -0.397115 -0.0319681 -0.417864
10.9002 -0.59616 -7.80966 0.135591 0.105293 0.447572 0.0117667 -0.36452
2.24076 6.53914 -18.2118 0.128515 0.113217 0.447572 0.0117667 -0.36452
9.94501 7.09117 -8.73437 0.127489 0.104822 0.447572 0.0117667 -0.36452
-3.04485 4.60467 -19.1404 0.130792 0.114974 0.160118 -0.18677 -0.522315
2.24076 6.53914 -18.2118 0.128515 0.113217 0.160118 -0.18677 -0.522315
-2.83894 -1.57341 -16.8681 0.135597 0.113692 0.160118 -0.18677 -0.522315
10.1544 9.34129 4.03543 0.0890603 0.0560054 0.485889 -0.0456206 0.308487
2.60318 -0.625711 10.7271 0.0946788 0.0668561 0.485889 -0.0456206 0.308487
11.4631 -0.546156 0.511953 0.0865973 0.0663785 0.485889 -0.0456206 0.308487
10.1544 9.34129 4.03543 0.0890603 0.0560054 0.485889 -0.0456206 0.308487
11.4631 -0.546156 0.511953 0.0865973 0.0663785 0.485889 -0.0456206 0.308487
11.0194 8.14559 -1.232 0.0856864 0.0564667 0.485889 -0.0456206 0.308487
5.43145 8.97115 8.58475 0.0933315 0.0572991 0.319908 0.00732601 0.48056
-1.15183 6.30594 13.1211 0.0977772 0.0609204 0.319908 0.00732601 0.48056
-1.96172 -0.818972 13.6556 0.0981089 0.0671833 0.319908 0.00732601 0.48056
5.43145 8.97115 8.58475 0.0933315 0.0572991 0.319908 0.00732601 0.48056
-1.96172 -0.818972 13.6556 0.0981089 0.0671833 0.319908 0.00732601 0.48056
2.60318 -0.625711 10.7271 0.0946788 0.0668561 0.319908 0.00732601 0.48056
5.43145 8.97115 8.58475 0.0933315 0.0572991 0.401178 -0.0257237 0.4144
2.60318 -0.625711 10.7271 0.0946788 0.0668561 0.401178 -0.0257237 0.4144
10.1544 9.34129 4.03543 0.0890603 0.0560054 0.401178 -0.0257237 0.4144
11.0194 8.14559 -1.232 0.0856864 0.0564667 0.561841 0.127791 0.036575
10.2203 10.9086 -2.45183 0.0858836 0.0532018 0.561841 0.127791 0.036575
9.80345 11.771 4.78004 0.0907369 0.0526399 0.561841 0.127791 0.036575
11.0194 8.14559 -1.232 0.0856864 0.0564667 0.561841 0.127791 0.036575
9.80345 11.771 4.78004 0.0907369 0.0526399 0.561841 0.127791 0.036575
10.1544 9.34129 4.03543 0.0890603 0.0560054 0.561841 0.127791 0.036575
5.43145 8.97115 8.58475 0.0933315 0.0572991 0.237351 0.224191 0.476168
0.56921 11.2024 9.95788 0.0964607 0.0555291 0.237351 0.224191 0.476168
-1.15183 6.30594 13.1211 0.0977772 0.0609204 0.237351 0.224191 0.476168
11.4453 5.9647 -4.15896 0.12986 0.101635 0.535968 0.0686338 -0.203374
12.72 -0.829908 -4.0943 0.135599 0.102526 0.535968 0.0686338 -0.203374
10.9002 -0.59616 -7.80966 0.135591 0.105293 0.535968 0.0686338 -0.203374
11.4453 5.9647 -4.15896 0.12986 0.101635 0.535968 0.0686338 -0.203374
10.9002 -0.59616 -7.80966 0.135591 0.105293 0.535968 0.0686338 -0.203374
9.94501 7.09117 -8.73437 0.127489 0.104822 0.535968 0.0686338 -0.203374
11.0194 8.14559 -1.232 0.124857 0.0979881 0.528113 0.203289 0.11447
11.2037 9.79927 -5.01898 0.124702 0.101052 0.528113 0.203289 0.11447
10.2203 10.9086 -2.45183 0.121743 0.0987445 0.528113 0.203289 0.11447
11.2037 9.79927 -5.01898 0.124702 0.101052 0.573394 0.0469903 0.0484219
11.0194 8.14559 -1.232 0.124857 0.0979881 0.573394 0.0469903 0.0484219
11.4453 5.9647 -4.15896 0.12986 0.101635 0.573394 0.0469903 0.0484219
2.24076 6.53914 -18.2118 0.128515 0.113217 0.450252 0.111846 -0.343652
4.57611 8.76329 -15.2245 0.12437 0.110697 0.450252 0.111846 -0.343652
8.71184 9.75725 -8.68602 0.123454 0.103436 0.450252 0.111846 -0.343652
2.24076 6.53914 -18.2118 0.128515 0.113217 0.450252 0.111846 -0.343652
8.71184 9.75725 -8.68602 0.123454 0.103436 0.450252 0.111846 -0.343652
9.94501 7.09117 -8.73437 0.127489 0.104822 0.450252 0.111846 -0.343652
-3.04485 4.60467 -19.1404 0.136421 0.0673627 -0.243859 -0.178681 -0.491873
-2.83894 -1.57341 -16.8681 0.131422 0.0666241 -0.243859 -0.178681 -0.491873
-7.39097 -1.41252 -14.7998 0.13141 0.063528 -0.243859 -0.178681 -0.491873
-3.04485 4.60467 -19.1404 0.136421 0.0673627 -0.243859 -0.178681 -0.491873
-7.39097 -1.41252 -14.7998 0.13141 0.063528 -0.243859 -0.178681 -0.491873
-7.58375 4.43382 -16.6979 0.136281 0.0640942 -0.243859 -0.178681 -0.491873
2.24076 6.53914 -18.2118 0.128515 0.113217 0.192137 0.353921 -0.413711
-1.92366 7.91423 -18.9695 0.126976 0.114557 0.192137 0.353921 -0.413711
4.57611 8.76329 -15.2245 0.12437 0.110697 0.192137 0.353921 -0.413711
-1.92366 7.91423 -18.9695 0.140298 0.06708 0.101711 -0.00511055 -0.568297
2.24076 6.53914 -18.2118 0.139216 0.0687541 0.101711 -0.00511055 -0.568297
-3.04485 4.60467 -19.1404 0.136421 0.0673627 0.101711 -0.00511055 -0.568297
-5.97018 7.44101 -16.6925 0.140207 0.0640015 -0.278208 0.134065 -0.487812
-1.92366 7.91423 -18.9695 0.140298 0.06708 -0.278208 0.134065 -0.487812
-3.04485 4.60467 -19.1404 0.136421 0.0673627 -0.278208 0.134065 -0.487812
-5.97018 7.44101 -16.6925 0.140207 0.0640015 -0.278208 0.134065 -0.487812
-3.04485 4.60467 -19.1404 0.136421 0.0673627 -0.278208 0.134065 -0.487812
-7.58375 4.43382 -16.6979 0.136281 0.0640942 -0.278208 0.134065 -0.487812
-14.8972 10.1547 -5.62535 0.112654 0.121412 -0.118939 0.515955 -0.230168
-12.5421 12.5611 -1.81911 0.115516 0.120282 -0.118939 0.515955 -0.230168
-1.59142 9.08711 -14.8944 0.115516 0.130212 -0.118939 0.515955 -0.230168
-14.8972 10.1547 -5.62535 0.112654 0.121412 -0.118939 0.515955 -0.230168
-1.59142 9.08711 -14.8944 0.115516 0.130212 -0.118939 0.515955 -0.230168
-5.97018 7.44101 -16.6925 0.11222 0.129971 -0.118939 0.515955 -0.230168
-16.4094 -1.15762 2.45667 0.0595283 0.0608946 -0.379849 0.0274379 0.43393
-6.69455 -0.628323 11.6815 0.0520327 0.0591986 -0.379849 0.0274379 0.43393
-4.95227 6.8697 11.9783 0.0510573 0.052234 -0.379849 0.0274379 0.43393
-16.4094 -1.15762 2.45667 0.0595283 0.0608946 -0.379849 0.0274379 0.43393
-4.95227 6.8697 11.9783 0.0510573 0.052234 -0.379849 0.0274379 0.43393
-13.7587 10.7419 4.77886 0.058764 0.0506969 -0.379849 0.0274379 0.43393
-13.7587 10.7419 4.77886 0.058764 0.0506969 -0.4913 0.034989 0.301219
-17.539 9.4111 -0.613417 0.0624472 0.0525566 -0.4913 0.034989 0.301219
-18.7552 -1.14861 -1.98951 0.0624472 0.0614487 -0.4913 0.034989 0.301219
-13.7587 10.7419 4.77886 0.058764 0.0506969 -0.4913 0.034989 0.301219
-18.7552 -1.14861 -1.98951 0.0624472 0.0614487 -0.4913 0.034989 0.301219
-16.4094 -1.15762 2.45667 0.0595283 0.0608946 -0.4913 0.034989 0.301219
-6.64055 13.0162 3.90858 0.0562744 0.0457579 -0.216985 0.524688 0.104658
-12.5421 12.5611 -1.81911 0.06167 0.0488591 -0.216985 0.524688 0.104658
-17.539 9.4111 -0.613417 0.0624472 0.0525566 -0.216985 0.524688 0.104658
-6.64055 13.0162 3.90858 0.0562744 0.0457579 -0.216985 0.524688 0.104658
-17.539 9.4111 -0.613417 0.0624472 0.0525566 -0.216985 0.524688 0.104658
-13.7587 10.7419 4.77886 0.058764 0.0506969 -0.216985 0.524688 0.104658
-4.95227 6.8697 11.9783 0.0510573 0.052234 -0.0873357 0.328823 0.466456
-1.15183 6.30594 13.1211 0.0488923 0.052197 -0.0873357 0.328823 0.466456
0.56921 11.2024 9.95788 0.0491951 0.0467608 -0.0873357 0.328823 0.466456
-4.95227 6.8697 11.9783 0.0510573 0.052234 -0.0873357 0.328823 0.466456
0.56921 11.2024 9.95788 0.0491951 0.0467608 -0.0873357 0.328823 0.466456
-2.98272 12.4888 8.41978 0.0511284 0.045894 -0.0873357 0.328823 0.466456
-13.7587 10.7419 4.77886 0.058764 0.0506969 -0.198081 0.338006 0.424086
-4.95227 6.8697 11.9783 0.0510573 0.052234 -0.198081 0.338006 0.424086
-2.98272 12.4888 8.41978 0.0511284 0.045894 -0.198081 0.338006 0.424086
-2.98272 12.4888 8.41978 0.0981089 0.0542419 0.0696424 0.557055 0.134806
0.56921 11.2024 9.95788 0.0964607 0.0555291 0.0696424 0.557055 0.134806
9.80345 11.771 4.78004 0.0907369 0.0526399 0.0696424 0.557055 0.134806
-2.98272 12.4888 8.41978 0.0981089 0.0542419 0.0696424 0.557055 0.134806
9.80345 11.771 4.78004 0.0907369 0.0526399 0.0696424 0.557055 0.134806
3.86684 12.5104 2.849 0.093875 0.0515001 0.0696424 0.557055 0.134806
-2.98272 12.4888 8.41978 0.0669713 0.0576115 0.0318502 0.574983 0.0413981
3.86684 12.5104 2.849 0.0712823 0.0566233 0.0318502 0.574983 0.0413981
-6.64055 13.0162 3.90858 0.0678772 0.0624863 0.0318502 0.574983 0.0413981
3.86684 12.5104 2.849 0.0712823 0.0566233 0.0344169 0.565583 0.110748
9.80345 11.771 4.78004 0.073285 0.0535688 0.0344169 0.565583 0.110748
6.64228 13.0678 -0.859935 0.0750518 0.0564739 0.0344169 0.565583 0.110748
3.86684 12.5104 2.849 0.0432951 0.122593 -0.0535184 0.567294 -0.0929872
6.64228 13.0678 -0.859935 0.0470647 0.122444 -0.0535184 0.567294 -0.0929872
-1.59142 9.08711 -14.8944 0.0510884 0.134821 -0.0535184 0.567294 -0.0929872
3.86684 12.5104 2.849 0.0432951 0.122593 -0.0535184 0.567294 -0.0929872
-1.59142 9.08711 -14.8944 0.0510884 0.134821 -0.0535184 0.567294 -0.0929872
-4.55523 11.9859 -1.01573 0.0430559 0.130187 -0.0535184 0.567294 -0.0929872
-4.55523 11.9859 -1.01573 0.0430559 0.130187 0.0505986 0.56686 -0.0971747
-12.5421 12.5611 -1.81911 0.0412828 0.134448 0.0505986 0.56686 -0.0971747
-6.64055 13.0162 3.90858 0.03989 0.128456 0.0505986 0.56686 -0.0971747
10.9002 -0.59616 -7.80966 0.105343 0.0711645 0.0851466 -0.566977 -0.0679769
12.72 -0.829908 -4.0943 0.102696 0.0704811 0.0851466 -0.566977 -0.0679769
-2.83894 -1.57341 -16.8681 0.115005 0.0689481 0.0851466 -0.566977 -0.0679769
10.9002 -0.59616 -7.80966 0.105343 0.0711645 0.0851466 -0.566977 -0.0679769
-2.83894 -1.57341 -16.8681 0.115005 0.0689481 0.0851466 -0.566977 -0.0679769
1.58675 -1.15719 -15.3099 0.112513 0.0702134 0.0851466 -0.566977 -0.0679769
-4.55523 11.9859 -1.01573 0.0430559 0.130187 0.0159902 0.566217 -0.111696
-6.64055 13.0162 3.90858 0.03989 0.128456 0.0159902 0.566217 -0.111696
3.86684 12.5104 2.849 0.0432951 0.122593 0.0159902 0.566217 -0.111696
-1.59142 9.08711 -14.8944 0.0510884 0.134821 0.0204645 0.554033 -0.161127
4.57611 8.76329 -15.2245 0.0539952 0.132441 0.0204645 0.554033 -0.161127
-1.92366 7.91423 -18.9695 0.0540018 0.137052 0.0204645 0.554033 -0.161127
5.94872 11.8619 -6.22472 0.0509262 0.123541 -0.0721766 0.560803 -0.11672
-1.59142 9.08711 -14.8944 0.0510884 0.134821 -0.0721766 0.560803 -0.11672
6.64228 13.0678 -0.859935 0.0470647 0.122444 -0.0721766 0.560803 -0.11672
-1.96172 -0.818972 13.6556 0.1027 0.0548365 0.0134538 -0.577079 0.0114838
-16.3341 -1.55096 -6.29019 0.116901 0.0578423 0.0134538 -0.577079 0.0114838
12.72 -0.829908 -4.0943 0.102696 0.0704811 0.0134538 -0.577079 0.0114838
-2.83894 -1.57341 -16.8681 0.115005 0.0689481 0.0129745 -0.576931 0.0177771
12.72 -0.829908 -4.0943 0.102696 0.0704811 0.0134538 -0.577079 0.0114838
-16.3341 -1.55096 -6.29019 0.116901 0.0578423 0.0134538 -0.577079 0.0114838
-1.96172 -0.818972 13.6556 0.1027 0.0548365 0.0134538 -0.577079 0.0114838
-16.4094 -1.15762 2.45667 0.113517 0.0536532 -0.00654142 -0.576733 0.0258791
-16.3341 -1.55096 -6.29019 0.116901 0.0578423 0.0134538 -0.577079 0.0114838
1.58675 -1.15719 -15.3099 0.135599 0.111776 0.349231 -0.187888 -0.419606
2.24076 6.53914 -18.2118 0.128515 0.113217 0.349231 -0.187888 -0.419606
10.9002 -0.59616 -7.80966 0.135591 0.105293 0.349231 -0.187888 -0.419606
1.58675 -1.15719 -15.3099 0.135599 0.111776 0.196246 -0.206084 -0.502345
-2.83894 -1.57341 -16.8681 0.135597 0.113692 0.196246 -0.206084 -0.502345
2.24076 6.53914 -18.2118 0.128515 0.113217 0.196246 -0.206084 -0.502345
11.4631 -0.546156 0.511953 0.101702 0.0672898 0.0666505 -0.571002 0.0533614
2.60318 -0.625711 10.7271 0.101683 0.0582118 0.0666505 -0.571002 0.0533614
12.72 -0.829908 -4.0943 0.102696 0.0704811 0.0666505 -0.571002 0.0533614
9.80345 11.771 4.78004 0.0907369 0.0526399 0.243619 0.246827 0.461583
0.56921 11.2024 9.95788 0.0964607 0.0555291 0.243619 0.246827 0.461583
5.43145 8.97115 8.58475 0.0933315 0.0572991 0.243619 0.246827 0.461583
5.43145 8.97115 8.58475 0.0933315 0.0572991 0.400505 -0.0678748 0.410271
10.1544 9.34129 4.03543 0.0890603 0.0560054 0.400505 -0.0678748 0.410271
9.80345 11.771 4.78004 0.0907369 0.0526399 0.400505 -0.0678748 0.410271
9.94501 7.09117 -8.73437 0.127489 0.104822 0.443489 0.21064 -0.303779
8.71184 9.75725 -8.68602 0.123454 0.103436 0.443489 0.21064 -0.303779
11.2037 9.79927 -5.01898 0.124702 0.101052 0.443489 0.21064 -0.303779
11.2037 9.79927 -5.01898 0.124702 0.101052 0.548131 -0.00611117 -0.181243
11.4453 5.9647 -4.15896 0.12986 0.101635 0.548131 -0.00611117 -0.181243
9.94501 7.09117 -8.73437 0.127489 0.104822 0.548131 -0.00611117 -0.181243
-7.58375 4.43382 -16.6979 0.136281 0.0640942 -0.420909 -0.13452 -0.371582
-7.39097 -1.41252 -14.7998 0.13141 0.063528 -0.420909 -0.13452 -0.371582
-16.3918 4.3377 -6.68583 0.135857 0.0554006 -0.420909 -0.13452 -0.371582
-1.59142 9.08711 -14.8944 0.115516 0.130212 -0.144075 0.540287 -0.143756
-1.92366 7.91423 -18.9695 0.112311 0.13305 -0.144075 0.540287 -0.143756
-5.97018 7.44101 -16.6925 0.11222 0.129971 -0.144075 0.540287 -0.143756
-7.58375 4.43382 -16.6979 0.136281 0.0640942 -0.402798 0.216768 -0.352277
-16.3918 4.3377 -6.68583 0.135857 0.0554006 -0.402798 0.216768 -0.352277
-5.97018 7.44101 -16.6925 0.140207 0.0640015 -0.402798 0.216768 -0.352277
-17.539 9.4111 -0.613417 0.139798 0.0519526 -0.320229 0.470081 -0.0990451
-12.5421 12.5611 -1.81911 0.143504 0.0543123 -0.320229 0.470081 -0.0990451
-14.8972 10.1547 -5.62535 0.140641 0.0554427 -0.320229 0.470081 -0.0990451
-16.3918 4.3377 -6.68583 0.135857 0.0554006 -0.497859 0.171129 -0.237032
-17.539 9.4111 -0.613417 0.139798 0.0519526 -0.497859 0.171129 -0.237032
-14.8972 10.1547 -5.62535 0.140641 0.0554427 -0.497859 0.171129 -0.237032
-5.97018 7.44101 -16.6925 0.140207 0.0640015 -0.407483 0.17232 -0.37094
-16.3918 4.3377 -6.68583 0.135857 0.0554006 -0.407483 0.17232 -0.37094
-14.8972 10.1547 -5.62535 0.140641 0.0554427 -0.407483 0.17232 -0.37094
-13.7587 10.7419 4.77886 0.058764 0.0506969 -0.146712 0.528342 0.180729
-2.98272 12.4888 8.41978 0.0511284 0.045894 -0.146712 0.528342 0.180729
-6.64055 13.0162 3.90858 0.0562744 0.0457579 -0.146712 0.528342 0.180729
-4.55523 11.9859 -1.01573 0.0430559 0.130187 0.0514558 0.565006 -0.107022
-1.59142 9.08711 -14.8944 0.0510884 0.134821 0.0514558 0.565006 -0.107022
-12.5421 12.5611 -1.81911 0.0412828 0.134448 0.0514558 0.565006 -0.107022
5.94872 11.8619 -6.22472 0.0509262 0.123541 0.0184119 0.544751 -0.190369
4.57611 8.76329 -15.2245 0.0539952 0.132441 0.0184119 0.544751 -0.190369
-1.59142 9.08711 -14.8944 0.0510884 0.134821 0.0184119 0.544751 -0.190369
-16.4094 -1.15762 2.45667 0.113517 0.0536532 -0.0503603 -0.574588 0.0254053
-18.7552 -1.14861 -1.98951 0.116325 0.0547141 -0.0503603 -0.574588 0.0254053
-16.3341 -1.55096 -6.29019 0.116901 0.0578423 -0.0503603 -0.574588 0.0254053
-1.96172 -0.818972 13.6556 0.1027 0.0548365 0.0521982 -0.573336 0.0435287
12.72 -0.829908 -4.0943 0.102696 0.0704811 0.0521982 -0.573336 0.0435287
2.60318 -0.625711 10.7271 0.101683 0.0582118 0.0521982 -0.573336 0.0435287
