Vertex Count: 936

Data:

-180.003 33.5598 -131.743 0.438706 0.127523 0.53339 -0.220938 0.00382157
-181.466 30.0268 -131.743 0.423405 0.127523 0.53339 -0.220938 0.00382157
-181.466 29.8755 -140.487 0.423405 0.114528 0.53339 -0.220938 0.00382157
-180.003 33.5598 -131.743 0.438706 0.127523 0.53339 -0.220938 0.00382157
-181.466 29.8755 -140.487 0.423405 0.114528 0.53339 -0.220938 0.00382157
-180.003 33.4086 -140.487 0.438706 0.114528 0.53339 -0.220938 0.00382157
-181.466 30.0268 -131.743 0.423405 0.127523 0.220914 -0.533334 0.00922528
-184.999 28.5634 -131.743 0.412586 0.127523 0.220914 -0.533334 0.00922528
-184.999 28.4121 -140.487 0.412586 0.114528 0.220914 -0.533334 0.00922528
-181.466 30.0268 -131.743 0.423405 0.127523 0.220914 -0.533334 0.00922528
-184.999 28.4121 -140.487 0.412586 0.114528 0.220914 -0.533334 0.00922528
-181.466 29.8755 -140.487 0.423405 0.114528 0.220914 -0.533334 0.00922528
-184.999 28.5634 -131.743 0.449526 0.153512 -0.220914 -0.533334 0.00922529
-188.532 30.0268 -131.743 0.460345 0.153512 -0.220914 -0.533334 0.00922529
-188.532 29.8755 -140.487 0.460345 0.166507 -0.220914 -0.533334 0.00922529
-184.999 28.5634 -131.743 0.449526 0.153512 -0.220914 -0.533334 0.00922529
-188.532 29.8755 -140.487 0.460345 0.166507 -0.220914 -0.533334 0.00922529
-184.999 28.4121 -140.487 0.449526 0.166507 -0.220914 -0.533334 0.00922529
-188.532 30.0268 -131.743 0.460345 0.153512 -0.53339 -0.220938 0.00382161
-189.996 33.5598 -131.743 0.475646 0.153512 -0.53339 -0.220938 0.00382161
-189.996 33.4086 -140.487 0.475646 0.166507 -0.53339 -0.220938 0.00382161
-188.532 30.0268 -131.743 0.460345 0.153512 -0.53339 -0.220938 0.00382161
-189.996 33.4086 -140.487 0.475646 0.166507 -0.53339 -0.220938 0.00382161
-188.532 29.8755 -140.487 0.460345 0.166507 -0.53339 -0.220938 0.00382161
-188.262 29.573 -123 0.460345 0.140517 -0.533381 -0.220934 -0.00503854
-189.996 33.5598 -131.743 0.475646 0.153512 -0.53339 -0.220938 0.00382161
-188.532 30.0268 -131.743 0.460345 0.153512 -0.53339 -0.220938 0.00382161
-188.262 29.573 -123 0.460345 0.140517 -0.533381 -0.220934 -0.00503854
-189.725 33.1061 -123 0.475646 0.140517 -0.533381 -0.220934 -0.00503854
-189.996 33.5598 -131.743 0.475646 0.153512 -0.53339 -0.220938 0.00382161
-188.532 30.0268 -114.256 0.460345 0.127523 -0.53339 -0.220938 -0.00382163
-189.725 33.1061 -123 0.475646 0.140517 -0.533381 -0.220934 -0.00503854
-188.262 29.573 -123 0.460345 0.140517 -0.533381 -0.220934 -0.00503854
-188.532 30.0268 -114.256 0.460345 0.127523 -0.53339 -0.220938 -0.00382163
-189.996 33.5598 -114.256 0.475646 0.127523 -0.53339 -0.220938 -0.00382163
-189.725 33.1061 -123 0.475646 0.140517 -0.533381 -0.220934 -0.00503854
-188.532 29.8755 -105.512 0.460345 0.114528 -0.53339 -0.220938 -0.00382163
-189.996 33.5598 -114.256 0.475646 0.127523 -0.53339 -0.220938 -0.00382163
-188.532 30.0268 -114.256 0.460345 0.127523 -0.53339 -0.220938 -0.00382163
-188.532 29.8755 -105.512 0.460345 0.114528 -0.53339 -0.220938 -0.00382163
-189.996 33.4086 -105.512 0.475646 0.114528 -0.53339 -0.220938 -0.00382163
-189.996 33.5598 -114.256 0.475646 0.127523 -0.53339 -0.220938 -0.00382163
-189.996 33.5598 -131.743 0.475646 0.153512 -0.53339 0.220938 -0.00382154
-188.532 37.0929 -131.743 0.486466 0.153512 -0.53339 0.220938 -0.00382154
-188.532 36.9417 -140.487 0.486466 0.166507 -0.53339 0.220938 -0.00382154
-189.996 33.5598 -131.743 0.475646 0.153512 -0.53339 0.220938 -0.00382154
-188.532 36.9417 -140.487 0.486466 0.166507 -0.53339 0.220938 -0.00382154
-189.996 33.4086 -140.487 0.475646 0.166507 -0.53339 0.220938 -0.00382154
-188.532 37.0929 -131.743 0.512586 0.127523 -0.220914 0.533334 -0.00922511
-184.999 38.5563 -131.743 0.501767 0.127523 -0.220914 0.533334 -0.00922511
-184.999 38.4051 -140.487 0.501767 0.114528 -0.220914 0.533334 -0.00922511
-188.532 37.0929 -131.743 0.512586 0.127523 -0.220914 0.533334 -0.00922511
-184.999 38.4051 -140.487 0.501767 0.114528 -0.220914 0.533334 -0.00922511
-188.532 36.9417 -140.487 0.512586 0.114528 -0.220914 0.533334 -0.00922511
-181.466 36.9417 -140.487 0.486466 0.280113 0 1.78224e-07 -0.577351
-180.003 33.4086 -140.487 0.486466 0.300004 0 1.78224e-07 -0.577351
-181.466 29.8755 -140.487 0.475646 0.31407 0 1.78224e-07 -0.577351
-181.466 29.8755 -140.487 0.475646 0.31407 0 1.78224e-07 -0.577351
-184.999 28.4121 -140.487 0.460345 0.31407 0 1.78224e-07 -0.577351
-181.466 36.9417 -140.487 0.486466 0.280113 0 1.78224e-07 -0.577351
-184.999 28.4121 -140.487 0.460345 0.31407 0 1.78224e-07 -0.577351
-184.999 38.4051 -140.487 0.475646 0.266048 0 1.78224e-07 -0.577351
-181.466 36.9417 -140.487 0.486466 0.280113 0 1.78224e-07 -0.577351
-184.999 28.4121 -140.487 0.460345 0.31407 0 1.78224e-07 -0.577351
-188.532 36.9417 -140.487 0.460345 0.266048 0 1.78224e-07 -0.577351
-184.999 38.4051 -140.487 0.475646 0.266048 0 1.78224e-07 -0.577351
-184.999 28.4121 -140.487 0.460345 0.31407 0 1.78224e-07 -0.577351
-188.532 29.8755 -140.487 0.449526 0.300004 0 1.78224e-07 -0.577351
-188.532 36.9417 -140.487 0.460345 0.266048 0 1.78224e-07 -0.577351
-188.532 29.8755 -140.487 0.449526 0.300004 0 1.78224e-07 -0.577351
-189.996 33.4086 -140.487 0.449526 0.280113 0 1.78224e-07 -0.577351
-188.532 36.9417 -140.487 0.460345 0.266048 0 1.78224e-07 -0.577351
-181.466 37.0929 -131.743 0.449526 0.127523 0.53339 0.220938 -0.00382163
-180.003 33.5598 -131.743 0.438706 0.127523 0.53339 0.220938 -0.00382163
-180.003 33.4086 -140.487 0.438706 0.114528 0.53339 0.220938 -0.00382163
-181.466 37.0929 -131.743 0.449526 0.127523 0.53339 0.220938 -0.00382163
-180.003 33.4086 -140.487 0.438706 0.114528 0.53339 0.220938 -0.00382163
-181.466 36.9417 -140.487 0.449526 0.114528 0.53339 0.220938 -0.00382163
-181.196 36.6392 -123 0.449526 0.140517 0.533381 0.220934 0.00503853
-180.003 33.5598 -131.743 0.438706 0.127523 0.53339 0.220938 -0.00382163
-181.466 37.0929 -131.743 0.449526 0.127523 0.53339 0.220938 -0.00382163
-181.196 36.6392 -123 0.449526 0.140517 0.533381 0.220934 0.00503853
-179.732 33.1061 -123 0.438706 0.140517 0.533381 0.220934 0.00503853
-180.003 33.5598 -131.743 0.438706 0.127523 0.53339 0.220938 -0.00382163
-181.466 37.0929 -114.256 0.449526 0.153512 0.53339 0.220938 0.00382165
-179.732 33.1061 -123 0.438706 0.140517 0.533381 0.220934 0.00503853
-181.196 36.6392 -123 0.449526 0.140517 0.533381 0.220934 0.00503853
-181.466 37.0929 -114.256 0.449526 0.153512 0.53339 0.220938 0.00382165
-180.003 33.5598 -114.256 0.438706 0.153512 0.53339 0.220938 0.00382165
-179.732 33.1061 -123 0.438706 0.140517 0.533381 0.220934 0.00503853
-181.466 36.9417 -105.512 0.449526 0.166507 0.53339 0.220938 0.00382165
-180.003 33.5598 -114.256 0.438706 0.153512 0.53339 0.220938 0.00382165
-181.466 37.0929 -114.256 0.449526 0.153512 0.53339 0.220938 0.00382165
-181.466 36.9417 -105.512 0.449526 0.166507 0.53339 0.220938 0.00382165
-180.003 33.4086 -105.512 0.438706 0.166507 0.53339 0.220938 0.00382165
-180.003 33.5598 -114.256 0.438706 0.153512 0.53339 0.220938 0.00382165
-184.999 38.5563 -131.743 0.501767 0.127523 0.220914 0.533334 -0.00922513
-181.466 37.0929 -131.743 0.486466 0.127523 0.220914 0.533334 -0.00922513
-181.466 36.9417 -140.487 0.486466 0.114528 0.220914 0.533334 -0.00922513
-184.999 38.5563 -131.743 0.501767 0.127523 0.220914 0.533334 -0.00922513
-181.466 36.9417 -140.487 0.486466 0.114528 0.220914 0.533334 -0.00922513
-184.999 38.4051 -140.487 0.501767 0.114528 0.220914 0.533334 -0.00922513
-181.466 29.8755 -105.512 0.412586 0.300004 0 -1.78224e-07 0.577351
-180.003 33.4086 -105.512 0.412586 0.280113 0 -1.78224e-07 0.577351
-181.466 36.9417 -105.512 0.423405 0.266048 0 -1.78224e-07 0.577351
-181.466 36.9417 -105.512 0.423405 0.266048 0 -1.78224e-07 0.577351
-184.999 28.4121 -105.512 0.423405 0.31407 0 -1.78224e-07 0.577351
-181.466 29.8755 -105.512 0.412586 0.300004 0 -1.78224e-07 0.577351
-181.466 36.9417 -105.512 0.423405 0.266048 0 -1.78224e-07 0.577351
-184.999 38.4051 -105.512 0.438706 0.266048 0 -1.78224e-07 0.577351
-184.999 28.4121 -105.512 0.423405 0.31407 0 -1.78224e-07 0.577351
-184.999 38.4051 -105.512 0.438706 0.266048 0 -1.78224e-07 0.577351
-188.532 36.9417 -105.512 0.449526 0.280113 0 -1.78224e-07 0.577351
-184.999 28.4121 -105.512 0.423405 0.31407 0 -1.78224e-07 0.577351
-188.532 36.9417 -105.512 0.449526 0.280113 0 -1.78224e-07 0.577351
-188.532 29.8755 -105.512 0.438706 0.31407 0 -1.78224e-07 0.577351
-184.999 28.4121 -105.512 0.423405 0.31407 0 -1.78224e-07 0.577351
-188.532 36.9417 -105.512 0.449526 0.280113 0 -1.78224e-07 0.577351
-189.996 33.4086 -105.512 0.449526 0.300004 0 -1.78224e-07 0.577351
-188.532 29.8755 -105.512 0.438706 0.31407 0 -1.78224e-07 0.577351
-185.261 25.6016 -133.829 0.438706 0.127523 0.531718 -0.220245 0.0458257
-186.724 22.0685 -133.829 0.423405 0.127523 0.531718 -0.220245 0.0458257
-186.15 22.0685 -140.487 0.423405 0.114528 0.531718 -0.220245 0.0458257
-185.261 25.6016 -133.829 0.438706 0.127523 0.531718 -0.220245 0.0458257
-186.15 22.0685 -140.487 0.423405 0.114528 0.531718 -0.220245 0.0458257
-184.687 25.6016 -140.487 0.438706 0.114528 0.531718 -0.220245 0.0458257
-186.724 22.0685 -133.829 0.423405 0.127523 0.220822 -0.533113 0.0190313
-190.257 20.6051 -133.829 0.412586 0.127523 0.220822 -0.533113 0.0190313
-189.684 20.6051 -140.487 0.412586 0.114528 0.220822 -0.533113 0.0190313
-186.724 22.0685 -133.829 0.423405 0.127523 0.220822 -0.533113 0.0190313
-189.684 20.6051 -140.487 0.412586 0.114528 0.220822 -0.533113 0.0190313
-186.15 22.0685 -140.487 0.423405 0.114528 0.220822 -0.533113 0.0190313
-186.724 22.0685 -125.085 0.423405 0.140517 0.220942 -0.533403 -0
-190.257 20.6051 -133.829 0.412586 0.127523 0.220822 -0.533113 0.0190313
-186.724 22.0685 -133.829 0.423405 0.127523 0.220822 -0.533113 0.0190313
-186.724 22.0685 -125.085 0.423405 0.140517 0.220942 -0.533403 -0
-190.257 20.6051 -125.085 0.412586 0.140517 0.220942 -0.533403 -0
-190.257 20.6051 -133.829 0.412586 0.127523 0.220822 -0.533113 0.0190313
-186.724 22.0685 -116.341 0.423405 0.153512 0.220897 -0.533293 -0.0117048
-190.257 20.6051 -125.085 0.412586 0.140517 0.220942 -0.533403 -0
-186.724 22.0685 -125.085 0.423405 0.140517 0.220942 -0.533403 -0
-186.724 22.0685 -116.341 0.423405 0.153512 0.220897 -0.533293 -0.0117048
-190.257 20.6051 -116.341 0.412586 0.153512 0.220897 -0.533293 -0.0117048
-190.257 20.6051 -125.085 0.412586 0.140517 0.220942 -0.533403 -0
-186.15 22.0685 -105.512 0.423405 0.166507 0.220897 -0.533293 -0.0117048
-190.257 20.6051 -116.341 0.412586 0.153512 0.220897 -0.533293 -0.0117048
-186.724 22.0685 -116.341 0.423405 0.153512 0.220897 -0.533293 -0.0117048
-186.15 22.0685 -105.512 0.423405 0.166507 0.220897 -0.533293 -0.0117048
-189.684 20.6051 -105.512 0.412586 0.166507 0.220897 -0.533293 -0.0117048
-190.257 20.6051 -116.341 0.412586 0.153512 0.220897 -0.533293 -0.0117048
-190.257 20.6051 -133.829 0.449526 0.153512 -0.220822 -0.533113 -0.0190314
-193.79 22.0685 -133.829 0.460345 0.153512 -0.220822 -0.533113 -0.0190314
-193.217 22.0685 -140.487 0.460345 0.166507 -0.220822 -0.533113 -0.0190314
-190.257 20.6051 -133.829 0.449526 0.153512 -0.220822 -0.533113 -0.0190314
-193.217 22.0685 -140.487 0.460345 0.166507 -0.220822 -0.533113 -0.0190314
-189.684 20.6051 -140.487 0.449526 0.166507 -0.220822 -0.533113 -0.0190314
-190.257 20.6051 -125.085 0.449526 0.140517 -0.220942 -0.533403 -0
-193.79 22.0685 -133.829 0.460345 0.153512 -0.220822 -0.533113 -0.0190314
-190.257 20.6051 -133.829 0.449526 0.153512 -0.220822 -0.533113 -0.0190314
-190.257 20.6051 -125.085 0.449526 0.140517 -0.220942 -0.533403 -0
-193.79 22.0685 -125.085 0.460345 0.140517 -0.220942 -0.533403 -0
-193.79 22.0685 -133.829 0.460345 0.153512 -0.220822 -0.533113 -0.0190314
-190.257 20.6051 -116.341 0.449526 0.127523 -0.220897 -0.533293 0.0117047
-193.79 22.0685 -125.085 0.460345 0.140517 -0.220942 -0.533403 -0
-190.257 20.6051 -125.085 0.449526 0.140517 -0.220942 -0.533403 -0
-190.257 20.6051 -116.341 0.449526 0.127523 -0.220897 -0.533293 0.0117047
-193.79 22.0685 -116.341 0.460345 0.127523 -0.220897 -0.533293 0.0117047
-193.79 22.0685 -125.085 0.460345 0.140517 -0.220942 -0.533403 -0
-189.684 20.6051 -105.512 0.449526 0.114528 -0.220897 -0.533293 0.0117047
-193.79 22.0685 -116.341 0.460345 0.127523 -0.220897 -0.533293 0.0117047
-190.257 20.6051 -116.341 0.449526 0.127523 -0.220897 -0.533293 0.0117047
-189.684 20.6051 -105.512 0.449526 0.114528 -0.220897 -0.533293 0.0117047
-193.217 22.0685 -105.512 0.460345 0.114528 -0.220897 -0.533293 0.0117047
-193.79 22.0685 -116.341 0.460345 0.127523 -0.220897 -0.533293 0.0117047
-193.79 22.0685 -133.829 0.460345 0.153512 -0.531718 -0.220245 -0.0458258
-195.254 25.6016 -133.829 0.475646 0.153512 -0.531718 -0.220245 -0.0458258
-194.68 25.6016 -140.487 0.475646 0.166507 -0.531718 -0.220245 -0.0458258
-193.79 22.0685 -133.829 0.460345 0.153512 -0.531718 -0.220245 -0.0458258
-194.68 25.6016 -140.487 0.475646 0.166507 -0.531718 -0.220245 -0.0458258
-193.217 22.0685 -140.487 0.460345 0.166507 -0.531718 -0.220245 -0.0458258
-195.254 25.6016 -133.829 0.475646 0.153512 -0.531718 0.220246 -0.0458258
-193.79 29.1346 -133.829 0.486466 0.153512 -0.531718 0.220246 -0.0458258
-193.217 29.1346 -140.487 0.486466 0.166507 -0.531718 0.220246 -0.0458258
-195.254 25.6016 -133.829 0.475646 0.153512 -0.531718 0.220246 -0.0458258
-193.217 29.1346 -140.487 0.486466 0.166507 -0.531718 0.220246 -0.0458258
-194.68 25.6016 -140.487 0.475646 0.166507 -0.531718 0.220246 -0.0458258
-193.79 29.1346 -133.829 0.512586 0.127523 -0.220822 0.533113 -0.0190314
-190.257 30.5981 -133.829 0.501767 0.127523 -0.220822 0.533113 -0.0190314
-189.684 30.5981 -140.487 0.501767 0.114528 -0.220822 0.533113 -0.0190314
-193.79 29.1346 -133.829 0.512586 0.127523 -0.220822 0.533113 -0.0190314
-189.684 30.5981 -140.487 0.501767 0.114528 -0.220822 0.533113 -0.0190314
-193.217 29.1346 -140.487 0.512586 0.114528 -0.220822 0.533113 -0.0190314
-193.79 29.1346 -125.085 0.512586 0.140517 -0.220942 0.533403 7.23348e-08
-190.257 30.5981 -133.829 0.501767 0.127523 -0.220822 0.533113 -0.0190314
-193.79 29.1346 -133.829 0.512586 0.127523 -0.220822 0.533113 -0.0190314
-193.79 29.1346 -125.085 0.512586 0.140517 -0.220942 0.533403 7.23348e-08
-190.257 30.5981 -125.085 0.501767 0.140517 -0.220942 0.533403 7.23348e-08
-190.257 30.5981 -133.829 0.501767 0.127523 -0.220822 0.533113 -0.0190314
-193.79 29.1346 -116.341 0.512586 0.153512 -0.220897 0.533293 0.0117048
-190.257 30.5981 -125.085 0.501767 0.140517 -0.220942 0.533403 7.23348e-08
-193.79 29.1346 -125.085 0.512586 0.140517 -0.220942 0.533403 7.23348e-08
-193.79 29.1346 -116.341 0.512586 0.153512 -0.220897 0.533293 0.0117048
-190.257 30.5981 -116.341 0.501767 0.153512 -0.220897 0.533293 0.0117048
-190.257 30.5981 -125.085 0.501767 0.140517 -0.220942 0.533403 7.23348e-08
-193.217 29.1346 -105.512 0.512586 0.166507 -0.220897 0.533293 0.0117048
-190.257 30.5981 -116.341 0.501767 0.153512 -0.220897 0.533293 0.0117048
-193.79 29.1346 -116.341 0.512586 0.153512 -0.220897 0.533293 0.0117048
-193.217 29.1346 -105.512 0.512586 0.166507 -0.220897 0.533293 0.0117048
-189.684 30.5981 -105.512 0.501767 0.166507 -0.220897 0.533293 0.0117048
-190.257 30.5981 -116.341 0.501767 0.153512 -0.220897 0.533293 0.0117048
-186.15 29.1346 -140.487 0.486466 0.280113 0 1.18816e-07 -0.577351
-184.687 25.6016 -140.487 0.486466 0.300004 0 1.18816e-07 -0.577351
-186.15 22.0685 -140.487 0.475646 0.31407 0 1.18816e-07 -0.577351
-186.15 22.0685 -140.487 0.475646 0.31407 0 1.18816e-07 -0.577351
-189.684 20.6051 -140.487 0.460345 0.31407 0 1.18816e-07 -0.577351
-186.15 29.1346 -140.487 0.486466 0.280113 0 1.18816e-07 -0.577351
-189.684 20.6051 -140.487 0.460345 0.31407 0 1.18816e-07 -0.577351
-189.684 30.5981 -140.487 0.475646 0.266048 0 1.18816e-07 -0.577351
-186.15 29.1346 -140.487 0.486466 0.280113 0 1.18816e-07 -0.577351
-189.684 20.6051 -140.487 0.460345 0.31407 0 1.18816e-07 -0.577351
-193.217 29.1346 -140.487 0.460345 0.266048 0 1.18816e-07 -0.577351
-189.684 30.5981 -140.487 0.475646 0.266048 0 1.18816e-07 -0.577351
-189.684 20.6051 -140.487 0.460345 0.31407 0 1.18816e-07 -0.577351
-193.217 22.0685 -140.487 0.449526 0.300004 0 1.18816e-07 -0.577351
-193.217 29.1346 -140.487 0.460345 0.266048 0 1.18816e-07 -0.577351
-193.217 22.0685 -140.487 0.449526 0.300004 0 1.18816e-07 -0.577351
-194.68 25.6016 -140.487 0.449526 0.280113 0 1.18816e-07 -0.577351
-193.217 29.1346 -140.487 0.460345 0.266048 0 1.18816e-07 -0.577351
-186.724 29.1346 -133.829 0.449526 0.127523 0.531718 0.220245 0.0458257
-185.261 25.6016 -133.829 0.438706 0.127523 0.531718 0.220245 0.0458257
-184.687 25.6016 -140.487 0.438706 0.114528 0.531718 0.220245 0.0458257
-186.724 29.1346 -133.829 0.449526 0.127523 0.531718 0.220245 0.0458257
-184.687 25.6016 -140.487 0.438706 0.114528 0.531718 0.220245 0.0458257
-186.15 29.1346 -140.487 0.449526 0.114528 0.531718 0.220245 0.0458257
-190.257 30.5981 -133.829 0.501767 0.127523 0.220822 0.533113 0.0190314
-186.724 29.1346 -133.829 0.486466 0.127523 0.220822 0.533113 0.0190314
-186.15 29.1346 -140.487 0.486466 0.114528 0.220822 0.533113 0.0190314
-190.257 30.5981 -133.829 0.501767 0.127523 0.220822 0.533113 0.0190314
-186.15 29.1346 -140.487 0.486466 0.114528 0.220822 0.533113 0.0190314
-189.684 30.5981 -140.487 0.501767 0.114528 0.220822 0.533113 0.0190314
-190.257 30.5981 -125.085 0.501767 0.140517 0.220942 0.533403 -0
-186.724 29.1346 -133.829 0.486466 0.127523 0.220822 0.533113 0.0190314
-190.257 30.5981 -133.829 0.501767 0.127523 0.220822 0.533113 0.0190314
-190.257 30.5981 -125.085 0.501767 0.140517 0.220942 0.533403 -0
-186.724 29.1346 -125.085 0.486466 0.140517 0.220942 0.533403 -0
-186.724 29.1346 -133.829 0.486466 0.127523 0.220822 0.533113 0.0190314
-190.257 30.5981 -116.341 0.501767 0.153512 0.220897 0.533293 -0.0117048
-186.724 29.1346 -125.085 0.486466 0.140517 0.220942 0.533403 -0
-190.257 30.5981 -125.085 0.501767 0.140517 0.220942 0.533403 -0
-190.257 30.5981 -116.341 0.501767 0.153512 0.220897 0.533293 -0.0117048
-186.724 29.1346 -116.341 0.486466 0.153512 0.220897 0.533293 -0.0117048
-186.724 29.1346 -125.085 0.486466 0.140517 0.220942 0.533403 -0
-189.684 30.5981 -105.512 0.501767 0.166507 0.220897 0.533293 -0.0117048
-186.724 29.1346 -116.341 0.486466 0.153512 0.220897 0.533293 -0.0117048
-190.257 30.5981 -116.341 0.501767 0.153512 0.220897 0.533293 -0.0117048
-189.684 30.5981 -105.512 0.501767 0.166507 0.220897 0.533293 -0.0117048
-186.15 29.1346 -105.512 0.486466 0.166507 0.220897 0.533293 -0.0117048
-186.724 29.1346 -116.341 0.486466 0.153512 0.220897 0.533293 -0.0117048
-186.15 22.0685 -105.512 0.412586 0.300004 0 -5.9408e-08 0.577351
-184.687 25.6016 -105.512 0.412586 0.280113 0 -5.9408e-08 0.577351
-186.15 29.1346 -105.512 0.423405 0.266048 0 -5.9408e-08 0.577351
-186.15 29.1346 -105.512 0.423405 0.266048 0 -5.9408e-08 0.577351
-189.684 20.6051 -105.512 0.423405 0.31407 0 -5.9408e-08 0.577351
-186.15 22.0685 -105.512 0.412586 0.300004 0 -5.9408e-08 0.577351
-186.15 29.1346 -105.512 0.423405 0.266048 0 -5.9408e-08 0.577351
-189.684 30.5981 -105.512 0.438706 0.266048 0 -5.9408e-08 0.577351
-189.684 20.6051 -105.512 0.423405 0.31407 0 -5.9408e-08 0.577351
-189.684 30.5981 -105.512 0.438706 0.266048 0 -5.9408e-08 0.577351
-193.217 29.1346 -105.512 0.449526 0.280113 0 -5.9408e-08 0.577351
-189.684 20.6051 -105.512 0.423405 0.31407 0 -5.9408e-08 0.577351
-193.217 29.1346 -105.512 0.449526 0.280113 0 -5.9408e-08 0.577351
-193.217 22.0685 -105.512 0.438706 0.31407 0 -5.9408e-08 0.577351
-189.684 20.6051 -105.512 0.423405 0.31407 0 -5.9408e-08 0.577351
-193.217 29.1346 -105.512 0.449526 0.280113 0 -5.9408e-08 0.577351
-194.68 25.6016 -105.512 0.449526 0.300004 0 -5.9408e-08 0.577351
-193.217 22.0685 -105.512 0.438706 0.31407 0 -5.9408e-08 0.577351
-174.913 25.6016 -116.454 0.438706 0.140517 0.533336 -0.220916 -0.00900585
-176.376 22.0685 -116.454 0.423405 0.140517 0.533336 -0.220916 -0.00900585
-176.782 22.0685 -140.487 0.423405 0.114528 0.533336 -0.220916 -0.00900585
-174.913 25.6016 -116.454 0.438706 0.140517 0.533336 -0.220916 -0.00900585
-176.782 22.0685 -140.487 0.423405 0.114528 0.533336 -0.220916 -0.00900585
-175.319 25.6016 -140.487 0.438706 0.114528 0.533336 -0.220916 -0.00900585
-176.376 22.0685 -116.454 0.423405 0.140517 0.220937 -0.533391 -0.00373076
-179.909 20.6051 -116.454 0.412586 0.140517 0.220937 -0.533391 -0.00373076
-180.315 20.6051 -140.487 0.412586 0.114528 0.220937 -0.533391 -0.00373076
-176.376 22.0685 -116.454 0.423405 0.140517 0.220937 -0.533391 -0.00373076
-180.315 20.6051 -140.487 0.412586 0.114528 0.220937 -0.533391 -0.00373076
-176.782 22.0685 -140.487 0.423405 0.114528 0.220937 -0.533391 -0.00373076
-176.782 22.0685 -105.512 0.423405 0.166507 0.22092 -0.533349 0.00819312
-179.909 20.6051 -116.454 0.412586 0.140517 0.220937 -0.533391 -0.00373076
-176.376 22.0685 -116.454 0.423405 0.140517 0.220937 -0.533391 -0.00373076
-176.782 22.0685 -105.512 0.423405 0.166507 0.22092 -0.533349 0.00819312
-180.315 20.6051 -105.512 0.412586 0.166507 0.22092 -0.533349 0.00819312
-179.909 20.6051 -116.454 0.412586 0.140517 0.220937 -0.533391 -0.00373076
-179.909 20.6051 -116.454 0.449526 0.140517 -0.220937 -0.533391 0.00373068
-183.442 22.0685 -116.454 0.460345 0.140517 -0.220937 -0.533391 0.00373068
-183.848 22.0685 -140.487 0.460345 0.166507 -0.220937 -0.533391 0.00373068
-179.909 20.6051 -116.454 0.449526 0.140517 -0.220937 -0.533391 0.00373068
-183.848 22.0685 -140.487 0.460345 0.166507 -0.220937 -0.533391 0.00373068
-180.315 20.6051 -140.487 0.449526 0.166507 -0.220937 -0.533391 0.00373068
-180.315 20.6051 -105.512 0.449526 0.114528 -0.22092 -0.533349 -0.00819322
-183.442 22.0685 -116.454 0.460345 0.140517 -0.220937 -0.533391 0.00373068
-179.909 20.6051 -116.454 0.449526 0.140517 -0.220937 -0.533391 0.00373068
-180.315 20.6051 -105.512 0.449526 0.114528 -0.22092 -0.533349 -0.00819322
-183.848 22.0685 -105.512 0.460345 0.114528 -0.22092 -0.533349 -0.00819322
-183.442 22.0685 -116.454 0.460345 0.140517 -0.220937 -0.533391 0.00373068
-183.442 22.0685 -116.454 0.460345 0.140517 -0.533336 -0.220916 0.00900583
-184.906 25.6016 -116.454 0.475646 0.140517 -0.533336 -0.220916 0.00900583
-185.312 25.6016 -140.487 0.475646 0.166507 -0.533336 -0.220916 0.00900583
-183.442 22.0685 -116.454 0.460345 0.140517 -0.533336 -0.220916 0.00900583
-185.312 25.6016 -140.487 0.475646 0.166507 -0.533336 -0.220916 0.00900583
-183.848 22.0685 -140.487 0.460345 0.166507 -0.533336 -0.220916 0.00900583
-184.906 25.6016 -116.454 0.475646 0.140517 -0.533336 0.220916 0.00900586
-183.442 29.1346 -116.454 0.486466 0.140517 -0.533336 0.220916 0.00900586
-183.848 29.1346 -140.487 0.486466 0.166507 -0.533336 0.220916 0.00900586
-184.906 25.6016 -116.454 0.475646 0.140517 -0.533336 0.220916 0.00900586
-183.848 29.1346 -140.487 0.486466 0.166507 -0.533336 0.220916 0.00900586
-185.312 25.6016 -140.487 0.475646 0.166507 -0.533336 0.220916 0.00900586
-183.442 29.1346 -116.454 0.512586 0.140517 -0.220937 0.533391 0.00373076
-179.909 30.5981 -116.454 0.501767 0.140517 -0.220937 0.533391 0.00373076
-180.315 30.5981 -140.487 0.501767 0.114528 -0.220937 0.533391 0.00373076
-183.442 29.1346 -116.454 0.512586 0.140517 -0.220937 0.533391 0.00373076
-180.315 30.5981 -140.487 0.501767 0.114528 -0.220937 0.533391 0.00373076
-183.848 29.1346 -140.487 0.512586 0.114528 -0.220937 0.533391 0.00373076
-183.848 29.1346 -105.512 0.512586 0.166507 -0.22092 0.533349 -0.00819317
-179.909 30.5981 -116.454 0.501767 0.140517 -0.220937 0.533391 0.00373076
-183.442 29.1346 -116.454 0.512586 0.140517 -0.220937 0.533391 0.00373076
-183.848 29.1346 -105.512 0.512586 0.166507 -0.22092 0.533349 -0.00819317
-180.315 30.5981 -105.512 0.501767 0.166507 -0.22092 0.533349 -0.00819317
-179.909 30.5981 -116.454 0.501767 0.140517 -0.220937 0.533391 0.00373076
-176.782 29.1346 -140.487 0.486466 0.280113 0 1.18816e-07 -0.577351
-175.319 25.6016 -140.487 0.486466 0.300004 0 1.18816e-07 -0.577351
-176.782 22.0685 -140.487 0.475646 0.31407 0 1.18816e-07 -0.577351
-176.782 22.0685 -140.487 0.475646 0.31407 0 1.18816e-07 -0.577351
-180.315 20.6051 -140.487 0.460345 0.31407 0 1.18816e-07 -0.577351
-176.782 29.1346 -140.487 0.486466 0.280113 0 1.18816e-07 -0.577351
-180.315 20.6051 -140.487 0.460345 0.31407 0 1.18816e-07 -0.577351
-180.315 30.5981 -140.487 0.475646 0.266048 0 1.18816e-07 -0.577351
-176.782 29.1346 -140.487 0.486466 0.280113 0 1.18816e-07 -0.577351
-180.315 20.6051 -140.487 0.460345 0.31407 0 1.18816e-07 -0.577351
-183.848 29.1346 -140.487 0.460345 0.266048 0 1.18816e-07 -0.577351
-180.315 30.5981 -140.487 0.475646 0.266048 0 1.18816e-07 -0.577351
-180.315 20.6051 -140.487 0.460345 0.31407 0 1.18816e-07 -0.577351
-183.848 22.0685 -140.487 0.449526 0.300004 0 1.18816e-07 -0.577351
-183.848 29.1346 -140.487 0.460345 0.266048 0 1.18816e-07 -0.577351
-183.848 22.0685 -140.487 0.449526 0.300004 0 1.18816e-07 -0.577351
-185.312 25.6016 -140.487 0.449526 0.280113 0 1.18816e-07 -0.577351
-183.848 29.1346 -140.487 0.460345 0.266048 0 1.18816e-07 -0.577351
-176.376 29.1346 -116.454 0.449526 0.140517 0.533336 0.220916 -0.00900583
-174.913 25.6016 -116.454 0.438706 0.140517 0.533336 0.220916 -0.00900583
-175.319 25.6016 -140.487 0.438706 0.114528 0.533336 0.220916 -0.00900583
-176.376 29.1346 -116.454 0.449526 0.140517 0.533336 0.220916 -0.00900583
-175.319 25.6016 -140.487 0.438706 0.114528 0.533336 0.220916 -0.00900583
-176.782 29.1346 -140.487 0.449526 0.114528 0.533336 0.220916 -0.00900583
-179.909 30.5981 -116.454 0.501767 0.140517 0.220937 0.533391 -0.00373068
-176.376 29.1346 -116.454 0.486466 0.140517 0.220937 0.533391 -0.00373068
-176.782 29.1346 -140.487 0.486466 0.114528 0.220937 0.533391 -0.00373068
-179.909 30.5981 -116.454 0.501767 0.140517 0.220937 0.533391 -0.00373068
-176.782 29.1346 -140.487 0.486466 0.114528 0.220937 0.533391 -0.00373068
-180.315 30.5981 -140.487 0.501767 0.114528 0.220937 0.533391 -0.00373068
-180.315 30.5981 -105.512 0.501767 0.166507 0.22092 0.533349 0.00819316
-176.376 29.1346 -116.454 0.486466 0.140517 0.220937 0.533391 -0.00373068
-179.909 30.5981 -116.454 0.501767 0.140517 0.220937 0.533391 -0.00373068
-180.315 30.5981 -105.512 0.501767 0.166507 0.22092 0.533349 0.00819316
-176.782 29.1346 -105.512 0.486466 0.166507 0.22092 0.533349 0.00819316
-176.376 29.1346 -116.454 0.486466 0.140517 0.220937 0.533391 -0.00373068
-176.782 22.0685 -105.512 0.412586 0.300004 0 5.9408e-08 0.577351
-175.319 25.6016 -105.512 0.412586 0.280113 0 5.9408e-08 0.577351
-176.782 29.1346 -105.512 0.423405 0.266048 0 5.9408e-08 0.577351
-176.782 29.1346 -105.512 0.423405 0.266048 0 5.9408e-08 0.577351
-180.315 20.6051 -105.512 0.423405 0.31407 0 5.9408e-08 0.577351
-176.782 22.0685 -105.512 0.412586 0.300004 0 5.9408e-08 0.577351
-176.782 29.1346 -105.512 0.423405 0.266048 0 5.9408e-08 0.577351
-180.315 30.5981 -105.512 0.438706 0.266048 0 5.9408e-08 0.577351
-180.315 20.6051 -105.512 0.423405 0.31407 0 5.9408e-08 0.577351
-180.315 30.5981 -105.512 0.438706 0.266048 0 5.9408e-08 0.577351
-183.848 29.1346 -105.512 0.449526 0.280113 0 5.9408e-08 0.577351
-180.315 20.6051 -105.512 0.423405 0.31407 0 5.9408e-08 0.577351
-183.848 29.1346 -105.512 0.449526 0.280113 0 5.9408e-08 0.577351
-183.848 22.0685 -105.512 0.438706 0.31407 0 5.9408e-08 0.577351
-180.315 20.6051 -105.512 0.423405 0.31407 0 5.9408e-08 0.577351
-183.848 29.1346 -105.512 0.449526 0.280113 0 5.9408e-08 0.577351
-185.312 25.6016 -105.512 0.449526 0.300004 0 5.9408e-08 0.577351
-183.848 22.0685 -105.512 0.438706 0.31407 0 5.9408e-08 0.577351
-170.888 17.7946 -133.394 0.438706 0.140517 0.53311 -0.220822 0.0190773
-172.352 14.2615 -133.394 0.423405 0.140517 0.53311 -0.220822 0.0190773
-172.098 14.2615 -140.487 0.423405 0.114528 0.53311 -0.220822 0.0190773
-170.888 17.7946 -133.394 0.438706 0.140517 0.53311 -0.220822 0.0190773
-172.098 14.2615 -140.487 0.423405 0.114528 0.53311 -0.220822 0.0190773
-170.634 17.7946 -140.487 0.438706 0.114528 0.53311 -0.220822 0.0190773
-170.634 17.7946 -105.512 0.438706 0.166507 0.533382 -0.220935 -0.00485605
-172.352 14.2615 -133.394 0.423405 0.140517 0.53311 -0.220822 0.0190773
-170.888 17.7946 -133.394 0.438706 0.140517 0.53311 -0.220822 0.0190773
-170.634 17.7946 -105.512 0.438706 0.166507 0.533382 -0.220935 -0.00485605
-172.098 14.2615 -105.512 0.423405 0.166507 0.533382 -0.220935 -0.00485605
-172.352 14.2615 -133.394 0.423405 0.140517 0.53311 -0.220822 0.0190773
-172.352 14.2615 -133.394 0.423405 0.140517 0.220921 -0.533352 0.00790557
-175.885 12.7981 -133.394 0.412586 0.140517 0.220921 -0.533352 0.00790557
-175.631 12.7981 -140.487 0.412586 0.114528 0.220921 -0.533352 0.00790557
-172.352 14.2615 -133.394 0.423405 0.140517 0.220921 -0.533352 0.00790557
-175.631 12.7981 -140.487 0.412586 0.114528 0.220921 -0.533352 0.00790557
-172.098 14.2615 -140.487 0.423405 0.114528 0.220921 -0.533352 0.00790557
-172.098 14.2615 -105.512 0.423405 0.166507 0.220941 -0.533399 -0.00201153
-175.885 12.7981 -133.394 0.412586 0.140517 0.220921 -0.533352 0.00790557
-172.352 14.2615 -133.394 0.423405 0.140517 0.220921 -0.533352 0.00790557
-172.098 14.2615 -105.512 0.423405 0.166507 0.220941 -0.533399 -0.00201153
-175.631 12.7981 -105.512 0.412586 0.166507 0.220941 -0.533399 -0.00201153
-175.885 12.7981 -133.394 0.412586 0.140517 0.220921 -0.533352 0.00790557
-175.885 12.7981 -133.394 0.449526 0.140517 -0.220921 -0.533353 -0.00790572
-179.418 14.2615 -133.394 0.460345 0.140517 -0.220921 -0.533353 -0.00790572
-179.164 14.2615 -140.487 0.460345 0.166507 -0.220921 -0.533353 -0.00790572
-175.885 12.7981 -133.394 0.449526 0.140517 -0.220921 -0.533353 -0.00790572
-179.164 14.2615 -140.487 0.460345 0.166507 -0.220921 -0.533353 -0.00790572
-175.631 12.7981 -140.487 0.449526 0.166507 -0.220921 -0.533353 -0.00790572
-175.631 12.7981 -105.512 0.449526 0.114528 -0.220941 -0.533399 0.00201146
-179.418 14.2615 -133.394 0.460345 0.140517 -0.220921 -0.533353 -0.00790572
-175.885 12.7981 -133.394 0.449526 0.140517 -0.220921 -0.533353 -0.00790572
-175.631 12.7981 -105.512 0.449526 0.114528 -0.220941 -0.533399 0.00201146
-179.164 14.2615 -105.512 0.460345 0.114528 -0.220941 -0.533399 0.00201146
-179.418 14.2615 -133.394 0.460345 0.140517 -0.220921 -0.533353 -0.00790572
-179.418 14.2615 -133.394 0.460345 0.140517 -0.53311 -0.220822 -0.0190773
-180.881 17.7946 -133.394 0.475646 0.140517 -0.53311 -0.220822 -0.0190773
-180.627 17.7946 -140.487 0.475646 0.166507 -0.53311 -0.220822 -0.0190773
-179.418 14.2615 -133.394 0.460345 0.140517 -0.53311 -0.220822 -0.0190773
-180.627 17.7946 -140.487 0.475646 0.166507 -0.53311 -0.220822 -0.0190773
-179.164 14.2615 -140.487 0.460345 0.166507 -0.53311 -0.220822 -0.0190773
-179.164 14.2615 -105.512 0.460345 0.114528 -0.533382 -0.220935 0.00485604
-180.881 17.7946 -133.394 0.475646 0.140517 -0.53311 -0.220822 -0.0190773
-179.418 14.2615 -133.394 0.460345 0.140517 -0.53311 -0.220822 -0.0190773
-179.164 14.2615 -105.512 0.460345 0.114528 -0.533382 -0.220935 0.00485604
-180.627 17.7946 -105.512 0.475646 0.114528 -0.533382 -0.220935 0.00485604
-180.881 17.7946 -133.394 0.475646 0.140517 -0.53311 -0.220822 -0.0190773
-180.881 17.7946 -133.394 0.475646 0.140517 -0.53311 0.220822 -0.0190773
-179.418 21.3276 -133.394 0.486466 0.140517 -0.53311 0.220822 -0.0190773
-179.164 21.3276 -140.487 0.486466 0.166507 -0.53311 0.220822 -0.0190773
-180.881 17.7946 -133.394 0.475646 0.140517 -0.53311 0.220822 -0.0190773
-179.164 21.3276 -140.487 0.486466 0.166507 -0.53311 0.220822 -0.0190773
-180.627 17.7946 -140.487 0.475646 0.166507 -0.53311 0.220822 -0.0190773
-180.627 17.7946 -105.512 0.475646 0.114528 -0.533382 0.220935 0.00485607
-179.418 21.3276 -133.394 0.486466 0.140517 -0.53311 0.220822 -0.0190773
-180.881 17.7946 -133.394 0.475646 0.140517 -0.53311 0.220822 -0.0190773
-180.627 17.7946 -105.512 0.475646 0.114528 -0.533382 0.220935 0.00485607
-179.164 21.3276 -105.512 0.486466 0.114528 -0.533382 0.220935 0.00485607
-179.418 21.3276 -133.394 0.486466 0.140517 -0.53311 0.220822 -0.0190773
-179.418 21.3276 -133.394 0.512586 0.140517 -0.220921 0.533353 -0.00790558
-175.885 22.791 -133.394 0.501767 0.140517 -0.220921 0.533353 -0.00790558
-175.631 22.791 -140.487 0.501767 0.114528 -0.220921 0.533353 -0.00790558
-179.418 21.3276 -133.394 0.512586 0.140517 -0.220921 0.533353 -0.00790558
-175.631 22.791 -140.487 0.501767 0.114528 -0.220921 0.533353 -0.00790558
-179.164 21.3276 -140.487 0.512586 0.114528 -0.220921 0.533353 -0.00790558
-179.164 21.3276 -105.512 0.512586 0.166507 -0.220941 0.533399 0.00201154
-175.885 22.791 -133.394 0.501767 0.140517 -0.220921 0.533353 -0.00790558
-179.418 21.3276 -133.394 0.512586 0.140517 -0.220921 0.533353 -0.00790558
-179.164 21.3276 -105.512 0.512586 0.166507 -0.220941 0.533399 0.00201154
-175.631 22.791 -105.512 0.501767 0.166507 -0.220941 0.533399 0.00201154
-175.885 22.791 -133.394 0.501767 0.140517 -0.220921 0.533353 -0.00790558
-172.098 21.3276 -140.487 0.486466 0.280113 0 0 -0.577351
-170.634 17.7946 -140.487 0.486466 0.300004 0 0 -0.577351
-172.098 14.2615 -140.487 0.475646 0.31407 0 0 -0.577351
-172.098 14.2615 -140.487 0.475646 0.31407 0 0 -0.577351
-175.631 22.791 -140.487 0.475646 0.266048 0 0 -0.577351
-172.098 21.3276 -140.487 0.486466 0.280113 0 0 -0.577351
-172.098 14.2615 -140.487 0.475646 0.31407 0 0 -0.577351
-175.631 12.7981 -140.487 0.460345 0.31407 0 0 -0.577351
-175.631 22.791 -140.487 0.475646 0.266048 0 0 -0.577351
-175.631 12.7981 -140.487 0.460345 0.31407 0 0 -0.577351
-179.164 21.3276 -140.487 0.460345 0.266048 0 0 -0.577351
-175.631 22.791 -140.487 0.475646 0.266048 0 0 -0.577351
-175.631 12.7981 -140.487 0.460345 0.31407 0 0 -0.577351
-179.164 14.2615 -140.487 0.449526 0.300004 0 0 -0.577351
-179.164 21.3276 -140.487 0.460345 0.266048 0 0 -0.577351
-179.164 14.2615 -140.487 0.449526 0.300004 0 0 -0.577351
-180.627 17.7946 -140.487 0.449526 0.280113 0 0 -0.577351
-179.164 21.3276 -140.487 0.460345 0.266048 0 0 -0.577351
-172.352 21.3276 -133.394 0.449526 0.140517 0.53311 0.220822 0.0190774
-170.888 17.7946 -133.394 0.438706 0.140517 0.53311 0.220822 0.0190774
-170.634 17.7946 -140.487 0.438706 0.114528 0.53311 0.220822 0.0190774
-172.352 21.3276 -133.394 0.449526 0.140517 0.53311 0.220822 0.0190774
-170.634 17.7946 -140.487 0.438706 0.114528 0.53311 0.220822 0.0190774
-172.098 21.3276 -140.487 0.449526 0.114528 0.53311 0.220822 0.0190774
-172.098 21.3276 -105.512 0.449526 0.166507 0.533382 0.220935 -0.00485604
-170.888 17.7946 -133.394 0.438706 0.140517 0.53311 0.220822 0.0190774
-172.352 21.3276 -133.394 0.449526 0.140517 0.53311 0.220822 0.0190774
-172.098 21.3276 -105.512 0.449526 0.166507 0.533382 0.220935 -0.00485604
-170.634 17.7946 -105.512 0.438706 0.166507 0.533382 0.220935 -0.00485604
-170.888 17.7946 -133.394 0.438706 0.140517 0.53311 0.220822 0.0190774
-175.885 22.791 -133.394 0.501767 0.140517 0.220921 0.533353 0.0079057
-172.352 21.3276 -133.394 0.486466 0.140517 0.220921 0.533353 0.0079057
-172.098 21.3276 -140.487 0.486466 0.114528 0.220921 0.533353 0.0079057
-175.885 22.791 -133.394 0.501767 0.140517 0.220921 0.533353 0.0079057
-172.098 21.3276 -140.487 0.486466 0.114528 0.220921 0.533353 0.0079057
-175.631 22.791 -140.487 0.501767 0.114528 0.220921 0.533353 0.0079057
-175.631 22.791 -105.512 0.501767 0.166507 0.220941 0.533399 -0.00201145
-172.352 21.3276 -133.394 0.486466 0.140517 0.220921 0.533353 0.0079057
-175.885 22.791 -133.394 0.501767 0.140517 0.220921 0.533353 0.0079057
-175.631 22.791 -105.512 0.501767 0.166507 0.220941 0.533399 -0.00201145
-172.098 21.3276 -105.512 0.486466 0.166507 0.220941 0.533399 -0.00201145
-172.352 21.3276 -133.394 0.486466 0.140517 0.220921 0.533353 0.0079057
-172.098 14.2615 -105.512 0.412586 0.300004 0 0 0.577351
-170.634 17.7946 -105.512 0.412586 0.280113 0 0 0.577351
-172.098 21.3276 -105.512 0.423405 0.266048 0 0 0.577351
-172.098 21.3276 -105.512 0.423405 0.266048 0 0 0.577351
-175.631 12.7981 -105.512 0.423405 0.31407 0 0 0.577351
-172.098 14.2615 -105.512 0.412586 0.300004 0 0 0.577351
-172.098 21.3276 -105.512 0.423405 0.266048 0 0 0.577351
-175.631 22.791 -105.512 0.438706 0.266048 0 0 0.577351
-175.631 12.7981 -105.512 0.423405 0.31407 0 0 0.577351
-175.631 22.791 -105.512 0.438706 0.266048 0 0 0.577351
-179.164 14.2615 -105.512 0.438706 0.31407 0 0 0.577351
-175.631 12.7981 -105.512 0.423405 0.31407 0 0 0.577351
-175.631 22.791 -105.512 0.438706 0.266048 0 0 0.577351
-179.164 21.3276 -105.512 0.449526 0.280113 0 0 0.577351
-179.164 14.2615 -105.512 0.438706 0.31407 0 0 0.577351
-179.164 21.3276 -105.512 0.449526 0.280113 0 0 0.577351
-180.627 17.7946 -105.512 0.449526 0.300004 0 0 0.577351
-179.164 14.2615 -105.512 0.438706 0.31407 0 0 0.577351
-180.003 17.7946 -105.512 0.438706 0.166507 0.533401 -0.220942 -0
-181.466 14.2615 -105.512 0.423405 0.166507 0.533401 -0.220942 -0
-181.466 14.2615 -140.487 0.423405 0.114528 0.533401 -0.220942 -0
-180.003 17.7946 -105.512 0.438706 0.166507 0.533401 -0.220942 -0
-181.466 14.2615 -140.487 0.423405 0.114528 0.533401 -0.220942 -0
-180.003 17.7946 -140.487 0.438706 0.114528 0.533401 -0.220942 -0
-181.466 14.2615 -105.512 0.423405 0.166507 0.220942 -0.533403 -0
-184.999 12.7981 -105.512 0.412586 0.166507 0.220942 -0.533403 -0
-184.999 12.7981 -140.487 0.412586 0.114528 0.220942 -0.533403 -0
-181.466 14.2615 -105.512 0.423405 0.166507 0.220942 -0.533403 -0
-184.999 12.7981 -140.487 0.412586 0.114528 0.220942 -0.533403 -0
-181.466 14.2615 -140.487 0.423405 0.114528 0.220942 -0.533403 -0
-184.999 12.7981 -105.512 0.449526 0.114528 -0.220942 -0.533403 -0
-188.532 14.2615 -105.512 0.460345 0.114528 -0.220942 -0.533403 -0
-188.532 14.2615 -140.487 0.460345 0.166507 -0.220942 -0.533403 -0
-184.999 12.7981 -105.512 0.449526 0.114528 -0.220942 -0.533403 -0
-188.532 14.2615 -140.487 0.460345 0.166507 -0.220942 -0.533403 -0
-184.999 12.7981 -140.487 0.449526 0.166507 -0.220942 -0.533403 -0
-188.532 14.2615 -105.512 0.460345 0.114528 -0.533401 -0.220943 -0
-189.996 17.7946 -105.512 0.475646 0.114528 -0.533401 -0.220943 -0
-189.996 17.7946 -140.487 0.475646 0.166507 -0.533401 -0.220943 -0
-188.532 14.2615 -105.512 0.460345 0.114528 -0.533401 -0.220943 -0
-189.996 17.7946 -140.487 0.475646 0.166507 -0.533401 -0.220943 -0
-188.532 14.2615 -140.487 0.460345 0.166507 -0.533401 -0.220943 -0
-189.996 17.7946 -105.512 0.475646 0.114528 -0.533401 0.220943 -0
-188.532 21.3276 -105.512 0.486466 0.114528 -0.533401 0.220943 -0
-188.532 21.3276 -140.487 0.486466 0.166507 -0.533401 0.220943 -0
-189.996 17.7946 -105.512 0.475646 0.114528 -0.533401 0.220943 -0
-188.532 21.3276 -140.487 0.486466 0.166507 -0.533401 0.220943 -0
-189.996 17.7946 -140.487 0.475646 0.166507 -0.533401 0.220943 -0
-188.532 21.3276 -105.512 0.512586 0.166507 -0.220942 0.533403 -0
-184.999 22.791 -105.512 0.501767 0.166507 -0.220942 0.533403 -0
-184.999 22.791 -140.487 0.501767 0.114528 -0.220942 0.533403 -0
-188.532 21.3276 -105.512 0.512586 0.166507 -0.220942 0.533403 -0
-184.999 22.791 -140.487 0.501767 0.114528 -0.220942 0.533403 -0
-188.532 21.3276 -140.487 0.512586 0.114528 -0.220942 0.533403 -0
-181.466 21.3276 -140.487 0.486466 0.280113 0 0 -0.577351
-180.003 17.7946 -140.487 0.486466 0.300004 0 0 -0.577351
-181.466 14.2615 -140.487 0.475646 0.31407 0 0 -0.577351
-181.466 14.2615 -140.487 0.475646 0.31407 0 0 -0.577351
-184.999 12.7981 -140.487 0.460345 0.31407 0 0 -0.577351
-181.466 21.3276 -140.487 0.486466 0.280113 0 0 -0.577351
-184.999 12.7981 -140.487 0.460345 0.31407 0 0 -0.577351
-184.999 22.791 -140.487 0.475646 0.266048 0 0 -0.577351
-181.466 21.3276 -140.487 0.486466 0.280113 0 0 -0.577351
-184.999 12.7981 -140.487 0.460345 0.31407 0 0 -0.577351
-188.532 21.3276 -140.487 0.460345 0.266048 0 0 -0.577351
-184.999 22.791 -140.487 0.475646 0.266048 0 0 -0.577351
-184.999 12.7981 -140.487 0.460345 0.31407 0 0 -0.577351
-188.532 14.2615 -140.487 0.449526 0.300004 0 0 -0.577351
-188.532 21.3276 -140.487 0.460345 0.266048 0 0 -0.577351
-188.532 14.2615 -140.487 0.449526 0.300004 0 0 -0.577351
-189.996 17.7946 -140.487 0.449526 0.280113 0 0 -0.577351
-188.532 21.3276 -140.487 0.460345 0.266048 0 0 -0.577351
-181.466 21.3276 -105.512 0.449526 0.166507 0.533401 0.220942 -0
-180.003 17.7946 -105.512 0.438706 0.166507 0.533401 0.220942 -0
-180.003 17.7946 -140.487 0.438706 0.114528 0.533401 0.220942 -0
-181.466 21.3276 -105.512 0.449526 0.166507 0.533401 0.220942 -0
-180.003 17.7946 -140.487 0.438706 0.114528 0.533401 0.220942 -0
-181.466 21.3276 -140.487 0.449526 0.114528 0.533401 0.220942 -0
-184.999 22.791 -105.512 0.501767 0.166507 0.220942 0.533403 -0
-181.466 21.3276 -105.512 0.486466 0.166507 0.220942 0.533403 -0
-181.466 21.3276 -140.487 0.486466 0.114528 0.220942 0.533403 -0
-184.999 22.791 -105.512 0.501767 0.166507 0.220942 0.533403 -0
-181.466 21.3276 -140.487 0.486466 0.114528 0.220942 0.533403 -0
-184.999 22.791 -140.487 0.501767 0.114528 0.220942 0.533403 -0
-181.466 14.2615 -105.512 0.412586 0.300004 0 -5.9408e-08 0.577351
-180.003 17.7946 -105.512 0.412586 0.280113 0 -5.9408e-08 0.577351
-181.466 21.3276 -105.512 0.423405 0.266048 0 -5.9408e-08 0.577351
-181.466 21.3276 -105.512 0.423405 0.266048 0 -5.9408e-08 0.577351
-184.999 12.7981 -105.512 0.423405 0.31407 0 -5.9408e-08 0.577351
-181.466 14.2615 -105.512 0.412586 0.300004 0 -5.9408e-08 0.577351
-181.466 21.3276 -105.512 0.423405 0.266048 0 -5.9408e-08 0.577351
-184.999 22.791 -105.512 0.438706 0.266048 0 -5.9408e-08 0.577351
-184.999 12.7981 -105.512 0.423405 0.31407 0 -5.9408e-08 0.577351
-184.999 22.791 -105.512 0.438706 0.266048 0 -5.9408e-08 0.577351
-188.532 21.3276 -105.512 0.449526 0.280113 0 -5.9408e-08 0.577351
-184.999 12.7981 -105.512 0.423405 0.31407 0 -5.9408e-08 0.577351
-188.532 21.3276 -105.512 0.449526 0.280113 0 -5.9408e-08 0.577351
-188.532 14.2615 -105.512 0.438706 0.31407 0 -5.9408e-08 0.577351
-184.999 12.7981 -105.512 0.423405 0.31407 0 -5.9408e-08 0.577351
-188.532 21.3276 -105.512 0.449526 0.280113 0 -5.9408e-08 0.577351
-189.996 17.7946 -105.512 0.449526 0.300004 0 -5.9408e-08 0.577351
-188.532 14.2615 -105.512 0.438706 0.31407 0 -5.9408e-08 0.577351
-188.8 17.7946 -123 0.438706 0.140517 0.533158 -0.220842 -0.0174246
-190.263 14.2615 -123 0.423405 0.140517 0.533158 -0.220842 -0.0174246
-190.835 14.2615 -140.487 0.423405 0.114528 0.533158 -0.220842 -0.0174246
-188.8 17.7946 -123 0.438706 0.140517 0.533158 -0.220842 -0.0174246
-190.835 14.2615 -140.487 0.423405 0.114528 0.533158 -0.220842 -0.0174246
-189.371 17.7946 -140.487 0.438706 0.114528 0.533158 -0.220842 -0.0174246
-190.263 14.2615 -123 0.423405 0.140517 0.220925 -0.533361 -0.00722024
-193.796 12.7981 -123 0.412586 0.140517 0.220925 -0.533361 -0.00722024
-194.368 12.7981 -140.487 0.412586 0.114528 0.220925 -0.533361 -0.00722024
-190.263 14.2615 -123 0.423405 0.140517 0.220925 -0.533361 -0.00722024
-194.368 12.7981 -140.487 0.412586 0.114528 0.220925 -0.533361 -0.00722024
-190.835 14.2615 -140.487 0.423405 0.114528 0.220925 -0.533361 -0.00722024
-190.835 14.2615 -105.512 0.423405 0.166507 0.220925 -0.533361 0.00722014
-193.796 12.7981 -123 0.412586 0.140517 0.220925 -0.533361 -0.00722024
-190.263 14.2615 -123 0.423405 0.140517 0.220925 -0.533361 -0.00722024
-190.835 14.2615 -105.512 0.423405 0.166507 0.220925 -0.533361 0.00722014
-194.368 12.7981 -105.512 0.412586 0.166507 0.220925 -0.533361 0.00722014
-193.796 12.7981 -123 0.412586 0.140517 0.220925 -0.533361 -0.00722024
-193.796 12.7981 -123 0.449526 0.140517 -0.220925 -0.533361 0.00722019
-197.329 14.2615 -123 0.460345 0.140517 -0.220925 -0.533361 0.00722019
-197.901 14.2615 -140.487 0.460345 0.166507 -0.220925 -0.533361 0.00722019
-193.796 12.7981 -123 0.449526 0.140517 -0.220925 -0.533361 0.00722019
-197.901 14.2615 -140.487 0.460345 0.166507 -0.220925 -0.533361 0.00722019
-194.368 12.7981 -140.487 0.449526 0.166507 -0.220925 -0.533361 0.00722019
-194.368 12.7981 -105.512 0.449526 0.114528 -0.220925 -0.533361 -0.00722025
-197.329 14.2615 -123 0.460345 0.140517 -0.220925 -0.533361 0.00722019
-193.796 12.7981 -123 0.449526 0.140517 -0.220925 -0.533361 0.00722019
-194.368 12.7981 -105.512 0.449526 0.114528 -0.220925 -0.533361 -0.00722025
-197.901 14.2615 -105.512 0.460345 0.114528 -0.220925 -0.533361 -0.00722025
-197.329 14.2615 -123 0.460345 0.140517 -0.220925 -0.533361 0.00722019
-197.329 14.2615 -123 0.460345 0.140517 -0.533158 -0.220842 0.0174246
-198.793 17.7946 -123 0.475646 0.140517 -0.533158 -0.220842 0.0174246
-199.364 17.7946 -140.487 0.475646 0.166507 -0.533158 -0.220842 0.0174246
-197.329 14.2615 -123 0.460345 0.140517 -0.533158 -0.220842 0.0174246
-199.364 17.7946 -140.487 0.475646 0.166507 -0.533158 -0.220842 0.0174246
-197.901 14.2615 -140.487 0.460345 0.166507 -0.533158 -0.220842 0.0174246
-198.793 17.7946 -123 0.475646 0.140517 -0.533158 0.220842 0.0174246
-197.329 21.3276 -123 0.486466 0.140517 -0.533158 0.220842 0.0174246
-197.901 21.3276 -140.487 0.486466 0.166507 -0.533158 0.220842 0.0174246
-198.793 17.7946 -123 0.475646 0.140517 -0.533158 0.220842 0.0174246
-197.901 21.3276 -140.487 0.486466 0.166507 -0.533158 0.220842 0.0174246
-199.364 17.7946 -140.487 0.475646 0.166507 -0.533158 0.220842 0.0174246
-197.329 21.3276 -123 0.512586 0.140517 -0.220925 0.533361 0.00722026
-193.796 22.791 -123 0.501767 0.140517 -0.220925 0.533361 0.00722026
-194.368 22.791 -140.487 0.501767 0.114528 -0.220925 0.533361 0.00722026
-197.329 21.3276 -123 0.512586 0.140517 -0.220925 0.533361 0.00722026
-194.368 22.791 -140.487 0.501767 0.114528 -0.220925 0.533361 0.00722026
-197.901 21.3276 -140.487 0.512586 0.114528 -0.220925 0.533361 0.00722026
-197.901 21.3276 -105.512 0.512586 0.166507 -0.220925 0.533361 -0.00722014
-193.796 22.791 -123 0.501767 0.140517 -0.220925 0.533361 0.00722026
-197.329 21.3276 -123 0.512586 0.140517 -0.220925 0.533361 0.00722026
-197.901 21.3276 -105.512 0.512586 0.166507 -0.220925 0.533361 -0.00722014
-194.368 22.791 -105.512 0.501767 0.166507 -0.220925 0.533361 -0.00722014
-193.796 22.791 -123 0.501767 0.140517 -0.220925 0.533361 0.00722026
-190.835 21.3276 -140.487 0.486466 0.280113 0 0 -0.577351
-189.371 17.7946 -140.487 0.486466 0.300004 0 0 -0.577351
-190.835 14.2615 -140.487 0.475646 0.31407 0 0 -0.577351
-190.835 14.2615 -140.487 0.475646 0.31407 0 0 -0.577351
-194.368 12.7981 -140.487 0.460345 0.31407 0 0 -0.577351
-190.835 21.3276 -140.487 0.486466 0.280113 0 0 -0.577351
-194.368 12.7981 -140.487 0.460345 0.31407 0 0 -0.577351
-194.368 22.791 -140.487 0.475646 0.266048 0 0 -0.577351
-190.835 21.3276 -140.487 0.486466 0.280113 0 0 -0.577351
-194.368 12.7981 -140.487 0.460345 0.31407 0 0 -0.577351
-197.901 21.3276 -140.487 0.460345 0.266048 0 0 -0.577351
-194.368 22.791 -140.487 0.475646 0.266048 0 0 -0.577351
-194.368 12.7981 -140.487 0.460345 0.31407 0 0 -0.577351
-197.901 14.2615 -140.487 0.449526 0.300004 0 0 -0.577351
-197.901 21.3276 -140.487 0.460345 0.266048 0 0 -0.577351
-197.901 14.2615 -140.487 0.449526 0.300004 0 0 -0.577351
-199.364 17.7946 -140.487 0.449526 0.280113 0 0 -0.577351
-197.901 21.3276 -140.487 0.460345 0.266048 0 0 -0.577351
-190.263 21.3276 -123 0.449526 0.140517 0.533158 0.220842 -0.0174246
-188.8 17.7946 -123 0.438706 0.140517 0.533158 0.220842 -0.0174246
-189.371 17.7946 -140.487 0.438706 0.114528 0.533158 0.220842 -0.0174246
-190.263 21.3276 -123 0.449526 0.140517 0.533158 0.220842 -0.0174246
-189.371 17.7946 -140.487 0.438706 0.114528 0.533158 0.220842 -0.0174246
-190.835 21.3276 -140.487 0.449526 0.114528 0.533158 0.220842 -0.0174246
-193.796 22.791 -123 0.501767 0.140517 0.220925 0.533361 -0.00722018
-190.263 21.3276 -123 0.486466 0.140517 0.220925 0.533361 -0.00722018
-190.835 21.3276 -140.487 0.486466 0.114528 0.220925 0.533361 -0.00722018
-193.796 22.791 -123 0.501767 0.140517 0.220925 0.533361 -0.00722018
-190.835 21.3276 -140.487 0.486466 0.114528 0.220925 0.533361 -0.00722018
-194.368 22.791 -140.487 0.501767 0.114528 0.220925 0.533361 -0.00722018
-194.368 22.791 -105.512 0.501767 0.166507 0.220925 0.533361 0.00722024
-190.263 21.3276 -123 0.486466 0.140517 0.220925 0.533361 -0.00722018
-193.796 22.791 -123 0.501767 0.140517 0.220925 0.533361 -0.00722018
-194.368 22.791 -105.512 0.501767 0.166507 0.220925 0.533361 0.00722024
-190.835 21.3276 -105.512 0.486466 0.166507 0.220925 0.533361 0.00722024
-190.263 21.3276 -123 0.486466 0.140517 0.220925 0.533361 -0.00722018
-190.835 14.2615 -105.512 0.412586 0.300004 0 5.9408e-08 0.577351
-189.371 17.7946 -105.512 0.412586 0.280113 0 5.9408e-08 0.577351
-190.835 21.3276 -105.512 0.423405 0.266048 0 5.9408e-08 0.577351
-190.835 21.3276 -105.512 0.423405 0.266048 0 5.9408e-08 0.577351
-194.368 12.7981 -105.512 0.423405 0.31407 0 5.9408e-08 0.577351
-190.835 14.2615 -105.512 0.412586 0.300004 0 5.9408e-08 0.577351
-190.835 21.3276 -105.512 0.423405 0.266048 0 5.9408e-08 0.577351
-194.368 22.791 -105.512 0.438706 0.266048 0 5.9408e-08 0.577351
-194.368 12.7981 -105.512 0.423405 0.31407 0 5.9408e-08 0.577351
-194.368 22.791 -105.512 0.438706 0.266048 0 5.9408e-08 0.577351
-197.901 14.2615 -105.512 0.438706 0.31407 0 5.9408e-08 0.577351
-194.368 12.7981 -105.512 0.423405 0.31407 0 5.9408e-08 0.577351
-194.368 22.791 -105.512 0.438706 0.266048 0 5.9408e-08 0.577351
-197.901 21.3276 -105.512 0.449526 0.280113 0 5.9408e-08 0.577351
-197.901 14.2615 -105.512 0.438706 0.31407 0 5.9408e-08 0.577351
-197.901 21.3276 -105.512 0.449526 0.280113 0 5.9408e-08 0.577351
-199.364 17.7946 -105.512 0.449526 0.300004 0 5.9408e-08 0.577351
-197.901 14.2615 -105.512 0.438706 0.31407 0 5.9408e-08 0.577351
-190.835 21.3276 -105.512 0.449526 0.166507 0.533158 0.220842 0.0174245
-189.371 17.7946 -105.512 0.438706 0.166507 0.533158 0.220842 0.0174245
-188.8 17.7946 -123 0.438706 0.140517 0.533158 0.220842 0.0174245
-190.835 21.3276 -105.512 0.449526 0.166507 0.533158 0.220842 0.0174245
-188.8 17.7946 -123 0.438706 0.140517 0.533158 0.220842 0.0174245
-190.263 21.3276 -123 0.449526 0.140517 0.533158 0.220842 0.0174245
-199.364 17.7946 -105.512 0.475646 0.114528 -0.533158 0.220842 -0.0174245
-197.901 21.3276 -105.512 0.486466 0.114528 -0.533158 0.220842 -0.0174245
-197.329 21.3276 -123 0.486466 0.140517 -0.533158 0.220842 -0.0174245
-199.364 17.7946 -105.512 0.475646 0.114528 -0.533158 0.220842 -0.0174245
-197.329 21.3276 -123 0.486466 0.140517 -0.533158 0.220842 -0.0174245
-198.793 17.7946 -123 0.475646 0.140517 -0.533158 0.220842 -0.0174245
-197.901 14.2615 -105.512 0.460345 0.114528 -0.533158 -0.220842 -0.0174246
-199.364 17.7946 -105.512 0.475646 0.114528 -0.533158 -0.220842 -0.0174246
-198.793 17.7946 -123 0.475646 0.140517 -0.533158 -0.220842 -0.0174246
-197.901 14.2615 -105.512 0.460345 0.114528 -0.533158 -0.220842 -0.0174246
-198.793 17.7946 -123 0.475646 0.140517 -0.533158 -0.220842 -0.0174246
-197.329 14.2615 -123 0.460345 0.140517 -0.533158 -0.220842 -0.0174246
-189.371 17.7946 -105.512 0.438706 0.166507 0.533158 -0.220842 0.0174245
-190.835 14.2615 -105.512 0.423405 0.166507 0.533158 -0.220842 0.0174245
-190.263 14.2615 -123 0.423405 0.140517 0.533158 -0.220842 0.0174245
-189.371 17.7946 -105.512 0.438706 0.166507 0.533158 -0.220842 0.0174245
-190.263 14.2615 -123 0.423405 0.140517 0.533158 -0.220842 0.0174245
-188.8 17.7946 -123 0.438706 0.140517 0.533158 -0.220842 0.0174245
-184.999 38.4051 -105.512 0.501767 0.166507 0.220914 0.533334 0.00922534
-181.466 36.9417 -105.512 0.486466 0.166507 0.220914 0.533334 0.00922534
-181.466 37.0929 -114.256 0.486466 0.153512 0.220914 0.533334 0.00922534
-184.999 38.4051 -105.512 0.501767 0.166507 0.220914 0.533334 0.00922534
-181.466 37.0929 -114.256 0.486466 0.153512 0.220914 0.533334 0.00922534
-184.999 38.5563 -114.256 0.501767 0.153512 0.220914 0.533334 0.00922534
-184.999 38.5563 -114.256 0.501767 0.153512 0.220798 0.533055 -0.0208296
-181.466 37.0929 -114.256 0.486466 0.153512 0.220798 0.533055 -0.0208296
-181.196 36.6392 -123 0.486466 0.140517 0.220798 0.533055 -0.0208296
-184.999 38.5563 -114.256 0.501767 0.153512 0.220798 0.533055 -0.0208296
-181.196 36.6392 -123 0.486466 0.140517 0.220798 0.533055 -0.0208296
-184.729 38.1026 -123 0.501767 0.140517 0.220798 0.533055 -0.0208296
-184.729 38.1026 -123 0.501767 0.140517 0.220798 0.533055 0.0208296
-181.196 36.6392 -123 0.486466 0.140517 0.220798 0.533055 0.0208296
-181.466 37.0929 -131.743 0.486466 0.127523 0.220798 0.533055 0.0208296
-184.729 38.1026 -123 0.501767 0.140517 0.220798 0.533055 0.0208296
-181.466 37.0929 -131.743 0.486466 0.127523 0.220798 0.533055 0.0208296
-184.999 38.5563 -131.743 0.501767 0.127523 0.220798 0.533055 0.0208296
-188.532 36.9417 -105.512 0.512586 0.166507 -0.220914 0.533334 0.00922535
-184.999 38.4051 -105.512 0.501767 0.166507 -0.220914 0.533334 0.00922535
-184.999 38.5563 -114.256 0.501767 0.153512 -0.220914 0.533334 0.00922535
-188.532 36.9417 -105.512 0.512586 0.166507 -0.220914 0.533334 0.00922535
-184.999 38.5563 -114.256 0.501767 0.153512 -0.220914 0.533334 0.00922535
-188.532 37.0929 -114.256 0.512586 0.153512 -0.220914 0.533334 0.00922535
-188.532 37.0929 -114.256 0.512586 0.153512 -0.220548 0.532452 -0.0344539
-184.999 38.5563 -114.256 0.501767 0.153512 -0.220548 0.532452 -0.0344539
-184.729 38.1026 -123 0.501767 0.140517 -0.220548 0.532452 -0.0344539
-188.532 37.0929 -114.256 0.512586 0.153512 -0.220548 0.532452 -0.0344539
-184.729 38.1026 -123 0.501767 0.140517 -0.220548 0.532452 -0.0344539
-188.262 36.6392 -123 0.512586 0.140517 -0.220548 0.532452 -0.0344539
-188.262 36.6392 -123 0.512586 0.140517 -0.220548 0.532452 0.034454
-184.729 38.1026 -123 0.501767 0.140517 -0.220548 0.532452 0.034454
-184.999 38.5563 -131.743 0.501767 0.127523 -0.220548 0.532452 0.034454
-188.262 36.6392 -123 0.512586 0.140517 -0.220548 0.532452 0.034454
-184.999 38.5563 -131.743 0.501767 0.127523 -0.220548 0.532452 0.034454
-188.532 37.0929 -131.743 0.512586 0.127523 -0.220548 0.532452 0.034454
-189.996 33.4086 -105.512 0.475646 0.114528 -0.53339 0.220938 0.00382172
-188.532 36.9417 -105.512 0.486466 0.114528 -0.53339 0.220938 0.00382172
-188.532 37.0929 -114.256 0.486466 0.127523 -0.53339 0.220938 0.00382172
-189.996 33.4086 -105.512 0.475646 0.114528 -0.53339 0.220938 0.00382172
-188.532 37.0929 -114.256 0.486466 0.127523 -0.53339 0.220938 0.00382172
-189.996 33.5598 -114.256 0.475646 0.127523 -0.53339 0.220938 0.00382172
-189.996 33.5598 -114.256 0.475646 0.127523 -0.532776 0.220684 -0.0279362
-188.532 37.0929 -114.256 0.486466 0.127523 -0.532776 0.220684 -0.0279362
-188.262 36.6392 -123 0.486466 0.140517 -0.532776 0.220684 -0.0279362
-189.996 33.5598 -114.256 0.475646 0.127523 -0.532776 0.220684 -0.0279362
-188.262 36.6392 -123 0.486466 0.140517 -0.532776 0.220684 -0.0279362
-189.725 33.1061 -123 0.475646 0.140517 -0.532776 0.220684 -0.0279362
-189.725 33.1061 -123 0.475646 0.140517 -0.532776 0.220684 0.0279363
-188.262 36.6392 -123 0.486466 0.140517 -0.532776 0.220684 0.0279363
-188.532 37.0929 -131.743 0.486466 0.153512 -0.532776 0.220684 0.0279363
-189.725 33.1061 -123 0.475646 0.140517 -0.532776 0.220684 0.0279363
-188.532 37.0929 -131.743 0.486466 0.153512 -0.532776 0.220684 0.0279363
-189.996 33.5598 -131.743 0.475646 0.153512 -0.532776 0.220684 0.0279363
-184.999 28.4121 -105.512 0.449526 0.114528 -0.220914 -0.533334 -0.00922528
-188.532 29.8755 -105.512 0.460345 0.114528 -0.220914 -0.533334 -0.00922528
-188.532 30.0268 -114.256 0.460345 0.127523 -0.220914 -0.533334 -0.00922528
-184.999 28.4121 -105.512 0.449526 0.114528 -0.220914 -0.533334 -0.00922528
-188.532 30.0268 -114.256 0.460345 0.127523 -0.220914 -0.533334 -0.00922528
-184.999 28.5634 -114.256 0.449526 0.127523 -0.220914 -0.533334 -0.00922528
-184.999 28.5634 -114.256 0.449526 0.127523 -0.220798 -0.533055 0.0208296
-188.532 30.0268 -114.256 0.460345 0.127523 -0.220798 -0.533055 0.0208296
-188.262 29.573 -123 0.460345 0.140517 -0.220798 -0.533055 0.0208296
-184.999 28.5634 -114.256 0.449526 0.127523 -0.220798 -0.533055 0.0208296
-188.262 29.573 -123 0.460345 0.140517 -0.220798 -0.533055 0.0208296
-184.729 28.1096 -123 0.449526 0.140517 -0.220798 -0.533055 0.0208296
-184.729 28.1096 -123 0.449526 0.140517 -0.220798 -0.533055 -0.0208297
-188.262 29.573 -123 0.460345 0.140517 -0.220798 -0.533055 -0.0208297
-188.532 30.0268 -131.743 0.460345 0.153512 -0.220798 -0.533055 -0.0208297
-184.729 28.1096 -123 0.449526 0.140517 -0.220798 -0.533055 -0.0208297
-188.532 30.0268 -131.743 0.460345 0.153512 -0.220798 -0.533055 -0.0208297
-184.999 28.5634 -131.743 0.449526 0.153512 -0.220798 -0.533055 -0.0208297
-181.466 29.8755 -105.512 0.423405 0.166507 0.220914 -0.533334 -0.00922529
-184.999 28.4121 -105.512 0.412586 0.166507 0.220914 -0.533334 -0.00922529
-184.999 28.5634 -114.256 0.412586 0.153512 0.220914 -0.533334 -0.00922529
-181.466 29.8755 -105.512 0.423405 0.166507 0.220914 -0.533334 -0.00922529
-184.999 28.5634 -114.256 0.412586 0.153512 0.220914 -0.533334 -0.00922529
-181.466 30.0268 -114.256 0.423405 0.153512 0.220914 -0.533334 -0.00922529
-181.466 30.0268 -114.256 0.423405 0.153512 0.220548 -0.532452 0.0344539
-184.999 28.5634 -114.256 0.412586 0.153512 0.220548 -0.532452 0.0344539
-184.729 28.1096 -123 0.412586 0.140517 0.220548 -0.532452 0.0344539
-181.466 30.0268 -114.256 0.423405 0.153512 0.220548 -0.532452 0.0344539
-184.729 28.1096 -123 0.412586 0.140517 0.220548 -0.532452 0.0344539
-181.196 29.573 -123 0.423405 0.140517 0.220548 -0.532452 0.0344539
-181.196 29.573 -123 0.423405 0.140517 0.220548 -0.532452 -0.034454
-184.729 28.1096 -123 0.412586 0.140517 0.220548 -0.532452 -0.034454
-184.999 28.5634 -131.743 0.412586 0.127523 0.220548 -0.532452 -0.034454
-181.196 29.573 -123 0.423405 0.140517 0.220548 -0.532452 -0.034454
-184.999 28.5634 -131.743 0.412586 0.127523 0.220548 -0.532452 -0.034454
-181.466 30.0268 -131.743 0.423405 0.127523 0.220548 -0.532452 -0.034454
-180.003 33.4086 -105.512 0.438706 0.166507 0.53339 -0.220938 -0.00382167
-181.466 29.8755 -105.512 0.423405 0.166507 0.53339 -0.220938 -0.00382167
-181.466 30.0268 -114.256 0.423405 0.153512 0.53339 -0.220938 -0.00382167
-180.003 33.4086 -105.512 0.438706 0.166507 0.53339 -0.220938 -0.00382167
-181.466 30.0268 -114.256 0.423405 0.153512 0.53339 -0.220938 -0.00382167
-180.003 33.5598 -114.256 0.438706 0.153512 0.53339 -0.220938 -0.00382167
-180.003 33.5598 -114.256 0.438706 0.153512 0.532776 -0.220684 0.0279362
-181.466 30.0268 -114.256 0.423405 0.153512 0.532776 -0.220684 0.0279362
-181.196 29.573 -123 0.423405 0.140517 0.532776 -0.220684 0.0279362
-180.003 33.5598 -114.256 0.438706 0.153512 0.532776 -0.220684 0.0279362
-181.196 29.573 -123 0.423405 0.140517 0.532776 -0.220684 0.0279362
-179.732 33.1061 -123 0.438706 0.140517 0.532776 -0.220684 0.0279362
-179.732 33.1061 -123 0.438706 0.140517 0.532776 -0.220684 -0.0279363
-181.196 29.573 -123 0.423405 0.140517 0.532776 -0.220684 -0.0279363
-181.466 30.0268 -131.743 0.423405 0.127523 0.532776 -0.220684 -0.0279363
-179.732 33.1061 -123 0.438706 0.140517 0.532776 -0.220684 -0.0279363
-181.466 30.0268 -131.743 0.423405 0.127523 0.532776 -0.220684 -0.0279363
-180.003 33.5598 -131.743 0.438706 0.127523 0.532776 -0.220684 -0.0279363
-176.782 29.1346 -105.512 0.449526 0.166507 0.533088 0.220813 0.0197704
-175.319 25.6016 -105.512 0.438706 0.166507 0.533088 0.220813 0.0197704
-174.913 25.6016 -116.454 0.438706 0.140517 0.533088 0.220813 0.0197704
-176.782 29.1346 -105.512 0.449526 0.166507 0.533088 0.220813 0.0197704
-174.913 25.6016 -116.454 0.438706 0.140517 0.533088 0.220813 0.0197704
-176.376 29.1346 -116.454 0.449526 0.140517 0.533088 0.220813 0.0197704
-185.312 25.6016 -105.512 0.475646 0.114528 -0.533088 0.220813 -0.0197704
-183.848 29.1346 -105.512 0.486466 0.114528 -0.533088 0.220813 -0.0197704
-183.442 29.1346 -116.454 0.486466 0.140517 -0.533088 0.220813 -0.0197704
-185.312 25.6016 -105.512 0.475646 0.114528 -0.533088 0.220813 -0.0197704
-183.442 29.1346 -116.454 0.486466 0.140517 -0.533088 0.220813 -0.0197704
-184.906 25.6016 -116.454 0.475646 0.140517 -0.533088 0.220813 -0.0197704
-183.848 22.0685 -105.512 0.460345 0.114528 -0.533088 -0.220813 -0.0197705
-185.312 25.6016 -105.512 0.475646 0.114528 -0.533088 -0.220813 -0.0197705
-184.906 25.6016 -116.454 0.475646 0.140517 -0.533088 -0.220813 -0.0197705
-183.848 22.0685 -105.512 0.460345 0.114528 -0.533088 -0.220813 -0.0197705
-184.906 25.6016 -116.454 0.475646 0.140517 -0.533088 -0.220813 -0.0197705
-183.442 22.0685 -116.454 0.460345 0.140517 -0.533088 -0.220813 -0.0197705
-175.319 25.6016 -105.512 0.438706 0.166507 0.533088 -0.220813 0.0197704
-176.782 22.0685 -105.512 0.423405 0.166507 0.533088 -0.220813 0.0197704
-176.376 22.0685 -116.454 0.423405 0.140517 0.533088 -0.220813 0.0197704
-175.319 25.6016 -105.512 0.438706 0.166507 0.533088 -0.220813 0.0197704
-176.376 22.0685 -116.454 0.423405 0.140517 0.533088 -0.220813 0.0197704
-174.913 25.6016 -116.454 0.438706 0.140517 0.533088 -0.220813 0.0197704
-186.15 29.1346 -105.512 0.449526 0.166507 0.532763 0.220678 -0.0282298
-184.687 25.6016 -105.512 0.438706 0.166507 0.532763 0.220678 -0.0282298
-185.261 25.6016 -116.341 0.438706 0.153512 0.532763 0.220678 -0.0282298
-186.15 29.1346 -105.512 0.449526 0.166507 0.532763 0.220678 -0.0282298
-185.261 25.6016 -116.341 0.438706 0.153512 0.532763 0.220678 -0.0282298
-186.724 29.1346 -116.341 0.449526 0.153512 0.532763 0.220678 -0.0282298
-186.724 29.1346 -116.341 0.449526 0.153512 0.533401 0.220942 -0
-185.261 25.6016 -116.341 0.438706 0.153512 0.533401 0.220942 -0
-185.261 25.6016 -125.085 0.438706 0.140517 0.533401 0.220942 -0
-186.724 29.1346 -116.341 0.449526 0.153512 0.533401 0.220942 -0
-185.261 25.6016 -125.085 0.438706 0.140517 0.533401 0.220942 -0
-186.724 29.1346 -125.085 0.449526 0.140517 0.533401 0.220942 -0
-186.724 29.1346 -125.085 0.449526 0.140517 0.533401 0.220942 -0
-185.261 25.6016 -125.085 0.438706 0.140517 0.533401 0.220942 -0
-185.261 25.6016 -133.829 0.438706 0.127523 0.533401 0.220942 -0
-186.724 29.1346 -125.085 0.449526 0.140517 0.533401 0.220942 -0
-185.261 25.6016 -133.829 0.438706 0.127523 0.533401 0.220942 -0
-186.724 29.1346 -133.829 0.449526 0.127523 0.533401 0.220942 -0
-194.68 25.6016 -105.512 0.475646 0.114528 -0.532763 0.220678 0.0282298
-193.217 29.1346 -105.512 0.486466 0.114528 -0.532763 0.220678 0.0282298
-193.79 29.1346 -116.341 0.486466 0.127523 -0.532763 0.220678 0.0282298
-194.68 25.6016 -105.512 0.475646 0.114528 -0.532763 0.220678 0.0282298
-193.79 29.1346 -116.341 0.486466 0.127523 -0.532763 0.220678 0.0282298
-195.254 25.6016 -116.341 0.475646 0.127523 -0.532763 0.220678 0.0282298
-195.254 25.6016 -116.341 0.475646 0.127523 -0.533401 0.220943 -0
-193.79 29.1346 -116.341 0.486466 0.127523 -0.533401 0.220943 -0
-193.79 29.1346 -125.085 0.486466 0.140517 -0.533401 0.220943 -0
-195.254 25.6016 -116.341 0.475646 0.127523 -0.533401 0.220943 -0
-193.79 29.1346 -125.085 0.486466 0.140517 -0.533401 0.220943 -0
-195.254 25.6016 -125.085 0.475646 0.140517 -0.533401 0.220943 -0
-195.254 25.6016 -125.085 0.475646 0.140517 -0.533401 0.220943 -0
-193.79 29.1346 -125.085 0.486466 0.140517 -0.533401 0.220943 -0
-193.79 29.1346 -133.829 0.486466 0.153512 -0.533401 0.220943 1.09651e-07
-195.254 25.6016 -125.085 0.475646 0.140517 -0.533401 0.220943 -0
-193.79 29.1346 -133.829 0.486466 0.153512 -0.533401 0.220943 1.09651e-07
-195.254 25.6016 -133.829 0.475646 0.153512 -0.533401 0.220943 1.09651e-07
-193.217 22.0685 -105.512 0.460345 0.114528 -0.532763 -0.220678 0.0282298
-194.68 25.6016 -105.512 0.475646 0.114528 -0.532763 -0.220678 0.0282298
-195.254 25.6016 -116.341 0.475646 0.127523 -0.532763 -0.220678 0.0282298
-193.217 22.0685 -105.512 0.460345 0.114528 -0.532763 -0.220678 0.0282298
-195.254 25.6016 -116.341 0.475646 0.127523 -0.532763 -0.220678 0.0282298
-193.79 22.0685 -116.341 0.460345 0.127523 -0.532763 -0.220678 0.0282298
-193.79 22.0685 -116.341 0.460345 0.127523 -0.533401 -0.220943 -0
-195.254 25.6016 -116.341 0.475646 0.127523 -0.533401 -0.220943 -0
-195.254 25.6016 -125.085 0.475646 0.140517 -0.533401 -0.220943 -0
-193.79 22.0685 -116.341 0.460345 0.127523 -0.533401 -0.220943 -0
-195.254 25.6016 -125.085 0.475646 0.140517 -0.533401 -0.220943 -0
-193.79 22.0685 -125.085 0.460345 0.140517 -0.533401 -0.220943 -0
-193.79 22.0685 -125.085 0.460345 0.140517 -0.533401 -0.220943 -0
-195.254 25.6016 -125.085 0.475646 0.140517 -0.533401 -0.220943 -0
-195.254 25.6016 -133.829 0.475646 0.153512 -0.533401 -0.220943 8.61346e-08
-193.79 22.0685 -125.085 0.460345 0.140517 -0.533401 -0.220943 -0
-195.254 25.6016 -133.829 0.475646 0.153512 -0.533401 -0.220943 8.61346e-08
-193.79 22.0685 -133.829 0.460345 0.153512 -0.533401 -0.220943 8.61346e-08
-184.687 25.6016 -105.512 0.438706 0.166507 0.532763 -0.220678 -0.0282298
-186.15 22.0685 -105.512 0.423405 0.166507 0.532763 -0.220678 -0.0282298
-186.724 22.0685 -116.341 0.423405 0.153512 0.532763 -0.220678 -0.0282298
-184.687 25.6016 -105.512 0.438706 0.166507 0.532763 -0.220678 -0.0282298
-186.724 22.0685 -116.341 0.423405 0.153512 0.532763 -0.220678 -0.0282298
-185.261 25.6016 -116.341 0.438706 0.153512 0.532763 -0.220678 -0.0282298
-185.261 25.6016 -116.341 0.438706 0.153512 0.533401 -0.220942 -0
-186.724 22.0685 -116.341 0.423405 0.153512 0.533401 -0.220942 -0
-186.724 22.0685 -125.085 0.423405 0.140517 0.533401 -0.220942 -0
-185.261 25.6016 -116.341 0.438706 0.153512 0.533401 -0.220942 -0
-186.724 22.0685 -125.085 0.423405 0.140517 0.533401 -0.220942 -0
-185.261 25.6016 -125.085 0.438706 0.140517 0.533401 -0.220942 -0
-185.261 25.6016 -125.085 0.438706 0.140517 0.533401 -0.220942 -0
-186.724 22.0685 -125.085 0.423405 0.140517 0.533401 -0.220942 -0
-186.724 22.0685 -133.829 0.423405 0.127523 0.533401 -0.220942 -0
-185.261 25.6016 -125.085 0.438706 0.140517 0.533401 -0.220942 -0
-186.724 22.0685 -133.829 0.423405 0.127523 0.533401 -0.220942 -0
-185.261 25.6016 -133.829 0.438706 0.127523 0.533401 -0.220942 -0
