Vertex Count: 936

Data:

-103.003 33.5598 176.257 0.438706 0.127523 0.53339 -0.220938 0.00382157
-104.466 30.0268 176.257 0.423405 0.127523 0.53339 -0.220938 0.00382157
-104.466 29.8755 167.513 0.423405 0.114528 0.53339 -0.220938 0.00382157
-103.003 33.5598 176.257 0.438706 0.127523 0.53339 -0.220938 0.00382157
-104.466 29.8755 167.513 0.423405 0.114528 0.53339 -0.220938 0.00382157
-103.003 33.4086 167.513 0.438706 0.114528 0.53339 -0.220938 0.00382157
-104.466 30.0268 176.257 0.423405 0.127523 0.220914 -0.533334 0.00922528
-107.999 28.5634 176.257 0.412586 0.127523 0.220914 -0.533334 0.00922528
-107.999 28.4121 167.513 0.412586 0.114528 0.220914 -0.533334 0.00922528
-104.466 30.0268 176.257 0.423405 0.127523 0.220914 -0.533334 0.00922528
-107.999 28.4121 167.513 0.412586 0.114528 0.220914 -0.533334 0.00922528
-104.466 29.8755 167.513 0.423405 0.114528 0.220914 -0.533334 0.00922528
-107.999 28.5634 176.257 0.449526 0.153512 -0.220914 -0.533334 0.00922529
-111.532 30.0268 176.257 0.460345 0.153512 -0.220914 -0.533334 0.00922529
-111.532 29.8755 167.513 0.460345 0.166507 -0.220914 -0.533334 0.00922529
-107.999 28.5634 176.257 0.449526 0.153512 -0.220914 -0.533334 0.00922529
-111.532 29.8755 167.513 0.460345 0.166507 -0.220914 -0.533334 0.00922529
-107.999 28.4121 167.513 0.449526 0.166507 -0.220914 -0.533334 0.00922529
-111.532 30.0268 176.257 0.460345 0.153512 -0.53339 -0.220938 0.00382161
-112.996 33.5598 176.257 0.475646 0.153512 -0.53339 -0.220938 0.00382161
-112.996 33.4086 167.513 0.475646 0.166507 -0.53339 -0.220938 0.00382161
-111.532 30.0268 176.257 0.460345 0.153512 -0.53339 -0.220938 0.00382161
-112.996 33.4086 167.513 0.475646 0.166507 -0.53339 -0.220938 0.00382161
-111.532 29.8755 167.513 0.460345 0.166507 -0.53339 -0.220938 0.00382161
-111.262 29.573 185 0.460345 0.140517 -0.533381 -0.220934 -0.00503854
-112.996 33.5598 176.257 0.475646 0.153512 -0.53339 -0.220938 0.00382161
-111.532 30.0268 176.257 0.460345 0.153512 -0.53339 -0.220938 0.00382161
-111.262 29.573 185 0.460345 0.140517 -0.533381 -0.220934 -0.00503854
-112.725 33.1061 185 0.475646 0.140517 -0.533381 -0.220934 -0.00503854
-112.996 33.5598 176.257 0.475646 0.153512 -0.53339 -0.220938 0.00382161
-111.532 30.0268 193.744 0.460345 0.127523 -0.53339 -0.220938 -0.00382163
-112.725 33.1061 185 0.475646 0.140517 -0.533381 -0.220934 -0.00503854
-111.262 29.573 185 0.460345 0.140517 -0.533381 -0.220934 -0.00503854
-111.532 30.0268 193.744 0.460345 0.127523 -0.53339 -0.220938 -0.00382163
-112.996 33.5598 193.744 0.475646 0.127523 -0.53339 -0.220938 -0.00382163
-112.725 33.1061 185 0.475646 0.140517 -0.533381 -0.220934 -0.00503854
-111.532 29.8755 202.488 0.460345 0.114528 -0.53339 -0.220938 -0.00382163
-112.996 33.5598 193.744 0.475646 0.127523 -0.53339 -0.220938 -0.00382163
-111.532 30.0268 193.744 0.460345 0.127523 -0.53339 -0.220938 -0.00382163
-111.532 29.8755 202.488 0.460345 0.114528 -0.53339 -0.220938 -0.00382163
-112.996 33.4086 202.488 0.475646 0.114528 -0.53339 -0.220938 -0.00382163
-112.996 33.5598 193.744 0.475646 0.127523 -0.53339 -0.220938 -0.00382163
-112.996 33.5598 176.257 0.475646 0.153512 -0.53339 0.220938 -0.00382154
-111.532 37.0929 176.257 0.486466 0.153512 -0.53339 0.220938 -0.00382154
-111.532 36.9417 167.513 0.486466 0.166507 -0.53339 0.220938 -0.00382154
-112.996 33.5598 176.257 0.475646 0.153512 -0.53339 0.220938 -0.00382154
-111.532 36.9417 167.513 0.486466 0.166507 -0.53339 0.220938 -0.00382154
-112.996 33.4086 167.513 0.475646 0.166507 -0.53339 0.220938 -0.00382154
-111.532 37.0929 176.257 0.512586 0.127523 -0.220914 0.533334 -0.00922511
-107.999 38.5563 176.257 0.501767 0.127523 -0.220914 0.533334 -0.00922511
-107.999 38.4051 167.513 0.501767 0.114528 -0.220914 0.533334 -0.00922511
-111.532 37.0929 176.257 0.512586 0.127523 -0.220914 0.533334 -0.00922511
-107.999 38.4051 167.513 0.501767 0.114528 -0.220914 0.533334 -0.00922511
-111.532 36.9417 167.513 0.512586 0.114528 -0.220914 0.533334 -0.00922511
-104.466 36.9417 167.513 0.486466 0.280113 0 1.78224e-07 -0.577351
-103.003 33.4086 167.513 0.486466 0.300004 0 1.78224e-07 -0.577351
-104.466 29.8755 167.513 0.475646 0.31407 0 1.78224e-07 -0.577351
-104.466 29.8755 167.513 0.475646 0.31407 0 1.78224e-07 -0.577351
-107.999 28.4121 167.513 0.460345 0.31407 0 1.78224e-07 -0.577351
-104.466 36.9417 167.513 0.486466 0.280113 0 1.78224e-07 -0.577351
-107.999 28.4121 167.513 0.460345 0.31407 0 1.78224e-07 -0.577351
-107.999 38.4051 167.513 0.475646 0.266048 0 1.78224e-07 -0.577351
-104.466 36.9417 167.513 0.486466 0.280113 0 1.78224e-07 -0.577351
-107.999 28.4121 167.513 0.460345 0.31407 0 1.78224e-07 -0.577351
-111.532 36.9417 167.513 0.460345 0.266048 0 1.78224e-07 -0.577351
-107.999 38.4051 167.513 0.475646 0.266048 0 1.78224e-07 -0.577351
-107.999 28.4121 167.513 0.460345 0.31407 0 1.78224e-07 -0.577351
-111.532 29.8755 167.513 0.449526 0.300004 0 1.78224e-07 -0.577351
-111.532 36.9417 167.513 0.460345 0.266048 0 1.78224e-07 -0.577351
-111.532 29.8755 167.513 0.449526 0.300004 0 1.78224e-07 -0.577351
-112.996 33.4086 167.513 0.449526 0.280113 0 1.78224e-07 -0.577351
-111.532 36.9417 167.513 0.460345 0.266048 0 1.78224e-07 -0.577351
-104.466 37.0929 176.257 0.449526 0.127523 0.53339 0.220938 -0.00382163
-103.003 33.5598 176.257 0.438706 0.127523 0.53339 0.220938 -0.00382163
-103.003 33.4086 167.513 0.438706 0.114528 0.53339 0.220938 -0.00382163
-104.466 37.0929 176.257 0.449526 0.127523 0.53339 0.220938 -0.00382163
-103.003 33.4086 167.513 0.438706 0.114528 0.53339 0.220938 -0.00382163
-104.466 36.9417 167.513 0.449526 0.114528 0.53339 0.220938 -0.00382163
-104.196 36.6392 185 0.449526 0.140517 0.533381 0.220934 0.00503853
-103.003 33.5598 176.257 0.438706 0.127523 0.53339 0.220938 -0.00382163
-104.466 37.0929 176.257 0.449526 0.127523 0.53339 0.220938 -0.00382163
-104.196 36.6392 185 0.449526 0.140517 0.533381 0.220934 0.00503853
-102.732 33.1061 185 0.438706 0.140517 0.533381 0.220934 0.00503853
-103.003 33.5598 176.257 0.438706 0.127523 0.53339 0.220938 -0.00382163
-104.466 37.0929 193.744 0.449526 0.153512 0.53339 0.220938 0.00382165
-102.732 33.1061 185 0.438706 0.140517 0.533381 0.220934 0.00503853
-104.196 36.6392 185 0.449526 0.140517 0.533381 0.220934 0.00503853
-104.466 37.0929 193.744 0.449526 0.153512 0.53339 0.220938 0.00382165
-103.003 33.5598 193.744 0.438706 0.153512 0.53339 0.220938 0.00382165
-102.732 33.1061 185 0.438706 0.140517 0.533381 0.220934 0.00503853
-104.466 36.9417 202.488 0.449526 0.166507 0.53339 0.220938 0.00382165
-103.003 33.5598 193.744 0.438706 0.153512 0.53339 0.220938 0.00382165
-104.466 37.0929 193.744 0.449526 0.153512 0.53339 0.220938 0.00382165
-104.466 36.9417 202.488 0.449526 0.166507 0.53339 0.220938 0.00382165
-103.003 33.4086 202.488 0.438706 0.166507 0.53339 0.220938 0.00382165
-103.003 33.5598 193.744 0.438706 0.153512 0.53339 0.220938 0.00382165
-107.999 38.5563 176.257 0.501767 0.127523 0.220914 0.533334 -0.00922513
-104.466 37.0929 176.257 0.486466 0.127523 0.220914 0.533334 -0.00922513
-104.466 36.9417 167.513 0.486466 0.114528 0.220914 0.533334 -0.00922513
-107.999 38.5563 176.257 0.501767 0.127523 0.220914 0.533334 -0.00922513
-104.466 36.9417 167.513 0.486466 0.114528 0.220914 0.533334 -0.00922513
-107.999 38.4051 167.513 0.501767 0.114528 0.220914 0.533334 -0.00922513
-104.466 29.8755 202.488 0.412586 0.300004 0 -1.78224e-07 0.577351
-103.003 33.4086 202.488 0.412586 0.280113 0 -1.78224e-07 0.577351
-104.466 36.9417 202.488 0.423405 0.266048 0 -1.78224e-07 0.577351
-104.466 36.9417 202.488 0.423405 0.266048 0 -1.78224e-07 0.577351
-107.999 28.4121 202.488 0.423405 0.31407 0 -1.78224e-07 0.577351
-104.466 29.8755 202.488 0.412586 0.300004 0 -1.78224e-07 0.577351
-104.466 36.9417 202.488 0.423405 0.266048 0 -1.78224e-07 0.577351
-107.999 38.4051 202.488 0.438706 0.266048 0 -1.78224e-07 0.577351
-107.999 28.4121 202.488 0.423405 0.31407 0 -1.78224e-07 0.577351
-107.999 38.4051 202.488 0.438706 0.266048 0 -1.78224e-07 0.577351
-111.532 36.9417 202.488 0.449526 0.280113 0 -1.78224e-07 0.577351
-107.999 28.4121 202.488 0.423405 0.31407 0 -1.78224e-07 0.577351
-111.532 36.9417 202.488 0.449526 0.280113 0 -1.78224e-07 0.577351
-111.532 29.8755 202.488 0.438706 0.31407 0 -1.78224e-07 0.577351
-107.999 28.4121 202.488 0.423405 0.31407 0 -1.78224e-07 0.577351
-111.532 36.9417 202.488 0.449526 0.280113 0 -1.78224e-07 0.577351
-112.996 33.4086 202.488 0.449526 0.300004 0 -1.78224e-07 0.577351
-111.532 29.8755 202.488 0.438706 0.31407 0 -1.78224e-07 0.577351
-108.261 25.6016 174.171 0.438706 0.127523 0.531718 -0.220245 0.0458257
-109.724 22.0685 174.171 0.423405 0.127523 0.531718 -0.220245 0.0458257
-109.15 22.0685 167.513 0.423405 0.114528 0.531718 -0.220245 0.0458257
-108.261 25.6016 174.171 0.438706 0.127523 0.531718 -0.220245 0.0458257
-109.15 22.0685 167.513 0.423405 0.114528 0.531718 -0.220245 0.0458257
-107.687 25.6016 167.513 0.438706 0.114528 0.531718 -0.220245 0.0458257
-109.724 22.0685 174.171 0.423405 0.127523 0.220822 -0.533113 0.0190313
-113.257 20.6051 174.171 0.412586 0.127523 0.220822 -0.533113 0.0190313
-112.684 20.6051 167.513 0.412586 0.114528 0.220822 -0.533113 0.0190313
-109.724 22.0685 174.171 0.423405 0.127523 0.220822 -0.533113 0.0190313
-112.684 20.6051 167.513 0.412586 0.114528 0.220822 -0.533113 0.0190313
-109.15 22.0685 167.513 0.423405 0.114528 0.220822 -0.533113 0.0190313
-109.724 22.0685 182.915 0.423405 0.140517 0.220942 -0.533403 -0
-113.257 20.6051 174.171 0.412586 0.127523 0.220822 -0.533113 0.0190313
-109.724 22.0685 174.171 0.423405 0.127523 0.220822 -0.533113 0.0190313
-109.724 22.0685 182.915 0.423405 0.140517 0.220942 -0.533403 -0
-113.257 20.6051 182.915 0.412586 0.140517 0.220942 -0.533403 -0
-113.257 20.6051 174.171 0.412586 0.127523 0.220822 -0.533113 0.0190313
-109.724 22.0685 191.658 0.423405 0.153512 0.220897 -0.533293 -0.0117048
-113.257 20.6051 182.915 0.412586 0.140517 0.220942 -0.533403 -0
-109.724 22.0685 182.915 0.423405 0.140517 0.220942 -0.533403 -0
-109.724 22.0685 191.658 0.423405 0.153512 0.220897 -0.533293 -0.0117048
-113.257 20.6051 191.658 0.412586 0.153512 0.220897 -0.533293 -0.0117048
-113.257 20.6051 182.915 0.412586 0.140517 0.220942 -0.533403 -0
-109.15 22.0685 202.488 0.423405 0.166507 0.220897 -0.533293 -0.0117048
-113.257 20.6051 191.658 0.412586 0.153512 0.220897 -0.533293 -0.0117048
-109.724 22.0685 191.658 0.423405 0.153512 0.220897 -0.533293 -0.0117048
-109.15 22.0685 202.488 0.423405 0.166507 0.220897 -0.533293 -0.0117048
-112.684 20.6051 202.488 0.412586 0.166507 0.220897 -0.533293 -0.0117048
-113.257 20.6051 191.658 0.412586 0.153512 0.220897 -0.533293 -0.0117048
-113.257 20.6051 174.171 0.449526 0.153512 -0.220822 -0.533113 -0.0190314
-116.79 22.0685 174.171 0.460345 0.153512 -0.220822 -0.533113 -0.0190314
-116.217 22.0685 167.513 0.460345 0.166507 -0.220822 -0.533113 -0.0190314
-113.257 20.6051 174.171 0.449526 0.153512 -0.220822 -0.533113 -0.0190314
-116.217 22.0685 167.513 0.460345 0.166507 -0.220822 -0.533113 -0.0190314
-112.684 20.6051 167.513 0.449526 0.166507 -0.220822 -0.533113 -0.0190314
-113.257 20.6051 182.915 0.449526 0.140517 -0.220942 -0.533403 -0
-116.79 22.0685 174.171 0.460345 0.153512 -0.220822 -0.533113 -0.0190314
-113.257 20.6051 174.171 0.449526 0.153512 -0.220822 -0.533113 -0.0190314
-113.257 20.6051 182.915 0.449526 0.140517 -0.220942 -0.533403 -0
-116.79 22.0685 182.915 0.460345 0.140517 -0.220942 -0.533403 -0
-116.79 22.0685 174.171 0.460345 0.153512 -0.220822 -0.533113 -0.0190314
-113.257 20.6051 191.658 0.449526 0.127523 -0.220897 -0.533293 0.0117047
-116.79 22.0685 182.915 0.460345 0.140517 -0.220942 -0.533403 -0
-113.257 20.6051 182.915 0.449526 0.140517 -0.220942 -0.533403 -0
-113.257 20.6051 191.658 0.449526 0.127523 -0.220897 -0.533293 0.0117047
-116.79 22.0685 191.658 0.460345 0.127523 -0.220897 -0.533293 0.0117047
-116.79 22.0685 182.915 0.460345 0.140517 -0.220942 -0.533403 -0
-112.684 20.6051 202.488 0.449526 0.114528 -0.220897 -0.533293 0.0117047
-116.79 22.0685 191.658 0.460345 0.127523 -0.220897 -0.533293 0.0117047
-113.257 20.6051 191.658 0.449526 0.127523 -0.220897 -0.533293 0.0117047
-112.684 20.6051 202.488 0.449526 0.114528 -0.220897 -0.533293 0.0117047
-116.217 22.0685 202.488 0.460345 0.114528 -0.220897 -0.533293 0.0117047
-116.79 22.0685 191.658 0.460345 0.127523 -0.220897 -0.533293 0.0117047
-116.79 22.0685 174.171 0.460345 0.153512 -0.531718 -0.220245 -0.0458258
-118.254 25.6016 174.171 0.475646 0.153512 -0.531718 -0.220245 -0.0458258
-117.68 25.6016 167.513 0.475646 0.166507 -0.531718 -0.220245 -0.0458258
-116.79 22.0685 174.171 0.460345 0.153512 -0.531718 -0.220245 -0.0458258
-117.68 25.6016 167.513 0.475646 0.166507 -0.531718 -0.220245 -0.0458258
-116.217 22.0685 167.513 0.460345 0.166507 -0.531718 -0.220245 -0.0458258
-118.254 25.6016 174.171 0.475646 0.153512 -0.531718 0.220246 -0.0458258
-116.79 29.1346 174.171 0.486466 0.153512 -0.531718 0.220246 -0.0458258
-116.217 29.1346 167.513 0.486466 0.166507 -0.531718 0.220246 -0.0458258
-118.254 25.6016 174.171 0.475646 0.153512 -0.531718 0.220246 -0.0458258
-116.217 29.1346 167.513 0.486466 0.166507 -0.531718 0.220246 -0.0458258
-117.68 25.6016 167.513 0.475646 0.166507 -0.531718 0.220246 -0.0458258
-116.79 29.1346 174.171 0.512586 0.127523 -0.220822 0.533113 -0.0190314
-113.257 30.5981 174.171 0.501767 0.127523 -0.220822 0.533113 -0.0190314
-112.684 30.5981 167.513 0.501767 0.114528 -0.220822 0.533113 -0.0190314
-116.79 29.1346 174.171 0.512586 0.127523 -0.220822 0.533113 -0.0190314
-112.684 30.5981 167.513 0.501767 0.114528 -0.220822 0.533113 -0.0190314
-116.217 29.1346 167.513 0.512586 0.114528 -0.220822 0.533113 -0.0190314
-116.79 29.1346 182.915 0.512586 0.140517 -0.220942 0.533403 7.23348e-08
-113.257 30.5981 174.171 0.501767 0.127523 -0.220822 0.533113 -0.0190314
-116.79 29.1346 174.171 0.512586 0.127523 -0.220822 0.533113 -0.0190314
-116.79 29.1346 182.915 0.512586 0.140517 -0.220942 0.533403 7.23348e-08
-113.257 30.5981 182.915 0.501767 0.140517 -0.220942 0.533403 7.23348e-08
-113.257 30.5981 174.171 0.501767 0.127523 -0.220822 0.533113 -0.0190314
-116.79 29.1346 191.658 0.512586 0.153512 -0.220897 0.533293 0.0117048
-113.257 30.5981 182.915 0.501767 0.140517 -0.220942 0.533403 7.23348e-08
-116.79 29.1346 182.915 0.512586 0.140517 -0.220942 0.533403 7.23348e-08
-116.79 29.1346 191.658 0.512586 0.153512 -0.220897 0.533293 0.0117048
-113.257 30.5981 191.658 0.501767 0.153512 -0.220897 0.533293 0.0117048
-113.257 30.5981 182.915 0.501767 0.140517 -0.220942 0.533403 7.23348e-08
-116.217 29.1346 202.488 0.512586 0.166507 -0.220897 0.533293 0.0117048
-113.257 30.5981 191.658 0.501767 0.153512 -0.220897 0.533293 0.0117048
-116.79 29.1346 191.658 0.512586 0.153512 -0.220897 0.533293 0.0117048
-116.217 29.1346 202.488 0.512586 0.166507 -0.220897 0.533293 0.0117048
-112.684 30.5981 202.488 0.501767 0.166507 -0.220897 0.533293 0.0117048
-113.257 30.5981 191.658 0.501767 0.153512 -0.220897 0.533293 0.0117048
-109.15 29.1346 167.513 0.486466 0.280113 0 1.18816e-07 -0.577351
-107.687 25.6016 167.513 0.486466 0.300004 0 1.18816e-07 -0.577351
-109.15 22.0685 167.513 0.475646 0.31407 0 1.18816e-07 -0.577351
-109.15 22.0685 167.513 0.475646 0.31407 0 1.18816e-07 -0.577351
-112.684 20.6051 167.513 0.460345 0.31407 0 1.18816e-07 -0.577351
-109.15 29.1346 167.513 0.486466 0.280113 0 1.18816e-07 -0.577351
-112.684 20.6051 167.513 0.460345 0.31407 0 1.18816e-07 -0.577351
-112.684 30.5981 167.513 0.475646 0.266048 0 1.18816e-07 -0.577351
-109.15 29.1346 167.513 0.486466 0.280113 0 1.18816e-07 -0.577351
-112.684 20.6051 167.513 0.460345 0.31407 0 1.18816e-07 -0.577351
-116.217 29.1346 167.513 0.460345 0.266048 0 1.18816e-07 -0.577351
-112.684 30.5981 167.513 0.475646 0.266048 0 1.18816e-07 -0.577351
-112.684 20.6051 167.513 0.460345 0.31407 0 1.18816e-07 -0.577351
-116.217 22.0685 167.513 0.449526 0.300004 0 1.18816e-07 -0.577351
-116.217 29.1346 167.513 0.460345 0.266048 0 1.18816e-07 -0.577351
-116.217 22.0685 167.513 0.449526 0.300004 0 1.18816e-07 -0.577351
-117.68 25.6016 167.513 0.449526 0.280113 0 1.18816e-07 -0.577351
-116.217 29.1346 167.513 0.460345 0.266048 0 1.18816e-07 -0.577351
-109.724 29.1346 174.171 0.449526 0.127523 0.531718 0.220245 0.0458257
-108.261 25.6016 174.171 0.438706 0.127523 0.531718 0.220245 0.0458257
-107.687 25.6016 167.513 0.438706 0.114528 0.531718 0.220245 0.0458257
-109.724 29.1346 174.171 0.449526 0.127523 0.531718 0.220245 0.0458257
-107.687 25.6016 167.513 0.438706 0.114528 0.531718 0.220245 0.0458257
-109.15 29.1346 167.513 0.449526 0.114528 0.531718 0.220245 0.0458257
-113.257 30.5981 174.171 0.501767 0.127523 0.220822 0.533113 0.0190314
-109.724 29.1346 174.171 0.486466 0.127523 0.220822 0.533113 0.0190314
-109.15 29.1346 167.513 0.486466 0.114528 0.220822 0.533113 0.0190314
-113.257 30.5981 174.171 0.501767 0.127523 0.220822 0.533113 0.0190314
-109.15 29.1346 167.513 0.486466 0.114528 0.220822 0.533113 0.0190314
-112.684 30.5981 167.513 0.501767 0.114528 0.220822 0.533113 0.0190314
-113.257 30.5981 182.915 0.501767 0.140517 0.220942 0.533403 -0
-109.724 29.1346 174.171 0.486466 0.127523 0.220822 0.533113 0.0190314
-113.257 30.5981 174.171 0.501767 0.127523 0.220822 0.533113 0.0190314
-113.257 30.5981 182.915 0.501767 0.140517 0.220942 0.533403 -0
-109.724 29.1346 182.915 0.486466 0.140517 0.220942 0.533403 -0
-109.724 29.1346 174.171 0.486466 0.127523 0.220822 0.533113 0.0190314
-113.257 30.5981 191.658 0.501767 0.153512 0.220897 0.533293 -0.0117048
-109.724 29.1346 182.915 0.486466 0.140517 0.220942 0.533403 -0
-113.257 30.5981 182.915 0.501767 0.140517 0.220942 0.533403 -0
-113.257 30.5981 191.658 0.501767 0.153512 0.220897 0.533293 -0.0117048
-109.724 29.1346 191.658 0.486466 0.153512 0.220897 0.533293 -0.0117048
-109.724 29.1346 182.915 0.486466 0.140517 0.220942 0.533403 -0
-112.684 30.5981 202.488 0.501767 0.166507 0.220897 0.533293 -0.0117048
-109.724 29.1346 191.658 0.486466 0.153512 0.220897 0.533293 -0.0117048
-113.257 30.5981 191.658 0.501767 0.153512 0.220897 0.533293 -0.0117048
-112.684 30.5981 202.488 0.501767 0.166507 0.220897 0.533293 -0.0117048
-109.15 29.1346 202.488 0.486466 0.166507 0.220897 0.533293 -0.0117048
-109.724 29.1346 191.658 0.486466 0.153512 0.220897 0.533293 -0.0117048
-109.15 22.0685 202.488 0.412586 0.300004 0 -5.9408e-08 0.577351
-107.687 25.6016 202.488 0.412586 0.280113 0 -5.9408e-08 0.577351
-109.15 29.1346 202.488 0.423405 0.266048 0 -5.9408e-08 0.577351
-109.15 29.1346 202.488 0.423405 0.266048 0 -5.9408e-08 0.577351
-112.684 20.6051 202.488 0.423405 0.31407 0 -5.9408e-08 0.577351
-109.15 22.0685 202.488 0.412586 0.300004 0 -5.9408e-08 0.577351
-109.15 29.1346 202.488 0.423405 0.266048 0 -5.9408e-08 0.577351
-112.684 30.5981 202.488 0.438706 0.266048 0 -5.9408e-08 0.577351
-112.684 20.6051 202.488 0.423405 0.31407 0 -5.9408e-08 0.577351
-112.684 30.5981 202.488 0.438706 0.266048 0 -5.9408e-08 0.577351
-116.217 29.1346 202.488 0.449526 0.280113 0 -5.9408e-08 0.577351
-112.684 20.6051 202.488 0.423405 0.31407 0 -5.9408e-08 0.577351
-116.217 29.1346 202.488 0.449526 0.280113 0 -5.9408e-08 0.577351
-116.217 22.0685 202.488 0.438706 0.31407 0 -5.9408e-08 0.577351
-112.684 20.6051 202.488 0.423405 0.31407 0 -5.9408e-08 0.577351
-116.217 29.1346 202.488 0.449526 0.280113 0 -5.9408e-08 0.577351
-117.68 25.6016 202.488 0.449526 0.300004 0 -5.9408e-08 0.577351
-116.217 22.0685 202.488 0.438706 0.31407 0 -5.9408e-08 0.577351
-97.9128 25.6016 191.546 0.438706 0.140517 0.533336 -0.220916 -0.00900585
-99.3763 22.0685 191.546 0.423405 0.140517 0.533336 -0.220916 -0.00900585
-99.7821 22.0685 167.513 0.423405 0.114528 0.533336 -0.220916 -0.00900585
-97.9128 25.6016 191.546 0.438706 0.140517 0.533336 -0.220916 -0.00900585
-99.7821 22.0685 167.513 0.423405 0.114528 0.533336 -0.220916 -0.00900585
-98.3186 25.6016 167.513 0.438706 0.114528 0.533336 -0.220916 -0.00900585
-99.3763 22.0685 191.546 0.423405 0.140517 0.220937 -0.533391 -0.00373076
-102.909 20.6051 191.546 0.412586 0.140517 0.220937 -0.533391 -0.00373076
-103.315 20.6051 167.513 0.412586 0.114528 0.220937 -0.533391 -0.00373076
-99.3763 22.0685 191.546 0.423405 0.140517 0.220937 -0.533391 -0.00373076
-103.315 20.6051 167.513 0.412586 0.114528 0.220937 -0.533391 -0.00373076
-99.7821 22.0685 167.513 0.423405 0.114528 0.220937 -0.533391 -0.00373076
-99.7821 22.0685 202.488 0.423405 0.166507 0.22092 -0.533349 0.00819312
-102.909 20.6051 191.546 0.412586 0.140517 0.220937 -0.533391 -0.00373076
-99.3763 22.0685 191.546 0.423405 0.140517 0.220937 -0.533391 -0.00373076
-99.7821 22.0685 202.488 0.423405 0.166507 0.22092 -0.533349 0.00819312
-103.315 20.6051 202.488 0.412586 0.166507 0.22092 -0.533349 0.00819312
-102.909 20.6051 191.546 0.412586 0.140517 0.220937 -0.533391 -0.00373076
-102.909 20.6051 191.546 0.449526 0.140517 -0.220937 -0.533391 0.00373068
-106.442 22.0685 191.546 0.460345 0.140517 -0.220937 -0.533391 0.00373068
-106.848 22.0685 167.513 0.460345 0.166507 -0.220937 -0.533391 0.00373068
-102.909 20.6051 191.546 0.449526 0.140517 -0.220937 -0.533391 0.00373068
-106.848 22.0685 167.513 0.460345 0.166507 -0.220937 -0.533391 0.00373068
-103.315 20.6051 167.513 0.449526 0.166507 -0.220937 -0.533391 0.00373068
-103.315 20.6051 202.488 0.449526 0.114528 -0.22092 -0.533349 -0.00819322
-106.442 22.0685 191.546 0.460345 0.140517 -0.220937 -0.533391 0.00373068
-102.909 20.6051 191.546 0.449526 0.140517 -0.220937 -0.533391 0.00373068
-103.315 20.6051 202.488 0.449526 0.114528 -0.22092 -0.533349 -0.00819322
-106.848 22.0685 202.488 0.460345 0.114528 -0.22092 -0.533349 -0.00819322
-106.442 22.0685 191.546 0.460345 0.140517 -0.220937 -0.533391 0.00373068
-106.442 22.0685 191.546 0.460345 0.140517 -0.533336 -0.220916 0.00900583
-107.906 25.6016 191.546 0.475646 0.140517 -0.533336 -0.220916 0.00900583
-108.312 25.6016 167.513 0.475646 0.166507 -0.533336 -0.220916 0.00900583
-106.442 22.0685 191.546 0.460345 0.140517 -0.533336 -0.220916 0.00900583
-108.312 25.6016 167.513 0.475646 0.166507 -0.533336 -0.220916 0.00900583
-106.848 22.0685 167.513 0.460345 0.166507 -0.533336 -0.220916 0.00900583
-107.906 25.6016 191.546 0.475646 0.140517 -0.533336 0.220916 0.00900586
-106.442 29.1346 191.546 0.486466 0.140517 -0.533336 0.220916 0.00900586
-106.848 29.1346 167.513 0.486466 0.166507 -0.533336 0.220916 0.00900586
-107.906 25.6016 191.546 0.475646 0.140517 -0.533336 0.220916 0.00900586
-106.848 29.1346 167.513 0.486466 0.166507 -0.533336 0.220916 0.00900586
-108.312 25.6016 167.513 0.475646 0.166507 -0.533336 0.220916 0.00900586
-106.442 29.1346 191.546 0.512586 0.140517 -0.220937 0.533391 0.00373076
-102.909 30.5981 191.546 0.501767 0.140517 -0.220937 0.533391 0.00373076
-103.315 30.5981 167.513 0.501767 0.114528 -0.220937 0.533391 0.00373076
-106.442 29.1346 191.546 0.512586 0.140517 -0.220937 0.533391 0.00373076
-103.315 30.5981 167.513 0.501767 0.114528 -0.220937 0.533391 0.00373076
-106.848 29.1346 167.513 0.512586 0.114528 -0.220937 0.533391 0.00373076
-106.848 29.1346 202.488 0.512586 0.166507 -0.22092 0.533349 -0.00819317
-102.909 30.5981 191.546 0.501767 0.140517 -0.220937 0.533391 0.00373076
-106.442 29.1346 191.546 0.512586 0.140517 -0.220937 0.533391 0.00373076
-106.848 29.1346 202.488 0.512586 0.166507 -0.22092 0.533349 -0.00819317
-103.315 30.5981 202.488 0.501767 0.166507 -0.22092 0.533349 -0.00819317
-102.909 30.5981 191.546 0.501767 0.140517 -0.220937 0.533391 0.00373076
-99.7821 29.1346 167.513 0.486466 0.280113 0 1.18816e-07 -0.577351
-98.3186 25.6016 167.513 0.486466 0.300004 0 1.18816e-07 -0.577351
-99.7821 22.0685 167.513 0.475646 0.31407 0 1.18816e-07 -0.577351
-99.7821 22.0685 167.513 0.475646 0.31407 0 1.18816e-07 -0.577351
-103.315 20.6051 167.513 0.460345 0.31407 0 1.18816e-07 -0.577351
-99.7821 29.1346 167.513 0.486466 0.280113 0 1.18816e-07 -0.577351
-103.315 20.6051 167.513 0.460345 0.31407 0 1.18816e-07 -0.577351
-103.315 30.5981 167.513 0.475646 0.266048 0 1.18816e-07 -0.577351
-99.7821 29.1346 167.513 0.486466 0.280113 0 1.18816e-07 -0.577351
-103.315 20.6051 167.513 0.460345 0.31407 0 1.18816e-07 -0.577351
-106.848 29.1346 167.513 0.460345 0.266048 0 1.18816e-07 -0.577351
-103.315 30.5981 167.513 0.475646 0.266048 0 1.18816e-07 -0.577351
-103.315 20.6051 167.513 0.460345 0.31407 0 1.18816e-07 -0.577351
-106.848 22.0685 167.513 0.449526 0.300004 0 1.18816e-07 -0.577351
-106.848 29.1346 167.513 0.460345 0.266048 0 1.18816e-07 -0.577351
-106.848 22.0685 167.513 0.449526 0.300004 0 1.18816e-07 -0.577351
-108.312 25.6016 167.513 0.449526 0.280113 0 1.18816e-07 -0.577351
-106.848 29.1346 167.513 0.460345 0.266048 0 1.18816e-07 -0.577351
-99.3763 29.1346 191.546 0.449526 0.140517 0.533336 0.220916 -0.00900583
-97.9128 25.6016 191.546 0.438706 0.140517 0.533336 0.220916 -0.00900583
-98.3186 25.6016 167.513 0.438706 0.114528 0.533336 0.220916 -0.00900583
-99.3763 29.1346 191.546 0.449526 0.140517 0.533336 0.220916 -0.00900583
-98.3186 25.6016 167.513 0.438706 0.114528 0.533336 0.220916 -0.00900583
-99.7821 29.1346 167.513 0.449526 0.114528 0.533336 0.220916 -0.00900583
-102.909 30.5981 191.546 0.501767 0.140517 0.220937 0.533391 -0.00373068
-99.3763 29.1346 191.546 0.486466 0.140517 0.220937 0.533391 -0.00373068
-99.7821 29.1346 167.513 0.486466 0.114528 0.220937 0.533391 -0.00373068
-102.909 30.5981 191.546 0.501767 0.140517 0.220937 0.533391 -0.00373068
-99.7821 29.1346 167.513 0.486466 0.114528 0.220937 0.533391 -0.00373068
-103.315 30.5981 167.513 0.501767 0.114528 0.220937 0.533391 -0.00373068
-103.315 30.5981 202.488 0.501767 0.166507 0.22092 0.533349 0.00819316
-99.3763 29.1346 191.546 0.486466 0.140517 0.220937 0.533391 -0.00373068
-102.909 30.5981 191.546 0.501767 0.140517 0.220937 0.533391 -0.00373068
-103.315 30.5981 202.488 0.501767 0.166507 0.22092 0.533349 0.00819316
-99.7821 29.1346 202.488 0.486466 0.166507 0.22092 0.533349 0.00819316
-99.3763 29.1346 191.546 0.486466 0.140517 0.220937 0.533391 -0.00373068
-99.7821 22.0685 202.488 0.412586 0.300004 0 5.9408e-08 0.577351
-98.3186 25.6016 202.488 0.412586 0.280113 0 5.9408e-08 0.577351
-99.7821 29.1346 202.488 0.423405 0.266048 0 5.9408e-08 0.577351
-99.7821 29.1346 202.488 0.423405 0.266048 0 5.9408e-08 0.577351
-103.315 20.6051 202.488 0.423405 0.31407 0 5.9408e-08 0.577351
-99.7821 22.0685 202.488 0.412586 0.300004 0 5.9408e-08 0.577351
-99.7821 29.1346 202.488 0.423405 0.266048 0 5.9408e-08 0.577351
-103.315 30.5981 202.488 0.438706 0.266048 0 5.9408e-08 0.577351
-103.315 20.6051 202.488 0.423405 0.31407 0 5.9408e-08 0.577351
-103.315 30.5981 202.488 0.438706 0.266048 0 5.9408e-08 0.577351
-106.848 29.1346 202.488 0.449526 0.280113 0 5.9408e-08 0.577351
-103.315 20.6051 202.488 0.423405 0.31407 0 5.9408e-08 0.577351
-106.848 29.1346 202.488 0.449526 0.280113 0 5.9408e-08 0.577351
-106.848 22.0685 202.488 0.438706 0.31407 0 5.9408e-08 0.577351
-103.315 20.6051 202.488 0.423405 0.31407 0 5.9408e-08 0.577351
-106.848 29.1346 202.488 0.449526 0.280113 0 5.9408e-08 0.577351
-108.312 25.6016 202.488 0.449526 0.300004 0 5.9408e-08 0.577351
-106.848 22.0685 202.488 0.438706 0.31407 0 5.9408e-08 0.577351
-93.8883 17.7946 174.606 0.438706 0.140517 0.53311 -0.220822 0.0190773
-95.3517 14.2615 174.606 0.423405 0.140517 0.53311 -0.220822 0.0190773
-95.0979 14.2615 167.513 0.423405 0.114528 0.53311 -0.220822 0.0190773
-93.8883 17.7946 174.606 0.438706 0.140517 0.53311 -0.220822 0.0190773
-95.0979 14.2615 167.513 0.423405 0.114528 0.53311 -0.220822 0.0190773
-93.6344 17.7946 167.513 0.438706 0.114528 0.53311 -0.220822 0.0190773
-93.6344 17.7946 202.488 0.438706 0.166507 0.533382 -0.220935 -0.00485605
-95.3517 14.2615 174.606 0.423405 0.140517 0.53311 -0.220822 0.0190773
-93.8883 17.7946 174.606 0.438706 0.140517 0.53311 -0.220822 0.0190773
-93.6344 17.7946 202.488 0.438706 0.166507 0.533382 -0.220935 -0.00485605
-95.0979 14.2615 202.488 0.423405 0.166507 0.533382 -0.220935 -0.00485605
-95.3517 14.2615 174.606 0.423405 0.140517 0.53311 -0.220822 0.0190773
-95.3517 14.2615 174.606 0.423405 0.140517 0.220921 -0.533352 0.00790557
-98.8848 12.7981 174.606 0.412586 0.140517 0.220921 -0.533352 0.00790557
-98.6309 12.7981 167.513 0.412586 0.114528 0.220921 -0.533352 0.00790557
-95.3517 14.2615 174.606 0.423405 0.140517 0.220921 -0.533352 0.00790557
-98.6309 12.7981 167.513 0.412586 0.114528 0.220921 -0.533352 0.00790557
-95.0979 14.2615 167.513 0.423405 0.114528 0.220921 -0.533352 0.00790557
-95.0979 14.2615 202.488 0.423405 0.166507 0.220941 -0.533399 -0.00201153
-98.8848 12.7981 174.606 0.412586 0.140517 0.220921 -0.533352 0.00790557
-95.3517 14.2615 174.606 0.423405 0.140517 0.220921 -0.533352 0.00790557
-95.0979 14.2615 202.488 0.423405 0.166507 0.220941 -0.533399 -0.00201153
-98.6309 12.7981 202.488 0.412586 0.166507 0.220941 -0.533399 -0.00201153
-98.8848 12.7981 174.606 0.412586 0.140517 0.220921 -0.533352 0.00790557
-98.8848 12.7981 174.606 0.449526 0.140517 -0.220921 -0.533353 -0.00790572
-102.418 14.2615 174.606 0.460345 0.140517 -0.220921 -0.533353 -0.00790572
-102.164 14.2615 167.513 0.460345 0.166507 -0.220921 -0.533353 -0.00790572
-98.8848 12.7981 174.606 0.449526 0.140517 -0.220921 -0.533353 -0.00790572
-102.164 14.2615 167.513 0.460345 0.166507 -0.220921 -0.533353 -0.00790572
-98.6309 12.7981 167.513 0.449526 0.166507 -0.220921 -0.533353 -0.00790572
-98.6309 12.7981 202.488 0.449526 0.114528 -0.220941 -0.533399 0.00201146
-102.418 14.2615 174.606 0.460345 0.140517 -0.220921 -0.533353 -0.00790572
-98.8848 12.7981 174.606 0.449526 0.140517 -0.220921 -0.533353 -0.00790572
-98.6309 12.7981 202.488 0.449526 0.114528 -0.220941 -0.533399 0.00201146
-102.164 14.2615 202.488 0.460345 0.114528 -0.220941 -0.533399 0.00201146
-102.418 14.2615 174.606 0.460345 0.140517 -0.220921 -0.533353 -0.00790572
-102.418 14.2615 174.606 0.460345 0.140517 -0.53311 -0.220822 -0.0190773
-103.881 17.7946 174.606 0.475646 0.140517 -0.53311 -0.220822 -0.0190773
-103.627 17.7946 167.513 0.475646 0.166507 -0.53311 -0.220822 -0.0190773
-102.418 14.2615 174.606 0.460345 0.140517 -0.53311 -0.220822 -0.0190773
-103.627 17.7946 167.513 0.475646 0.166507 -0.53311 -0.220822 -0.0190773
-102.164 14.2615 167.513 0.460345 0.166507 -0.53311 -0.220822 -0.0190773
-102.164 14.2615 202.488 0.460345 0.114528 -0.533382 -0.220935 0.00485604
-103.881 17.7946 174.606 0.475646 0.140517 -0.53311 -0.220822 -0.0190773
-102.418 14.2615 174.606 0.460345 0.140517 -0.53311 -0.220822 -0.0190773
-102.164 14.2615 202.488 0.460345 0.114528 -0.533382 -0.220935 0.00485604
-103.627 17.7946 202.488 0.475646 0.114528 -0.533382 -0.220935 0.00485604
-103.881 17.7946 174.606 0.475646 0.140517 -0.53311 -0.220822 -0.0190773
-103.881 17.7946 174.606 0.475646 0.140517 -0.53311 0.220822 -0.0190773
-102.418 21.3276 174.606 0.486466 0.140517 -0.53311 0.220822 -0.0190773
-102.164 21.3276 167.513 0.486466 0.166507 -0.53311 0.220822 -0.0190773
-103.881 17.7946 174.606 0.475646 0.140517 -0.53311 0.220822 -0.0190773
-102.164 21.3276 167.513 0.486466 0.166507 -0.53311 0.220822 -0.0190773
-103.627 17.7946 167.513 0.475646 0.166507 -0.53311 0.220822 -0.0190773
-103.627 17.7946 202.488 0.475646 0.114528 -0.533382 0.220935 0.00485607
-102.418 21.3276 174.606 0.486466 0.140517 -0.53311 0.220822 -0.0190773
-103.881 17.7946 174.606 0.475646 0.140517 -0.53311 0.220822 -0.0190773
-103.627 17.7946 202.488 0.475646 0.114528 -0.533382 0.220935 0.00485607
-102.164 21.3276 202.488 0.486466 0.114528 -0.533382 0.220935 0.00485607
-102.418 21.3276 174.606 0.486466 0.140517 -0.53311 0.220822 -0.0190773
-102.418 21.3276 174.606 0.512586 0.140517 -0.220921 0.533353 -0.00790558
-98.8848 22.791 174.606 0.501767 0.140517 -0.220921 0.533353 -0.00790558
-98.6309 22.791 167.513 0.501767 0.114528 -0.220921 0.533353 -0.00790558
-102.418 21.3276 174.606 0.512586 0.140517 -0.220921 0.533353 -0.00790558
-98.6309 22.791 167.513 0.501767 0.114528 -0.220921 0.533353 -0.00790558
-102.164 21.3276 167.513 0.512586 0.114528 -0.220921 0.533353 -0.00790558
-102.164 21.3276 202.488 0.512586 0.166507 -0.220941 0.533399 0.00201154
-98.8848 22.791 174.606 0.501767 0.140517 -0.220921 0.533353 -0.00790558
-102.418 21.3276 174.606 0.512586 0.140517 -0.220921 0.533353 -0.00790558
-102.164 21.3276 202.488 0.512586 0.166507 -0.220941 0.533399 0.00201154
-98.6309 22.791 202.488 0.501767 0.166507 -0.220941 0.533399 0.00201154
-98.8848 22.791 174.606 0.501767 0.140517 -0.220921 0.533353 -0.00790558
-95.0979 21.3276 167.513 0.486466 0.280113 0 0 -0.577351
-93.6344 17.7946 167.513 0.486466 0.300004 0 0 -0.577351
-95.0979 14.2615 167.513 0.475646 0.31407 0 0 -0.577351
-95.0979 14.2615 167.513 0.475646 0.31407 0 0 -0.577351
-98.6309 22.791 167.513 0.475646 0.266048 0 0 -0.577351
-95.0979 21.3276 167.513 0.486466 0.280113 0 0 -0.577351
-95.0979 14.2615 167.513 0.475646 0.31407 0 0 -0.577351
-98.6309 12.7981 167.513 0.460345 0.31407 0 0 -0.577351
-98.6309 22.791 167.513 0.475646 0.266048 0 0 -0.577351
-98.6309 12.7981 167.513 0.460345 0.31407 0 0 -0.577351
-102.164 21.3276 167.513 0.460345 0.266048 0 0 -0.577351
-98.6309 22.791 167.513 0.475646 0.266048 0 0 -0.577351
-98.6309 12.7981 167.513 0.460345 0.31407 0 0 -0.577351
-102.164 14.2615 167.513 0.449526 0.300004 0 0 -0.577351
-102.164 21.3276 167.513 0.460345 0.266048 0 0 -0.577351
-102.164 14.2615 167.513 0.449526 0.300004 0 0 -0.577351
-103.627 17.7946 167.513 0.449526 0.280113 0 0 -0.577351
-102.164 21.3276 167.513 0.460345 0.266048 0 0 -0.577351
-95.3517 21.3276 174.606 0.449526 0.140517 0.53311 0.220822 0.0190774
-93.8883 17.7946 174.606 0.438706 0.140517 0.53311 0.220822 0.0190774
-93.6344 17.7946 167.513 0.438706 0.114528 0.53311 0.220822 0.0190774
-95.3517 21.3276 174.606 0.449526 0.140517 0.53311 0.220822 0.0190774
-93.6344 17.7946 167.513 0.438706 0.114528 0.53311 0.220822 0.0190774
-95.0979 21.3276 167.513 0.449526 0.114528 0.53311 0.220822 0.0190774
-95.0979 21.3276 202.488 0.449526 0.166507 0.533382 0.220935 -0.00485604
-93.8883 17.7946 174.606 0.438706 0.140517 0.53311 0.220822 0.0190774
-95.3517 21.3276 174.606 0.449526 0.140517 0.53311 0.220822 0.0190774
-95.0979 21.3276 202.488 0.449526 0.166507 0.533382 0.220935 -0.00485604
-93.6344 17.7946 202.488 0.438706 0.166507 0.533382 0.220935 -0.00485604
-93.8883 17.7946 174.606 0.438706 0.140517 0.53311 0.220822 0.0190774
-98.8848 22.791 174.606 0.501767 0.140517 0.220921 0.533353 0.0079057
-95.3517 21.3276 174.606 0.486466 0.140517 0.220921 0.533353 0.0079057
-95.0979 21.3276 167.513 0.486466 0.114528 0.220921 0.533353 0.0079057
-98.8848 22.791 174.606 0.501767 0.140517 0.220921 0.533353 0.0079057
-95.0979 21.3276 167.513 0.486466 0.114528 0.220921 0.533353 0.0079057
-98.6309 22.791 167.513 0.501767 0.114528 0.220921 0.533353 0.0079057
-98.6309 22.791 202.488 0.501767 0.166507 0.220941 0.533399 -0.00201145
-95.3517 21.3276 174.606 0.486466 0.140517 0.220921 0.533353 0.0079057
-98.8848 22.791 174.606 0.501767 0.140517 0.220921 0.533353 0.0079057
-98.6309 22.791 202.488 0.501767 0.166507 0.220941 0.533399 -0.00201145
-95.0979 21.3276 202.488 0.486466 0.166507 0.220941 0.533399 -0.00201145
-95.3517 21.3276 174.606 0.486466 0.140517 0.220921 0.533353 0.0079057
-95.0979 14.2615 202.488 0.412586 0.300004 0 0 0.577351
-93.6344 17.7946 202.488 0.412586 0.280113 0 0 0.577351
-95.0979 21.3276 202.488 0.423405 0.266048 0 0 0.577351
-95.0979 21.3276 202.488 0.423405 0.266048 0 0 0.577351
-98.6309 12.7981 202.488 0.423405 0.31407 0 0 0.577351
-95.0979 14.2615 202.488 0.412586 0.300004 0 0 0.577351
-95.0979 21.3276 202.488 0.423405 0.266048 0 0 0.577351
-98.6309 22.791 202.488 0.438706 0.266048 0 0 0.577351
-98.6309 12.7981 202.488 0.423405 0.31407 0 0 0.577351
-98.6309 22.791 202.488 0.438706 0.266048 0 0 0.577351
-102.164 14.2615 202.488 0.438706 0.31407 0 0 0.577351
-98.6309 12.7981 202.488 0.423405 0.31407 0 0 0.577351
-98.6309 22.791 202.488 0.438706 0.266048 0 0 0.577351
-102.164 21.3276 202.488 0.449526 0.280113 0 0 0.577351
-102.164 14.2615 202.488 0.438706 0.31407 0 0 0.577351
-102.164 21.3276 202.488 0.449526 0.280113 0 0 0.577351
-103.627 17.7946 202.488 0.449526 0.300004 0 0 0.577351
-102.164 14.2615 202.488 0.438706 0.31407 0 0 0.577351
-103.003 17.7946 202.488 0.438706 0.166507 0.533401 -0.220942 -0
-104.466 14.2615 202.488 0.423405 0.166507 0.533401 -0.220942 -0
-104.466 14.2615 167.513 0.423405 0.114528 0.533401 -0.220942 -0
-103.003 17.7946 202.488 0.438706 0.166507 0.533401 -0.220942 -0
-104.466 14.2615 167.513 0.423405 0.114528 0.533401 -0.220942 -0
-103.003 17.7946 167.513 0.438706 0.114528 0.533401 -0.220942 -0
-104.466 14.2615 202.488 0.423405 0.166507 0.220942 -0.533403 -0
-107.999 12.7981 202.488 0.412586 0.166507 0.220942 -0.533403 -0
-107.999 12.7981 167.513 0.412586 0.114528 0.220942 -0.533403 -0
-104.466 14.2615 202.488 0.423405 0.166507 0.220942 -0.533403 -0
-107.999 12.7981 167.513 0.412586 0.114528 0.220942 -0.533403 -0
-104.466 14.2615 167.513 0.423405 0.114528 0.220942 -0.533403 -0
-107.999 12.7981 202.488 0.449526 0.114528 -0.220942 -0.533403 -0
-111.532 14.2615 202.488 0.460345 0.114528 -0.220942 -0.533403 -0
-111.532 14.2615 167.513 0.460345 0.166507 -0.220942 -0.533403 -0
-107.999 12.7981 202.488 0.449526 0.114528 -0.220942 -0.533403 -0
-111.532 14.2615 167.513 0.460345 0.166507 -0.220942 -0.533403 -0
-107.999 12.7981 167.513 0.449526 0.166507 -0.220942 -0.533403 -0
-111.532 14.2615 202.488 0.460345 0.114528 -0.533401 -0.220943 -0
-112.996 17.7946 202.488 0.475646 0.114528 -0.533401 -0.220943 -0
-112.996 17.7946 167.513 0.475646 0.166507 -0.533401 -0.220943 -0
-111.532 14.2615 202.488 0.460345 0.114528 -0.533401 -0.220943 -0
-112.996 17.7946 167.513 0.475646 0.166507 -0.533401 -0.220943 -0
-111.532 14.2615 167.513 0.460345 0.166507 -0.533401 -0.220943 -0
-112.996 17.7946 202.488 0.475646 0.114528 -0.533401 0.220943 -0
-111.532 21.3276 202.488 0.486466 0.114528 -0.533401 0.220943 -0
-111.532 21.3276 167.513 0.486466 0.166507 -0.533401 0.220943 -0
-112.996 17.7946 202.488 0.475646 0.114528 -0.533401 0.220943 -0
-111.532 21.3276 167.513 0.486466 0.166507 -0.533401 0.220943 -0
-112.996 17.7946 167.513 0.475646 0.166507 -0.533401 0.220943 -0
-111.532 21.3276 202.488 0.512586 0.166507 -0.220942 0.533403 -0
-107.999 22.791 202.488 0.501767 0.166507 -0.220942 0.533403 -0
-107.999 22.791 167.513 0.501767 0.114528 -0.220942 0.533403 -0
-111.532 21.3276 202.488 0.512586 0.166507 -0.220942 0.533403 -0
-107.999 22.791 167.513 0.501767 0.114528 -0.220942 0.533403 -0
-111.532 21.3276 167.513 0.512586 0.114528 -0.220942 0.533403 -0
-104.466 21.3276 167.513 0.486466 0.280113 0 0 -0.577351
-103.003 17.7946 167.513 0.486466 0.300004 0 0 -0.577351
-104.466 14.2615 167.513 0.475646 0.31407 0 0 -0.577351
-104.466 14.2615 167.513 0.475646 0.31407 0 0 -0.577351
-107.999 12.7981 167.513 0.460345 0.31407 0 0 -0.577351
-104.466 21.3276 167.513 0.486466 0.280113 0 0 -0.577351
-107.999 12.7981 167.513 0.460345 0.31407 0 0 -0.577351
-107.999 22.791 167.513 0.475646 0.266048 0 0 -0.577351
-104.466 21.3276 167.513 0.486466 0.280113 0 0 -0.577351
-107.999 12.7981 167.513 0.460345 0.31407 0 0 -0.577351
-111.532 21.3276 167.513 0.460345 0.266048 0 0 -0.577351
-107.999 22.791 167.513 0.475646 0.266048 0 0 -0.577351
-107.999 12.7981 167.513 0.460345 0.31407 0 0 -0.577351
-111.532 14.2615 167.513 0.449526 0.300004 0 0 -0.577351
-111.532 21.3276 167.513 0.460345 0.266048 0 0 -0.577351
-111.532 14.2615 167.513 0.449526 0.300004 0 0 -0.577351
-112.996 17.7946 167.513 0.449526 0.280113 0 0 -0.577351
-111.532 21.3276 167.513 0.460345 0.266048 0 0 -0.577351
-104.466 21.3276 202.488 0.449526 0.166507 0.533401 0.220942 -0
-103.003 17.7946 202.488 0.438706 0.166507 0.533401 0.220942 -0
-103.003 17.7946 167.513 0.438706 0.114528 0.533401 0.220942 -0
-104.466 21.3276 202.488 0.449526 0.166507 0.533401 0.220942 -0
-103.003 17.7946 167.513 0.438706 0.114528 0.533401 0.220942 -0
-104.466 21.3276 167.513 0.449526 0.114528 0.533401 0.220942 -0
-107.999 22.791 202.488 0.501767 0.166507 0.220942 0.533403 -0
-104.466 21.3276 202.488 0.486466 0.166507 0.220942 0.533403 -0
-104.466 21.3276 167.513 0.486466 0.114528 0.220942 0.533403 -0
-107.999 22.791 202.488 0.501767 0.166507 0.220942 0.533403 -0
-104.466 21.3276 167.513 0.486466 0.114528 0.220942 0.533403 -0
-107.999 22.791 167.513 0.501767 0.114528 0.220942 0.533403 -0
-104.466 14.2615 202.488 0.412586 0.300004 0 -5.9408e-08 0.577351
-103.003 17.7946 202.488 0.412586 0.280113 0 -5.9408e-08 0.577351
-104.466 21.3276 202.488 0.423405 0.266048 0 -5.9408e-08 0.577351
-104.466 21.3276 202.488 0.423405 0.266048 0 -5.9408e-08 0.577351
-107.999 12.7981 202.488 0.423405 0.31407 0 -5.9408e-08 0.577351
-104.466 14.2615 202.488 0.412586 0.300004 0 -5.9408e-08 0.577351
-104.466 21.3276 202.488 0.423405 0.266048 0 -5.9408e-08 0.577351
-107.999 22.791 202.488 0.438706 0.266048 0 -5.9408e-08 0.577351
-107.999 12.7981 202.488 0.423405 0.31407 0 -5.9408e-08 0.577351
-107.999 22.791 202.488 0.438706 0.266048 0 -5.9408e-08 0.577351
-111.532 21.3276 202.488 0.449526 0.280113 0 -5.9408e-08 0.577351
-107.999 12.7981 202.488 0.423405 0.31407 0 -5.9408e-08 0.577351
-111.532 21.3276 202.488 0.449526 0.280113 0 -5.9408e-08 0.577351
-111.532 14.2615 202.488 0.438706 0.31407 0 -5.9408e-08 0.577351
-107.999 12.7981 202.488 0.423405 0.31407 0 -5.9408e-08 0.577351
-111.532 21.3276 202.488 0.449526 0.280113 0 -5.9408e-08 0.577351
-112.996 17.7946 202.488 0.449526 0.300004 0 -5.9408e-08 0.577351
-111.532 14.2615 202.488 0.438706 0.31407 0 -5.9408e-08 0.577351
-111.8 17.7946 185 0.438706 0.140517 0.533158 -0.220842 -0.0174246
-113.263 14.2615 185 0.423405 0.140517 0.533158 -0.220842 -0.0174246
-113.835 14.2615 167.513 0.423405 0.114528 0.533158 -0.220842 -0.0174246
-111.8 17.7946 185 0.438706 0.140517 0.533158 -0.220842 -0.0174246
-113.835 14.2615 167.513 0.423405 0.114528 0.533158 -0.220842 -0.0174246
-112.371 17.7946 167.513 0.438706 0.114528 0.533158 -0.220842 -0.0174246
-113.263 14.2615 185 0.423405 0.140517 0.220925 -0.533361 -0.00722024
-116.796 12.7981 185 0.412586 0.140517 0.220925 -0.533361 -0.00722024
-117.368 12.7981 167.513 0.412586 0.114528 0.220925 -0.533361 -0.00722024
-113.263 14.2615 185 0.423405 0.140517 0.220925 -0.533361 -0.00722024
-117.368 12.7981 167.513 0.412586 0.114528 0.220925 -0.533361 -0.00722024
-113.835 14.2615 167.513 0.423405 0.114528 0.220925 -0.533361 -0.00722024
-113.835 14.2615 202.488 0.423405 0.166507 0.220925 -0.533361 0.00722014
-116.796 12.7981 185 0.412586 0.140517 0.220925 -0.533361 -0.00722024
-113.263 14.2615 185 0.423405 0.140517 0.220925 -0.533361 -0.00722024
-113.835 14.2615 202.488 0.423405 0.166507 0.220925 -0.533361 0.00722014
-117.368 12.7981 202.488 0.412586 0.166507 0.220925 -0.533361 0.00722014
-116.796 12.7981 185 0.412586 0.140517 0.220925 -0.533361 -0.00722024
-116.796 12.7981 185 0.449526 0.140517 -0.220925 -0.533361 0.00722019
-120.329 14.2615 185 0.460345 0.140517 -0.220925 -0.533361 0.00722019
-120.901 14.2615 167.513 0.460345 0.166507 -0.220925 -0.533361 0.00722019
-116.796 12.7981 185 0.449526 0.140517 -0.220925 -0.533361 0.00722019
-120.901 14.2615 167.513 0.460345 0.166507 -0.220925 -0.533361 0.00722019
-117.368 12.7981 167.513 0.449526 0.166507 -0.220925 -0.533361 0.00722019
-117.368 12.7981 202.488 0.449526 0.114528 -0.220925 -0.533361 -0.00722025
-120.329 14.2615 185 0.460345 0.140517 -0.220925 -0.533361 0.00722019
-116.796 12.7981 185 0.449526 0.140517 -0.220925 -0.533361 0.00722019
-117.368 12.7981 202.488 0.449526 0.114528 -0.220925 -0.533361 -0.00722025
-120.901 14.2615 202.488 0.460345 0.114528 -0.220925 -0.533361 -0.00722025
-120.329 14.2615 185 0.460345 0.140517 -0.220925 -0.533361 0.00722019
-120.329 14.2615 185 0.460345 0.140517 -0.533158 -0.220842 0.0174246
-121.793 17.7946 185 0.475646 0.140517 -0.533158 -0.220842 0.0174246
-122.364 17.7946 167.513 0.475646 0.166507 -0.533158 -0.220842 0.0174246
-120.329 14.2615 185 0.460345 0.140517 -0.533158 -0.220842 0.0174246
-122.364 17.7946 167.513 0.475646 0.166507 -0.533158 -0.220842 0.0174246
-120.901 14.2615 167.513 0.460345 0.166507 -0.533158 -0.220842 0.0174246
-121.793 17.7946 185 0.475646 0.140517 -0.533158 0.220842 0.0174246
-120.329 21.3276 185 0.486466 0.140517 -0.533158 0.220842 0.0174246
-120.901 21.3276 167.513 0.486466 0.166507 -0.533158 0.220842 0.0174246
-121.793 17.7946 185 0.475646 0.140517 -0.533158 0.220842 0.0174246
-120.901 21.3276 167.513 0.486466 0.166507 -0.533158 0.220842 0.0174246
-122.364 17.7946 167.513 0.475646 0.166507 -0.533158 0.220842 0.0174246
-120.329 21.3276 185 0.512586 0.140517 -0.220925 0.533361 0.00722026
-116.796 22.791 185 0.501767 0.140517 -0.220925 0.533361 0.00722026
-117.368 22.791 167.513 0.501767 0.114528 -0.220925 0.533361 0.00722026
-120.329 21.3276 185 0.512586 0.140517 -0.220925 0.533361 0.00722026
-117.368 22.791 167.513 0.501767 0.114528 -0.220925 0.533361 0.00722026
-120.901 21.3276 167.513 0.512586 0.114528 -0.220925 0.533361 0.00722026
-120.901 21.3276 202.488 0.512586 0.166507 -0.220925 0.533361 -0.00722014
-116.796 22.791 185 0.501767 0.140517 -0.220925 0.533361 0.00722026
-120.329 21.3276 185 0.512586 0.140517 -0.220925 0.533361 0.00722026
-120.901 21.3276 202.488 0.512586 0.166507 -0.220925 0.533361 -0.00722014
-117.368 22.791 202.488 0.501767 0.166507 -0.220925 0.533361 -0.00722014
-116.796 22.791 185 0.501767 0.140517 -0.220925 0.533361 0.00722026
-113.835 21.3276 167.513 0.486466 0.280113 0 0 -0.577351
-112.371 17.7946 167.513 0.486466 0.300004 0 0 -0.577351
-113.835 14.2615 167.513 0.475646 0.31407 0 0 -0.577351
-113.835 14.2615 167.513 0.475646 0.31407 0 0 -0.577351
-117.368 12.7981 167.513 0.460345 0.31407 0 0 -0.577351
-113.835 21.3276 167.513 0.486466 0.280113 0 0 -0.577351
-117.368 12.7981 167.513 0.460345 0.31407 0 0 -0.577351
-117.368 22.791 167.513 0.475646 0.266048 0 0 -0.577351
-113.835 21.3276 167.513 0.486466 0.280113 0 0 -0.577351
-117.368 12.7981 167.513 0.460345 0.31407 0 0 -0.577351
-120.901 21.3276 167.513 0.460345 0.266048 0 0 -0.577351
-117.368 22.791 167.513 0.475646 0.266048 0 0 -0.577351
-117.368 12.7981 167.513 0.460345 0.31407 0 0 -0.577351
-120.901 14.2615 167.513 0.449526 0.300004 0 0 -0.577351
-120.901 21.3276 167.513 0.460345 0.266048 0 0 -0.577351
-120.901 14.2615 167.513 0.449526 0.300004 0 0 -0.577351
-122.364 17.7946 167.513 0.449526 0.280113 0 0 -0.577351
-120.901 21.3276 167.513 0.460345 0.266048 0 0 -0.577351
-113.263 21.3276 185 0.449526 0.140517 0.533158 0.220842 -0.0174246
-111.8 17.7946 185 0.438706 0.140517 0.533158 0.220842 -0.0174246
-112.371 17.7946 167.513 0.438706 0.114528 0.533158 0.220842 -0.0174246
-113.263 21.3276 185 0.449526 0.140517 0.533158 0.220842 -0.0174246
-112.371 17.7946 167.513 0.438706 0.114528 0.533158 0.220842 -0.0174246
-113.835 21.3276 167.513 0.449526 0.114528 0.533158 0.220842 -0.0174246
-116.796 22.791 185 0.501767 0.140517 0.220925 0.533361 -0.00722018
-113.263 21.3276 185 0.486466 0.140517 0.220925 0.533361 -0.00722018
-113.835 21.3276 167.513 0.486466 0.114528 0.220925 0.533361 -0.00722018
-116.796 22.791 185 0.501767 0.140517 0.220925 0.533361 -0.00722018
-113.835 21.3276 167.513 0.486466 0.114528 0.220925 0.533361 -0.00722018
-117.368 22.791 167.513 0.501767 0.114528 0.220925 0.533361 -0.00722018
-117.368 22.791 202.488 0.501767 0.166507 0.220925 0.533361 0.00722024
-113.263 21.3276 185 0.486466 0.140517 0.220925 0.533361 -0.00722018
-116.796 22.791 185 0.501767 0.140517 0.220925 0.533361 -0.00722018
-117.368 22.791 202.488 0.501767 0.166507 0.220925 0.533361 0.00722024
-113.835 21.3276 202.488 0.486466 0.166507 0.220925 0.533361 0.00722024
-113.263 21.3276 185 0.486466 0.140517 0.220925 0.533361 -0.00722018
-113.835 14.2615 202.488 0.412586 0.300004 0 5.9408e-08 0.577351
-112.371 17.7946 202.488 0.412586 0.280113 0 5.9408e-08 0.577351
-113.835 21.3276 202.488 0.423405 0.266048 0 5.9408e-08 0.577351
-113.835 21.3276 202.488 0.423405 0.266048 0 5.9408e-08 0.577351
-117.368 12.7981 202.488 0.423405 0.31407 0 5.9408e-08 0.577351
-113.835 14.2615 202.488 0.412586 0.300004 0 5.9408e-08 0.577351
-113.835 21.3276 202.488 0.423405 0.266048 0 5.9408e-08 0.577351
-117.368 22.791 202.488 0.438706 0.266048 0 5.9408e-08 0.577351
-117.368 12.7981 202.488 0.423405 0.31407 0 5.9408e-08 0.577351
-117.368 22.791 202.488 0.438706 0.266048 0 5.9408e-08 0.577351
-120.901 14.2615 202.488 0.438706 0.31407 0 5.9408e-08 0.577351
-117.368 12.7981 202.488 0.423405 0.31407 0 5.9408e-08 0.577351
-117.368 22.791 202.488 0.438706 0.266048 0 5.9408e-08 0.577351
-120.901 21.3276 202.488 0.449526 0.280113 0 5.9408e-08 0.577351
-120.901 14.2615 202.488 0.438706 0.31407 0 5.9408e-08 0.577351
-120.901 21.3276 202.488 0.449526 0.280113 0 5.9408e-08 0.577351
-122.364 17.7946 202.488 0.449526 0.300004 0 5.9408e-08 0.577351
-120.901 14.2615 202.488 0.438706 0.31407 0 5.9408e-08 0.577351
-113.835 21.3276 202.488 0.449526 0.166507 0.533158 0.220842 0.0174245
-112.371 17.7946 202.488 0.438706 0.166507 0.533158 0.220842 0.0174245
-111.8 17.7946 185 0.438706 0.140517 0.533158 0.220842 0.0174245
-113.835 21.3276 202.488 0.449526 0.166507 0.533158 0.220842 0.0174245
-111.8 17.7946 185 0.438706 0.140517 0.533158 0.220842 0.0174245
-113.263 21.3276 185 0.449526 0.140517 0.533158 0.220842 0.0174245
-122.364 17.7946 202.488 0.475646 0.114528 -0.533158 0.220842 -0.0174245
-120.901 21.3276 202.488 0.486466 0.114528 -0.533158 0.220842 -0.0174245
-120.329 21.3276 185 0.486466 0.140517 -0.533158 0.220842 -0.0174245
-122.364 17.7946 202.488 0.475646 0.114528 -0.533158 0.220842 -0.0174245
-120.329 21.3276 185 0.486466 0.140517 -0.533158 0.220842 -0.0174245
-121.793 17.7946 185 0.475646 0.140517 -0.533158 0.220842 -0.0174245
-120.901 14.2615 202.488 0.460345 0.114528 -0.533158 -0.220842 -0.0174246
-122.364 17.7946 202.488 0.475646 0.114528 -0.533158 -0.220842 -0.0174246
-121.793 17.7946 185 0.475646 0.140517 -0.533158 -0.220842 -0.0174246
-120.901 14.2615 202.488 0.460345 0.114528 -0.533158 -0.220842 -0.0174246
-121.793 17.7946 185 0.475646 0.140517 -0.533158 -0.220842 -0.0174246
-120.329 14.2615 185 0.460345 0.140517 -0.533158 -0.220842 -0.0174246
-112.371 17.7946 202.488 0.438706 0.166507 0.533158 -0.220842 0.0174245
-113.835 14.2615 202.488 0.423405 0.166507 0.533158 -0.220842 0.0174245
-113.263 14.2615 185 0.423405 0.140517 0.533158 -0.220842 0.0174245
-112.371 17.7946 202.488 0.438706 0.166507 0.533158 -0.220842 0.0174245
-113.263 14.2615 185 0.423405 0.140517 0.533158 -0.220842 0.0174245
-111.8 17.7946 185 0.438706 0.140517 0.533158 -0.220842 0.0174245
-107.999 38.4051 202.488 0.501767 0.166507 0.220914 0.533334 0.00922534
-104.466 36.9417 202.488 0.486466 0.166507 0.220914 0.533334 0.00922534
-104.466 37.0929 193.744 0.486466 0.153512 0.220914 0.533334 0.00922534
-107.999 38.4051 202.488 0.501767 0.166507 0.220914 0.533334 0.00922534
-104.466 37.0929 193.744 0.486466 0.153512 0.220914 0.533334 0.00922534
-107.999 38.5563 193.744 0.501767 0.153512 0.220914 0.533334 0.00922534
-107.999 38.5563 193.744 0.501767 0.153512 0.220798 0.533055 -0.0208296
-104.466 37.0929 193.744 0.486466 0.153512 0.220798 0.533055 -0.0208296
-104.196 36.6392 185 0.486466 0.140517 0.220798 0.533055 -0.0208296
-107.999 38.5563 193.744 0.501767 0.153512 0.220798 0.533055 -0.0208296
-104.196 36.6392 185 0.486466 0.140517 0.220798 0.533055 -0.0208296
-107.729 38.1026 185 0.501767 0.140517 0.220798 0.533055 -0.0208296
-107.729 38.1026 185 0.501767 0.140517 0.220798 0.533055 0.0208296
-104.196 36.6392 185 0.486466 0.140517 0.220798 0.533055 0.0208296
-104.466 37.0929 176.257 0.486466 0.127523 0.220798 0.533055 0.0208296
-107.729 38.1026 185 0.501767 0.140517 0.220798 0.533055 0.0208296
-104.466 37.0929 176.257 0.486466 0.127523 0.220798 0.533055 0.0208296
-107.999 38.5563 176.257 0.501767 0.127523 0.220798 0.533055 0.0208296
-111.532 36.9417 202.488 0.512586 0.166507 -0.220914 0.533334 0.00922535
-107.999 38.4051 202.488 0.501767 0.166507 -0.220914 0.533334 0.00922535
-107.999 38.5563 193.744 0.501767 0.153512 -0.220914 0.533334 0.00922535
-111.532 36.9417 202.488 0.512586 0.166507 -0.220914 0.533334 0.00922535
-107.999 38.5563 193.744 0.501767 0.153512 -0.220914 0.533334 0.00922535
-111.532 37.0929 193.744 0.512586 0.153512 -0.220914 0.533334 0.00922535
-111.532 37.0929 193.744 0.512586 0.153512 -0.220548 0.532452 -0.0344539
-107.999 38.5563 193.744 0.501767 0.153512 -0.220548 0.532452 -0.0344539
-107.729 38.1026 185 0.501767 0.140517 -0.220548 0.532452 -0.0344539
-111.532 37.0929 193.744 0.512586 0.153512 -0.220548 0.532452 -0.0344539
-107.729 38.1026 185 0.501767 0.140517 -0.220548 0.532452 -0.0344539
-111.262 36.6392 185 0.512586 0.140517 -0.220548 0.532452 -0.0344539
-111.262 36.6392 185 0.512586 0.140517 -0.220548 0.532452 0.034454
-107.729 38.1026 185 0.501767 0.140517 -0.220548 0.532452 0.034454
-107.999 38.5563 176.257 0.501767 0.127523 -0.220548 0.532452 0.034454
-111.262 36.6392 185 0.512586 0.140517 -0.220548 0.532452 0.034454
-107.999 38.5563 176.257 0.501767 0.127523 -0.220548 0.532452 0.034454
-111.532 37.0929 176.257 0.512586 0.127523 -0.220548 0.532452 0.034454
-112.996 33.4086 202.488 0.475646 0.114528 -0.53339 0.220938 0.00382172
-111.532 36.9417 202.488 0.486466 0.114528 -0.53339 0.220938 0.00382172
-111.532 37.0929 193.744 0.486466 0.127523 -0.53339 0.220938 0.00382172
-112.996 33.4086 202.488 0.475646 0.114528 -0.53339 0.220938 0.00382172
-111.532 37.0929 193.744 0.486466 0.127523 -0.53339 0.220938 0.00382172
-112.996 33.5598 193.744 0.475646 0.127523 -0.53339 0.220938 0.00382172
-112.996 33.5598 193.744 0.475646 0.127523 -0.532776 0.220684 -0.0279362
-111.532 37.0929 193.744 0.486466 0.127523 -0.532776 0.220684 -0.0279362
-111.262 36.6392 185 0.486466 0.140517 -0.532776 0.220684 -0.0279362
-112.996 33.5598 193.744 0.475646 0.127523 -0.532776 0.220684 -0.0279362
-111.262 36.6392 185 0.486466 0.140517 -0.532776 0.220684 -0.0279362
-112.725 33.1061 185 0.475646 0.140517 -0.532776 0.220684 -0.0279362
-112.725 33.1061 185 0.475646 0.140517 -0.532776 0.220684 0.0279363
-111.262 36.6392 185 0.486466 0.140517 -0.532776 0.220684 0.0279363
-111.532 37.0929 176.257 0.486466 0.153512 -0.532776 0.220684 0.0279363
-112.725 33.1061 185 0.475646 0.140517 -0.532776 0.220684 0.0279363
-111.532 37.0929 176.257 0.486466 0.153512 -0.532776 0.220684 0.0279363
-112.996 33.5598 176.257 0.475646 0.153512 -0.532776 0.220684 0.0279363
-107.999 28.4121 202.488 0.449526 0.114528 -0.220914 -0.533334 -0.00922528
-111.532 29.8755 202.488 0.460345 0.114528 -0.220914 -0.533334 -0.00922528
-111.532 30.0268 193.744 0.460345 0.127523 -0.220914 -0.533334 -0.00922528
-107.999 28.4121 202.488 0.449526 0.114528 -0.220914 -0.533334 -0.00922528
-111.532 30.0268 193.744 0.460345 0.127523 -0.220914 -0.533334 -0.00922528
-107.999 28.5634 193.744 0.449526 0.127523 -0.220914 -0.533334 -0.00922528
-107.999 28.5634 193.744 0.449526 0.127523 -0.220798 -0.533055 0.0208296
-111.532 30.0268 193.744 0.460345 0.127523 -0.220798 -0.533055 0.0208296
-111.262 29.573 185 0.460345 0.140517 -0.220798 -0.533055 0.0208296
-107.999 28.5634 193.744 0.449526 0.127523 -0.220798 -0.533055 0.0208296
-111.262 29.573 185 0.460345 0.140517 -0.220798 -0.533055 0.0208296
-107.729 28.1096 185 0.449526 0.140517 -0.220798 -0.533055 0.0208296
-107.729 28.1096 185 0.449526 0.140517 -0.220798 -0.533055 -0.0208297
-111.262 29.573 185 0.460345 0.140517 -0.220798 -0.533055 -0.0208297
-111.532 30.0268 176.257 0.460345 0.153512 -0.220798 -0.533055 -0.0208297
-107.729 28.1096 185 0.449526 0.140517 -0.220798 -0.533055 -0.0208297
-111.532 30.0268 176.257 0.460345 0.153512 -0.220798 -0.533055 -0.0208297
-107.999 28.5634 176.257 0.449526 0.153512 -0.220798 -0.533055 -0.0208297
-104.466 29.8755 202.488 0.423405 0.166507 0.220914 -0.533334 -0.00922529
-107.999 28.4121 202.488 0.412586 0.166507 0.220914 -0.533334 -0.00922529
-107.999 28.5634 193.744 0.412586 0.153512 0.220914 -0.533334 -0.00922529
-104.466 29.8755 202.488 0.423405 0.166507 0.220914 -0.533334 -0.00922529
-107.999 28.5634 193.744 0.412586 0.153512 0.220914 -0.533334 -0.00922529
-104.466 30.0268 193.744 0.423405 0.153512 0.220914 -0.533334 -0.00922529
-104.466 30.0268 193.744 0.423405 0.153512 0.220548 -0.532452 0.0344539
-107.999 28.5634 193.744 0.412586 0.153512 0.220548 -0.532452 0.0344539
-107.729 28.1096 185 0.412586 0.140517 0.220548 -0.532452 0.0344539
-104.466 30.0268 193.744 0.423405 0.153512 0.220548 -0.532452 0.0344539
-107.729 28.1096 185 0.412586 0.140517 0.220548 -0.532452 0.0344539
-104.196 29.573 185 0.423405 0.140517 0.220548 -0.532452 0.0344539
-104.196 29.573 185 0.423405 0.140517 0.220548 -0.532452 -0.034454
-107.729 28.1096 185 0.412586 0.140517 0.220548 -0.532452 -0.034454
-107.999 28.5634 176.257 0.412586 0.127523 0.220548 -0.532452 -0.034454
-104.196 29.573 185 0.423405 0.140517 0.220548 -0.532452 -0.034454
-107.999 28.5634 176.257 0.412586 0.127523 0.220548 -0.532452 -0.034454
-104.466 30.0268 176.257 0.423405 0.127523 0.220548 -0.532452 -0.034454
-103.003 33.4086 202.488 0.438706 0.166507 0.53339 -0.220938 -0.00382167
-104.466 29.8755 202.488 0.423405 0.166507 0.53339 -0.220938 -0.00382167
-104.466 30.0268 193.744 0.423405 0.153512 0.53339 -0.220938 -0.00382167
-103.003 33.4086 202.488 0.438706 0.166507 0.53339 -0.220938 -0.00382167
-104.466 30.0268 193.744 0.423405 0.153512 0.53339 -0.220938 -0.00382167
-103.003 33.5598 193.744 0.438706 0.153512 0.53339 -0.220938 -0.00382167
-103.003 33.5598 193.744 0.438706 0.153512 0.532776 -0.220684 0.0279362
-104.466 30.0268 193.744 0.423405 0.153512 0.532776 -0.220684 0.0279362
-104.196 29.573 185 0.423405 0.140517 0.532776 -0.220684 0.0279362
-103.003 33.5598 193.744 0.438706 0.153512 0.532776 -0.220684 0.0279362
-104.196 29.573 185 0.423405 0.140517 0.532776 -0.220684 0.0279362
-102.732 33.1061 185 0.438706 0.140517 0.532776 -0.220684 0.0279362
-102.732 33.1061 185 0.438706 0.140517 0.532776 -0.220684 -0.0279363
-104.196 29.573 185 0.423405 0.140517 0.532776 -0.220684 -0.0279363
-104.466 30.0268 176.257 0.423405 0.127523 0.532776 -0.220684 -0.0279363
-102.732 33.1061 185 0.438706 0.140517 0.532776 -0.220684 -0.0279363
-104.466 30.0268 176.257 0.423405 0.127523 0.532776 -0.220684 -0.0279363
-103.003 33.5598 176.257 0.438706 0.127523 0.532776 -0.220684 -0.0279363
-99.7821 29.1346 202.488 0.449526 0.166507 0.533088 0.220813 0.0197704
-98.3186 25.6016 202.488 0.438706 0.166507 0.533088 0.220813 0.0197704
-97.9128 25.6016 191.546 0.438706 0.140517 0.533088 0.220813 0.0197704
-99.7821 29.1346 202.488 0.449526 0.166507 0.533088 0.220813 0.0197704
-97.9128 25.6016 191.546 0.438706 0.140517 0.533088 0.220813 0.0197704
-99.3763 29.1346 191.546 0.449526 0.140517 0.533088 0.220813 0.0197704
-108.312 25.6016 202.488 0.475646 0.114528 -0.533088 0.220813 -0.0197704
-106.848 29.1346 202.488 0.486466 0.114528 -0.533088 0.220813 -0.0197704
-106.442 29.1346 191.546 0.486466 0.140517 -0.533088 0.220813 -0.0197704
-108.312 25.6016 202.488 0.475646 0.114528 -0.533088 0.220813 -0.0197704
-106.442 29.1346 191.546 0.486466 0.140517 -0.533088 0.220813 -0.0197704
-107.906 25.6016 191.546 0.475646 0.140517 -0.533088 0.220813 -0.0197704
-106.848 22.0685 202.488 0.460345 0.114528 -0.533088 -0.220813 -0.0197705
-108.312 25.6016 202.488 0.475646 0.114528 -0.533088 -0.220813 -0.0197705
-107.906 25.6016 191.546 0.475646 0.140517 -0.533088 -0.220813 -0.0197705
-106.848 22.0685 202.488 0.460345 0.114528 -0.533088 -0.220813 -0.0197705
-107.906 25.6016 191.546 0.475646 0.140517 -0.533088 -0.220813 -0.0197705
-106.442 22.0685 191.546 0.460345 0.140517 -0.533088 -0.220813 -0.0197705
-98.3186 25.6016 202.488 0.438706 0.166507 0.533088 -0.220813 0.0197704
-99.7821 22.0685 202.488 0.423405 0.166507 0.533088 -0.220813 0.0197704
-99.3763 22.0685 191.546 0.423405 0.140517 0.533088 -0.220813 0.0197704
-98.3186 25.6016 202.488 0.438706 0.166507 0.533088 -0.220813 0.0197704
-99.3763 22.0685 191.546 0.423405 0.140517 0.533088 -0.220813 0.0197704
-97.9128 25.6016 191.546 0.438706 0.140517 0.533088 -0.220813 0.0197704
-109.15 29.1346 202.488 0.449526 0.166507 0.532763 0.220678 -0.0282298
-107.687 25.6016 202.488 0.438706 0.166507 0.532763 0.220678 -0.0282298
-108.261 25.6016 191.658 0.438706 0.153512 0.532763 0.220678 -0.0282298
-109.15 29.1346 202.488 0.449526 0.166507 0.532763 0.220678 -0.0282298
-108.261 25.6016 191.658 0.438706 0.153512 0.532763 0.220678 -0.0282298
-109.724 29.1346 191.658 0.449526 0.153512 0.532763 0.220678 -0.0282298
-109.724 29.1346 191.658 0.449526 0.153512 0.533401 0.220942 -0
-108.261 25.6016 191.658 0.438706 0.153512 0.533401 0.220942 -0
-108.261 25.6016 182.915 0.438706 0.140517 0.533401 0.220942 -0
-109.724 29.1346 191.658 0.449526 0.153512 0.533401 0.220942 -0
-108.261 25.6016 182.915 0.438706 0.140517 0.533401 0.220942 -0
-109.724 29.1346 182.915 0.449526 0.140517 0.533401 0.220942 -0
-109.724 29.1346 182.915 0.449526 0.140517 0.533401 0.220942 -0
-108.261 25.6016 182.915 0.438706 0.140517 0.533401 0.220942 -0
-108.261 25.6016 174.171 0.438706 0.127523 0.533401 0.220942 -0
-109.724 29.1346 182.915 0.449526 0.140517 0.533401 0.220942 -0
-108.261 25.6016 174.171 0.438706 0.127523 0.533401 0.220942 -0
-109.724 29.1346 174.171 0.449526 0.127523 0.533401 0.220942 -0
-117.68 25.6016 202.488 0.475646 0.114528 -0.532763 0.220678 0.0282298
-116.217 29.1346 202.488 0.486466 0.114528 -0.532763 0.220678 0.0282298
-116.79 29.1346 191.658 0.486466 0.127523 -0.532763 0.220678 0.0282298
-117.68 25.6016 202.488 0.475646 0.114528 -0.532763 0.220678 0.0282298
-116.79 29.1346 191.658 0.486466 0.127523 -0.532763 0.220678 0.0282298
-118.254 25.6016 191.658 0.475646 0.127523 -0.532763 0.220678 0.0282298
-118.254 25.6016 191.658 0.475646 0.127523 -0.533401 0.220943 -0
-116.79 29.1346 191.658 0.486466 0.127523 -0.533401 0.220943 -0
-116.79 29.1346 182.915 0.486466 0.140517 -0.533401 0.220943 -0
-118.254 25.6016 191.658 0.475646 0.127523 -0.533401 0.220943 -0
-116.79 29.1346 182.915 0.486466 0.140517 -0.533401 0.220943 -0
-118.254 25.6016 182.915 0.475646 0.140517 -0.533401 0.220943 -0
-118.254 25.6016 182.915 0.475646 0.140517 -0.533401 0.220943 -0
-116.79 29.1346 182.915 0.486466 0.140517 -0.533401 0.220943 -0
-116.79 29.1346 174.171 0.486466 0.153512 -0.533401 0.220943 1.09651e-07
-118.254 25.6016 182.915 0.475646 0.140517 -0.533401 0.220943 -0
-116.79 29.1346 174.171 0.486466 0.153512 -0.533401 0.220943 1.09651e-07
-118.254 25.6016 174.171 0.475646 0.153512 -0.533401 0.220943 1.09651e-07
-116.217 22.0685 202.488 0.460345 0.114528 -0.532763 -0.220678 0.0282298
-117.68 25.6016 202.488 0.475646 0.114528 -0.532763 -0.220678 0.0282298
-118.254 25.6016 191.658 0.475646 0.127523 -0.532763 -0.220678 0.0282298
-116.217 22.0685 202.488 0.460345 0.114528 -0.532763 -0.220678 0.0282298
-118.254 25.6016 191.658 0.475646 0.127523 -0.532763 -0.220678 0.0282298
-116.79 22.0685 191.658 0.460345 0.127523 -0.532763 -0.220678 0.0282298
-116.79 22.0685 191.658 0.460345 0.127523 -0.533401 -0.220943 -0
-118.254 25.6016 191.658 0.475646 0.127523 -0.533401 -0.220943 -0
-118.254 25.6016 182.915 0.475646 0.140517 -0.533401 -0.220943 -0
-116.79 22.0685 191.658 0.460345 0.127523 -0.533401 -0.220943 -0
-118.254 25.6016 182.915 0.475646 0.140517 -0.533401 -0.220943 -0
-116.79 22.0685 182.915 0.460345 0.140517 -0.533401 -0.220943 -0
-116.79 22.0685 182.915 0.460345 0.140517 -0.533401 -0.220943 -0
-118.254 25.6016 182.915 0.475646 0.140517 -0.533401 -0.220943 -0
-118.254 25.6016 174.171 0.475646 0.153512 -0.533401 -0.220943 8.61346e-08
-116.79 22.0685 182.915 0.460345 0.140517 -0.533401 -0.220943 -0
-118.254 25.6016 174.171 0.475646 0.153512 -0.533401 -0.220943 8.61346e-08
-116.79 22.0685 174.171 0.460345 0.153512 -0.533401 -0.220943 8.61346e-08
-107.687 25.6016 202.488 0.438706 0.166507 0.532763 -0.220678 -0.0282298
-109.15 22.0685 202.488 0.423405 0.166507 0.532763 -0.220678 -0.0282298
-109.724 22.0685 191.658 0.423405 0.153512 0.532763 -0.220678 -0.0282298
-107.687 25.6016 202.488 0.438706 0.166507 0.532763 -0.220678 -0.0282298
-109.724 22.0685 191.658 0.423405 0.153512 0.532763 -0.220678 -0.0282298
-108.261 25.6016 191.658 0.438706 0.153512 0.532763 -0.220678 -0.0282298
-108.261 25.6016 191.658 0.438706 0.153512 0.533401 -0.220942 -0
-109.724 22.0685 191.658 0.423405 0.153512 0.533401 -0.220942 -0
-109.724 22.0685 182.915 0.423405 0.140517 0.533401 -0.220942 -0
-108.261 25.6016 191.658 0.438706 0.153512 0.533401 -0.220942 -0
-109.724 22.0685 182.915 0.423405 0.140517 0.533401 -0.220942 -0
-108.261 25.6016 182.915 0.438706 0.140517 0.533401 -0.220942 -0
-108.261 25.6016 182.915 0.438706 0.140517 0.533401 -0.220942 -0
-109.724 22.0685 182.915 0.423405 0.140517 0.533401 -0.220942 -0
-109.724 22.0685 174.171 0.423405 0.127523 0.533401 -0.220942 -0
-108.261 25.6016 182.915 0.438706 0.140517 0.533401 -0.220942 -0
-109.724 22.0685 174.171 0.423405 0.127523 0.533401 -0.220942 -0
-108.261 25.6016 174.171 0.438706 0.127523 0.533401 -0.220942 -0
