Vertex Count: 936

Data:

186.997 33.5598 -138.743 0.438706 0.127523 0.53339 -0.220938 0.00382157
185.534 30.0268 -138.743 0.423405 0.127523 0.53339 -0.220938 0.00382157
185.534 29.8755 -147.487 0.423405 0.114528 0.53339 -0.220938 0.00382157
186.997 33.5598 -138.743 0.438706 0.127523 0.53339 -0.220938 0.00382157
185.534 29.8755 -147.487 0.423405 0.114528 0.53339 -0.220938 0.00382157
186.997 33.4086 -147.487 0.438706 0.114528 0.53339 -0.220938 0.00382157
185.534 30.0268 -138.743 0.423405 0.127523 0.220914 -0.533334 0.00922528
182.001 28.5634 -138.743 0.412586 0.127523 0.220914 -0.533334 0.00922528
182.001 28.4121 -147.487 0.412586 0.114528 0.220914 -0.533334 0.00922528
185.534 30.0268 -138.743 0.423405 0.127523 0.220914 -0.533334 0.00922528
182.001 28.4121 -147.487 0.412586 0.114528 0.220914 -0.533334 0.00922528
185.534 29.8755 -147.487 0.423405 0.114528 0.220914 -0.533334 0.00922528
182.001 28.5634 -138.743 0.449526 0.153512 -0.220914 -0.533334 0.00922529
178.468 30.0268 -138.743 0.460345 0.153512 -0.220914 -0.533334 0.00922529
178.468 29.8755 -147.487 0.460345 0.166507 -0.220914 -0.533334 0.00922529
182.001 28.5634 -138.743 0.449526 0.153512 -0.220914 -0.533334 0.00922529
178.468 29.8755 -147.487 0.460345 0.166507 -0.220914 -0.533334 0.00922529
182.001 28.4121 -147.487 0.449526 0.166507 -0.220914 -0.533334 0.00922529
178.468 30.0268 -138.743 0.460345 0.153512 -0.53339 -0.220938 0.00382161
177.004 33.5598 -138.743 0.475646 0.153512 -0.53339 -0.220938 0.00382161
177.004 33.4086 -147.487 0.475646 0.166507 -0.53339 -0.220938 0.00382161
178.468 30.0268 -138.743 0.460345 0.153512 -0.53339 -0.220938 0.00382161
177.004 33.4086 -147.487 0.475646 0.166507 -0.53339 -0.220938 0.00382161
178.468 29.8755 -147.487 0.460345 0.166507 -0.53339 -0.220938 0.00382161
178.738 29.573 -130 0.460345 0.140517 -0.533381 -0.220934 -0.00503854
177.004 33.5598 -138.743 0.475646 0.153512 -0.53339 -0.220938 0.00382161
178.468 30.0268 -138.743 0.460345 0.153512 -0.53339 -0.220938 0.00382161
178.738 29.573 -130 0.460345 0.140517 -0.533381 -0.220934 -0.00503854
177.275 33.1061 -130 0.475646 0.140517 -0.533381 -0.220934 -0.00503854
177.004 33.5598 -138.743 0.475646 0.153512 -0.53339 -0.220938 0.00382161
178.468 30.0268 -121.256 0.460345 0.127523 -0.53339 -0.220938 -0.00382163
177.275 33.1061 -130 0.475646 0.140517 -0.533381 -0.220934 -0.00503854
178.738 29.573 -130 0.460345 0.140517 -0.533381 -0.220934 -0.00503854
178.468 30.0268 -121.256 0.460345 0.127523 -0.53339 -0.220938 -0.00382163
177.004 33.5598 -121.256 0.475646 0.127523 -0.53339 -0.220938 -0.00382163
177.275 33.1061 -130 0.475646 0.140517 -0.533381 -0.220934 -0.00503854
178.468 29.8755 -112.512 0.460345 0.114528 -0.53339 -0.220938 -0.00382163
177.004 33.5598 -121.256 0.475646 0.127523 -0.53339 -0.220938 -0.00382163
178.468 30.0268 -121.256 0.460345 0.127523 -0.53339 -0.220938 -0.00382163
178.468 29.8755 -112.512 0.460345 0.114528 -0.53339 -0.220938 -0.00382163
177.004 33.4086 -112.512 0.475646 0.114528 -0.53339 -0.220938 -0.00382163
177.004 33.5598 -121.256 0.475646 0.127523 -0.53339 -0.220938 -0.00382163
177.004 33.5598 -138.743 0.475646 0.153512 -0.53339 0.220938 -0.00382154
178.468 37.0929 -138.743 0.486466 0.153512 -0.53339 0.220938 -0.00382154
178.468 36.9417 -147.487 0.486466 0.166507 -0.53339 0.220938 -0.00382154
177.004 33.5598 -138.743 0.475646 0.153512 -0.53339 0.220938 -0.00382154
178.468 36.9417 -147.487 0.486466 0.166507 -0.53339 0.220938 -0.00382154
177.004 33.4086 -147.487 0.475646 0.166507 -0.53339 0.220938 -0.00382154
178.468 37.0929 -138.743 0.512586 0.127523 -0.220914 0.533334 -0.00922511
182.001 38.5563 -138.743 0.501767 0.127523 -0.220914 0.533334 -0.00922511
182.001 38.4051 -147.487 0.501767 0.114528 -0.220914 0.533334 -0.00922511
178.468 37.0929 -138.743 0.512586 0.127523 -0.220914 0.533334 -0.00922511
182.001 38.4051 -147.487 0.501767 0.114528 -0.220914 0.533334 -0.00922511
178.468 36.9417 -147.487 0.512586 0.114528 -0.220914 0.533334 -0.00922511
185.534 36.9417 -147.487 0.486466 0.280113 0 1.78224e-07 -0.577351
186.997 33.4086 -147.487 0.486466 0.300004 0 1.78224e-07 -0.577351
185.534 29.8755 -147.487 0.475646 0.31407 0 1.78224e-07 -0.577351
185.534 29.8755 -147.487 0.475646 0.31407 0 1.78224e-07 -0.577351
182.001 28.4121 -147.487 0.460345 0.31407 0 1.78224e-07 -0.577351
185.534 36.9417 -147.487 0.486466 0.280113 0 1.78224e-07 -0.577351
182.001 28.4121 -147.487 0.460345 0.31407 0 1.78224e-07 -0.577351
182.001 38.4051 -147.487 0.475646 0.266048 0 1.78224e-07 -0.577351
185.534 36.9417 -147.487 0.486466 0.280113 0 1.78224e-07 -0.577351
182.001 28.4121 -147.487 0.460345 0.31407 0 1.78224e-07 -0.577351
178.468 36.9417 -147.487 0.460345 0.266048 0 1.78224e-07 -0.577351
182.001 38.4051 -147.487 0.475646 0.266048 0 1.78224e-07 -0.577351
182.001 28.4121 -147.487 0.460345 0.31407 0 1.78224e-07 -0.577351
178.468 29.8755 -147.487 0.449526 0.300004 0 1.78224e-07 -0.577351
178.468 36.9417 -147.487 0.460345 0.266048 0 1.78224e-07 -0.577351
178.468 29.8755 -147.487 0.449526 0.300004 0 1.78224e-07 -0.577351
177.004 33.4086 -147.487 0.449526 0.280113 0 1.78224e-07 -0.577351
178.468 36.9417 -147.487 0.460345 0.266048 0 1.78224e-07 -0.577351
185.534 37.0929 -138.743 0.449526 0.127523 0.53339 0.220938 -0.00382163
186.997 33.5598 -138.743 0.438706 0.127523 0.53339 0.220938 -0.00382163
186.997 33.4086 -147.487 0.438706 0.114528 0.53339 0.220938 -0.00382163
185.534 37.0929 -138.743 0.449526 0.127523 0.53339 0.220938 -0.00382163
186.997 33.4086 -147.487 0.438706 0.114528 0.53339 0.220938 -0.00382163
185.534 36.9417 -147.487 0.449526 0.114528 0.53339 0.220938 -0.00382163
185.804 36.6392 -130 0.449526 0.140517 0.533381 0.220934 0.00503853
186.997 33.5598 -138.743 0.438706 0.127523 0.53339 0.220938 -0.00382163
185.534 37.0929 -138.743 0.449526 0.127523 0.53339 0.220938 -0.00382163
185.804 36.6392 -130 0.449526 0.140517 0.533381 0.220934 0.00503853
187.268 33.1061 -130 0.438706 0.140517 0.533381 0.220934 0.00503853
186.997 33.5598 -138.743 0.438706 0.127523 0.53339 0.220938 -0.00382163
185.534 37.0929 -121.256 0.449526 0.153512 0.53339 0.220938 0.00382165
187.268 33.1061 -130 0.438706 0.140517 0.533381 0.220934 0.00503853
185.804 36.6392 -130 0.449526 0.140517 0.533381 0.220934 0.00503853
185.534 37.0929 -121.256 0.449526 0.153512 0.53339 0.220938 0.00382165
186.997 33.5598 -121.256 0.438706 0.153512 0.53339 0.220938 0.00382165
187.268 33.1061 -130 0.438706 0.140517 0.533381 0.220934 0.00503853
185.534 36.9417 -112.512 0.449526 0.166507 0.53339 0.220938 0.00382165
186.997 33.5598 -121.256 0.438706 0.153512 0.53339 0.220938 0.00382165
185.534 37.0929 -121.256 0.449526 0.153512 0.53339 0.220938 0.00382165
185.534 36.9417 -112.512 0.449526 0.166507 0.53339 0.220938 0.00382165
186.997 33.4086 -112.512 0.438706 0.166507 0.53339 0.220938 0.00382165
186.997 33.5598 -121.256 0.438706 0.153512 0.53339 0.220938 0.00382165
182.001 38.5563 -138.743 0.501767 0.127523 0.220914 0.533334 -0.00922513
185.534 37.0929 -138.743 0.486466 0.127523 0.220914 0.533334 -0.00922513
185.534 36.9417 -147.487 0.486466 0.114528 0.220914 0.533334 -0.00922513
182.001 38.5563 -138.743 0.501767 0.127523 0.220914 0.533334 -0.00922513
185.534 36.9417 -147.487 0.486466 0.114528 0.220914 0.533334 -0.00922513
182.001 38.4051 -147.487 0.501767 0.114528 0.220914 0.533334 -0.00922513
185.534 29.8755 -112.512 0.412586 0.300004 0 -1.78224e-07 0.577351
186.997 33.4086 -112.512 0.412586 0.280113 0 -1.78224e-07 0.577351
185.534 36.9417 -112.512 0.423405 0.266048 0 -1.78224e-07 0.577351
185.534 36.9417 -112.512 0.423405 0.266048 0 -1.78224e-07 0.577351
182.001 28.4121 -112.512 0.423405 0.31407 0 -1.78224e-07 0.577351
185.534 29.8755 -112.512 0.412586 0.300004 0 -1.78224e-07 0.577351
185.534 36.9417 -112.512 0.423405 0.266048 0 -1.78224e-07 0.577351
182.001 38.4051 -112.512 0.438706 0.266048 0 -1.78224e-07 0.577351
182.001 28.4121 -112.512 0.423405 0.31407 0 -1.78224e-07 0.577351
182.001 38.4051 -112.512 0.438706 0.266048 0 -1.78224e-07 0.577351
178.468 36.9417 -112.512 0.449526 0.280113 0 -1.78224e-07 0.577351
182.001 28.4121 -112.512 0.423405 0.31407 0 -1.78224e-07 0.577351
178.468 36.9417 -112.512 0.449526 0.280113 0 -1.78224e-07 0.577351
178.468 29.8755 -112.512 0.438706 0.31407 0 -1.78224e-07 0.577351
182.001 28.4121 -112.512 0.423405 0.31407 0 -1.78224e-07 0.577351
178.468 36.9417 -112.512 0.449526 0.280113 0 -1.78224e-07 0.577351
177.004 33.4086 -112.512 0.449526 0.300004 0 -1.78224e-07 0.577351
178.468 29.8755 -112.512 0.438706 0.31407 0 -1.78224e-07 0.577351
181.739 25.6016 -140.829 0.438706 0.127523 0.531718 -0.220245 0.0458257
180.276 22.0685 -140.829 0.423405 0.127523 0.531718 -0.220245 0.0458257
180.85 22.0685 -147.487 0.423405 0.114528 0.531718 -0.220245 0.0458257
181.739 25.6016 -140.829 0.438706 0.127523 0.531718 -0.220245 0.0458257
180.85 22.0685 -147.487 0.423405 0.114528 0.531718 -0.220245 0.0458257
182.313 25.6016 -147.487 0.438706 0.114528 0.531718 -0.220245 0.0458257
180.276 22.0685 -140.829 0.423405 0.127523 0.220822 -0.533113 0.0190313
176.743 20.6051 -140.829 0.412586 0.127523 0.220822 -0.533113 0.0190313
177.316 20.6051 -147.487 0.412586 0.114528 0.220822 -0.533113 0.0190313
180.276 22.0685 -140.829 0.423405 0.127523 0.220822 -0.533113 0.0190313
177.316 20.6051 -147.487 0.412586 0.114528 0.220822 -0.533113 0.0190313
180.85 22.0685 -147.487 0.423405 0.114528 0.220822 -0.533113 0.0190313
180.276 22.0685 -132.085 0.423405 0.140517 0.220942 -0.533403 -0
176.743 20.6051 -140.829 0.412586 0.127523 0.220822 -0.533113 0.0190313
180.276 22.0685 -140.829 0.423405 0.127523 0.220822 -0.533113 0.0190313
180.276 22.0685 -132.085 0.423405 0.140517 0.220942 -0.533403 -0
176.743 20.6051 -132.085 0.412586 0.140517 0.220942 -0.533403 -0
176.743 20.6051 -140.829 0.412586 0.127523 0.220822 -0.533113 0.0190313
180.276 22.0685 -123.341 0.423405 0.153512 0.220897 -0.533293 -0.0117048
176.743 20.6051 -132.085 0.412586 0.140517 0.220942 -0.533403 -0
180.276 22.0685 -132.085 0.423405 0.140517 0.220942 -0.533403 -0
180.276 22.0685 -123.341 0.423405 0.153512 0.220897 -0.533293 -0.0117048
176.743 20.6051 -123.341 0.412586 0.153512 0.220897 -0.533293 -0.0117048
176.743 20.6051 -132.085 0.412586 0.140517 0.220942 -0.533403 -0
180.85 22.0685 -112.512 0.423405 0.166507 0.220897 -0.533293 -0.0117048
176.743 20.6051 -123.341 0.412586 0.153512 0.220897 -0.533293 -0.0117048
180.276 22.0685 -123.341 0.423405 0.153512 0.220897 -0.533293 -0.0117048
180.85 22.0685 -112.512 0.423405 0.166507 0.220897 -0.533293 -0.0117048
177.316 20.6051 -112.512 0.412586 0.166507 0.220897 -0.533293 -0.0117048
176.743 20.6051 -123.341 0.412586 0.153512 0.220897 -0.533293 -0.0117048
176.743 20.6051 -140.829 0.449526 0.153512 -0.220822 -0.533113 -0.0190314
173.21 22.0685 -140.829 0.460345 0.153512 -0.220822 -0.533113 -0.0190314
173.783 22.0685 -147.487 0.460345 0.166507 -0.220822 -0.533113 -0.0190314
176.743 20.6051 -140.829 0.449526 0.153512 -0.220822 -0.533113 -0.0190314
173.783 22.0685 -147.487 0.460345 0.166507 -0.220822 -0.533113 -0.0190314
177.316 20.6051 -147.487 0.449526 0.166507 -0.220822 -0.533113 -0.0190314
176.743 20.6051 -132.085 0.449526 0.140517 -0.220942 -0.533403 -0
173.21 22.0685 -140.829 0.460345 0.153512 -0.220822 -0.533113 -0.0190314
176.743 20.6051 -140.829 0.449526 0.153512 -0.220822 -0.533113 -0.0190314
176.743 20.6051 -132.085 0.449526 0.140517 -0.220942 -0.533403 -0
173.21 22.0685 -132.085 0.460345 0.140517 -0.220942 -0.533403 -0
173.21 22.0685 -140.829 0.460345 0.153512 -0.220822 -0.533113 -0.0190314
176.743 20.6051 -123.341 0.449526 0.127523 -0.220897 -0.533293 0.0117047
173.21 22.0685 -132.085 0.460345 0.140517 -0.220942 -0.533403 -0
176.743 20.6051 -132.085 0.449526 0.140517 -0.220942 -0.533403 -0
176.743 20.6051 -123.341 0.449526 0.127523 -0.220897 -0.533293 0.0117047
173.21 22.0685 -123.341 0.460345 0.127523 -0.220897 -0.533293 0.0117047
173.21 22.0685 -132.085 0.460345 0.140517 -0.220942 -0.533403 -0
177.316 20.6051 -112.512 0.449526 0.114528 -0.220897 -0.533293 0.0117047
173.21 22.0685 -123.341 0.460345 0.127523 -0.220897 -0.533293 0.0117047
176.743 20.6051 -123.341 0.449526 0.127523 -0.220897 -0.533293 0.0117047
177.316 20.6051 -112.512 0.449526 0.114528 -0.220897 -0.533293 0.0117047
173.783 22.0685 -112.512 0.460345 0.114528 -0.220897 -0.533293 0.0117047
173.21 22.0685 -123.341 0.460345 0.127523 -0.220897 -0.533293 0.0117047
173.21 22.0685 -140.829 0.460345 0.153512 -0.531718 -0.220245 -0.0458258
171.746 25.6016 -140.829 0.475646 0.153512 -0.531718 -0.220245 -0.0458258
172.32 25.6016 -147.487 0.475646 0.166507 -0.531718 -0.220245 -0.0458258
173.21 22.0685 -140.829 0.460345 0.153512 -0.531718 -0.220245 -0.0458258
172.32 25.6016 -147.487 0.475646 0.166507 -0.531718 -0.220245 -0.0458258
173.783 22.0685 -147.487 0.460345 0.166507 -0.531718 -0.220245 -0.0458258
171.746 25.6016 -140.829 0.475646 0.153512 -0.531718 0.220246 -0.0458258
173.21 29.1346 -140.829 0.486466 0.153512 -0.531718 0.220246 -0.0458258
173.783 29.1346 -147.487 0.486466 0.166507 -0.531718 0.220246 -0.0458258
171.746 25.6016 -140.829 0.475646 0.153512 -0.531718 0.220246 -0.0458258
173.783 29.1346 -147.487 0.486466 0.166507 -0.531718 0.220246 -0.0458258
172.32 25.6016 -147.487 0.475646 0.166507 -0.531718 0.220246 -0.0458258
173.21 29.1346 -140.829 0.512586 0.127523 -0.220822 0.533113 -0.0190314
176.743 30.5981 -140.829 0.501767 0.127523 -0.220822 0.533113 -0.0190314
177.316 30.5981 -147.487 0.501767 0.114528 -0.220822 0.533113 -0.0190314
173.21 29.1346 -140.829 0.512586 0.127523 -0.220822 0.533113 -0.0190314
177.316 30.5981 -147.487 0.501767 0.114528 -0.220822 0.533113 -0.0190314
173.783 29.1346 -147.487 0.512586 0.114528 -0.220822 0.533113 -0.0190314
173.21 29.1346 -132.085 0.512586 0.140517 -0.220942 0.533403 7.23348e-08
176.743 30.5981 -140.829 0.501767 0.127523 -0.220822 0.533113 -0.0190314
173.21 29.1346 -140.829 0.512586 0.127523 -0.220822 0.533113 -0.0190314
173.21 29.1346 -132.085 0.512586 0.140517 -0.220942 0.533403 7.23348e-08
176.743 30.5981 -132.085 0.501767 0.140517 -0.220942 0.533403 7.23348e-08
176.743 30.5981 -140.829 0.501767 0.127523 -0.220822 0.533113 -0.0190314
173.21 29.1346 -123.341 0.512586 0.153512 -0.220897 0.533293 0.0117048
176.743 30.5981 -132.085 0.501767 0.140517 -0.220942 0.533403 7.23348e-08
173.21 29.1346 -132.085 0.512586 0.140517 -0.220942 0.533403 7.23348e-08
173.21 29.1346 -123.341 0.512586 0.153512 -0.220897 0.533293 0.0117048
176.743 30.5981 -123.341 0.501767 0.153512 -0.220897 0.533293 0.0117048
176.743 30.5981 -132.085 0.501767 0.140517 -0.220942 0.533403 7.23348e-08
173.783 29.1346 -112.512 0.512586 0.166507 -0.220897 0.533293 0.0117048
176.743 30.5981 -123.341 0.501767 0.153512 -0.220897 0.533293 0.0117048
173.21 29.1346 -123.341 0.512586 0.153512 -0.220897 0.533293 0.0117048
173.783 29.1346 -112.512 0.512586 0.166507 -0.220897 0.533293 0.0117048
177.316 30.5981 -112.512 0.501767 0.166507 -0.220897 0.533293 0.0117048
176.743 30.5981 -123.341 0.501767 0.153512 -0.220897 0.533293 0.0117048
180.85 29.1346 -147.487 0.486466 0.280113 0 1.18816e-07 -0.577351
182.313 25.6016 -147.487 0.486466 0.300004 0 1.18816e-07 -0.577351
180.85 22.0685 -147.487 0.475646 0.31407 0 1.18816e-07 -0.577351
180.85 22.0685 -147.487 0.475646 0.31407 0 1.18816e-07 -0.577351
177.316 20.6051 -147.487 0.460345 0.31407 0 1.18816e-07 -0.577351
180.85 29.1346 -147.487 0.486466 0.280113 0 1.18816e-07 -0.577351
177.316 20.6051 -147.487 0.460345 0.31407 0 1.18816e-07 -0.577351
177.316 30.5981 -147.487 0.475646 0.266048 0 1.18816e-07 -0.577351
180.85 29.1346 -147.487 0.486466 0.280113 0 1.18816e-07 -0.577351
177.316 20.6051 -147.487 0.460345 0.31407 0 1.18816e-07 -0.577351
173.783 29.1346 -147.487 0.460345 0.266048 0 1.18816e-07 -0.577351
177.316 30.5981 -147.487 0.475646 0.266048 0 1.18816e-07 -0.577351
177.316 20.6051 -147.487 0.460345 0.31407 0 1.18816e-07 -0.577351
173.783 22.0685 -147.487 0.449526 0.300004 0 1.18816e-07 -0.577351
173.783 29.1346 -147.487 0.460345 0.266048 0 1.18816e-07 -0.577351
173.783 22.0685 -147.487 0.449526 0.300004 0 1.18816e-07 -0.577351
172.32 25.6016 -147.487 0.449526 0.280113 0 1.18816e-07 -0.577351
173.783 29.1346 -147.487 0.460345 0.266048 0 1.18816e-07 -0.577351
180.276 29.1346 -140.829 0.449526 0.127523 0.531718 0.220245 0.0458257
181.739 25.6016 -140.829 0.438706 0.127523 0.531718 0.220245 0.0458257
182.313 25.6016 -147.487 0.438706 0.114528 0.531718 0.220245 0.0458257
180.276 29.1346 -140.829 0.449526 0.127523 0.531718 0.220245 0.0458257
182.313 25.6016 -147.487 0.438706 0.114528 0.531718 0.220245 0.0458257
180.85 29.1346 -147.487 0.449526 0.114528 0.531718 0.220245 0.0458257
176.743 30.5981 -140.829 0.501767 0.127523 0.220822 0.533113 0.0190314
180.276 29.1346 -140.829 0.486466 0.127523 0.220822 0.533113 0.0190314
180.85 29.1346 -147.487 0.486466 0.114528 0.220822 0.533113 0.0190314
176.743 30.5981 -140.829 0.501767 0.127523 0.220822 0.533113 0.0190314
180.85 29.1346 -147.487 0.486466 0.114528 0.220822 0.533113 0.0190314
177.316 30.5981 -147.487 0.501767 0.114528 0.220822 0.533113 0.0190314
176.743 30.5981 -132.085 0.501767 0.140517 0.220942 0.533403 -0
180.276 29.1346 -140.829 0.486466 0.127523 0.220822 0.533113 0.0190314
176.743 30.5981 -140.829 0.501767 0.127523 0.220822 0.533113 0.0190314
176.743 30.5981 -132.085 0.501767 0.140517 0.220942 0.533403 -0
180.276 29.1346 -132.085 0.486466 0.140517 0.220942 0.533403 -0
180.276 29.1346 -140.829 0.486466 0.127523 0.220822 0.533113 0.0190314
176.743 30.5981 -123.341 0.501767 0.153512 0.220897 0.533293 -0.0117048
180.276 29.1346 -132.085 0.486466 0.140517 0.220942 0.533403 -0
176.743 30.5981 -132.085 0.501767 0.140517 0.220942 0.533403 -0
176.743 30.5981 -123.341 0.501767 0.153512 0.220897 0.533293 -0.0117048
180.276 29.1346 -123.341 0.486466 0.153512 0.220897 0.533293 -0.0117048
180.276 29.1346 -132.085 0.486466 0.140517 0.220942 0.533403 -0
177.316 30.5981 -112.512 0.501767 0.166507 0.220897 0.533293 -0.0117048
180.276 29.1346 -123.341 0.486466 0.153512 0.220897 0.533293 -0.0117048
176.743 30.5981 -123.341 0.501767 0.153512 0.220897 0.533293 -0.0117048
177.316 30.5981 -112.512 0.501767 0.166507 0.220897 0.533293 -0.0117048
180.85 29.1346 -112.512 0.486466 0.166507 0.220897 0.533293 -0.0117048
180.276 29.1346 -123.341 0.486466 0.153512 0.220897 0.533293 -0.0117048
180.85 22.0685 -112.512 0.412586 0.300004 0 -5.9408e-08 0.577351
182.313 25.6016 -112.512 0.412586 0.280113 0 -5.9408e-08 0.577351
180.85 29.1346 -112.512 0.423405 0.266048 0 -5.9408e-08 0.577351
180.85 29.1346 -112.512 0.423405 0.266048 0 -5.9408e-08 0.577351
177.316 20.6051 -112.512 0.423405 0.31407 0 -5.9408e-08 0.577351
180.85 22.0685 -112.512 0.412586 0.300004 0 -5.9408e-08 0.577351
180.85 29.1346 -112.512 0.423405 0.266048 0 -5.9408e-08 0.577351
177.316 30.5981 -112.512 0.438706 0.266048 0 -5.9408e-08 0.577351
177.316 20.6051 -112.512 0.423405 0.31407 0 -5.9408e-08 0.577351
177.316 30.5981 -112.512 0.438706 0.266048 0 -5.9408e-08 0.577351
173.783 29.1346 -112.512 0.449526 0.280113 0 -5.9408e-08 0.577351
177.316 20.6051 -112.512 0.423405 0.31407 0 -5.9408e-08 0.577351
173.783 29.1346 -112.512 0.449526 0.280113 0 -5.9408e-08 0.577351
173.783 22.0685 -112.512 0.438706 0.31407 0 -5.9408e-08 0.577351
177.316 20.6051 -112.512 0.423405 0.31407 0 -5.9408e-08 0.577351
173.783 29.1346 -112.512 0.449526 0.280113 0 -5.9408e-08 0.577351
172.32 25.6016 -112.512 0.449526 0.300004 0 -5.9408e-08 0.577351
173.783 22.0685 -112.512 0.438706 0.31407 0 -5.9408e-08 0.577351
192.087 25.6016 -123.454 0.438706 0.140517 0.533336 -0.220916 -0.00900585
190.624 22.0685 -123.454 0.423405 0.140517 0.533336 -0.220916 -0.00900585
190.218 22.0685 -147.487 0.423405 0.114528 0.533336 -0.220916 -0.00900585
192.087 25.6016 -123.454 0.438706 0.140517 0.533336 -0.220916 -0.00900585
190.218 22.0685 -147.487 0.423405 0.114528 0.533336 -0.220916 -0.00900585
191.681 25.6016 -147.487 0.438706 0.114528 0.533336 -0.220916 -0.00900585
190.624 22.0685 -123.454 0.423405 0.140517 0.220937 -0.533391 -0.00373076
187.091 20.6051 -123.454 0.412586 0.140517 0.220937 -0.533391 -0.00373076
186.685 20.6051 -147.487 0.412586 0.114528 0.220937 -0.533391 -0.00373076
190.624 22.0685 -123.454 0.423405 0.140517 0.220937 -0.533391 -0.00373076
186.685 20.6051 -147.487 0.412586 0.114528 0.220937 -0.533391 -0.00373076
190.218 22.0685 -147.487 0.423405 0.114528 0.220937 -0.533391 -0.00373076
190.218 22.0685 -112.512 0.423405 0.166507 0.22092 -0.533349 0.00819312
187.091 20.6051 -123.454 0.412586 0.140517 0.220937 -0.533391 -0.00373076
190.624 22.0685 -123.454 0.423405 0.140517 0.220937 -0.533391 -0.00373076
190.218 22.0685 -112.512 0.423405 0.166507 0.22092 -0.533349 0.00819312
186.685 20.6051 -112.512 0.412586 0.166507 0.22092 -0.533349 0.00819312
187.091 20.6051 -123.454 0.412586 0.140517 0.220937 -0.533391 -0.00373076
187.091 20.6051 -123.454 0.449526 0.140517 -0.220937 -0.533391 0.00373068
183.558 22.0685 -123.454 0.460345 0.140517 -0.220937 -0.533391 0.00373068
183.152 22.0685 -147.487 0.460345 0.166507 -0.220937 -0.533391 0.00373068
187.091 20.6051 -123.454 0.449526 0.140517 -0.220937 -0.533391 0.00373068
183.152 22.0685 -147.487 0.460345 0.166507 -0.220937 -0.533391 0.00373068
186.685 20.6051 -147.487 0.449526 0.166507 -0.220937 -0.533391 0.00373068
186.685 20.6051 -112.512 0.449526 0.114528 -0.22092 -0.533349 -0.00819322
183.558 22.0685 -123.454 0.460345 0.140517 -0.220937 -0.533391 0.00373068
187.091 20.6051 -123.454 0.449526 0.140517 -0.220937 -0.533391 0.00373068
186.685 20.6051 -112.512 0.449526 0.114528 -0.22092 -0.533349 -0.00819322
183.152 22.0685 -112.512 0.460345 0.114528 -0.22092 -0.533349 -0.00819322
183.558 22.0685 -123.454 0.460345 0.140517 -0.220937 -0.533391 0.00373068
183.558 22.0685 -123.454 0.460345 0.140517 -0.533336 -0.220916 0.00900583
182.094 25.6016 -123.454 0.475646 0.140517 -0.533336 -0.220916 0.00900583
181.688 25.6016 -147.487 0.475646 0.166507 -0.533336 -0.220916 0.00900583
183.558 22.0685 -123.454 0.460345 0.140517 -0.533336 -0.220916 0.00900583
181.688 25.6016 -147.487 0.475646 0.166507 -0.533336 -0.220916 0.00900583
183.152 22.0685 -147.487 0.460345 0.166507 -0.533336 -0.220916 0.00900583
182.094 25.6016 -123.454 0.475646 0.140517 -0.533336 0.220916 0.00900586
183.558 29.1346 -123.454 0.486466 0.140517 -0.533336 0.220916 0.00900586
183.152 29.1346 -147.487 0.486466 0.166507 -0.533336 0.220916 0.00900586
182.094 25.6016 -123.454 0.475646 0.140517 -0.533336 0.220916 0.00900586
183.152 29.1346 -147.487 0.486466 0.166507 -0.533336 0.220916 0.00900586
181.688 25.6016 -147.487 0.475646 0.166507 -0.533336 0.220916 0.00900586
183.558 29.1346 -123.454 0.512586 0.140517 -0.220937 0.533391 0.00373076
187.091 30.5981 -123.454 0.501767 0.140517 -0.220937 0.533391 0.00373076
186.685 30.5981 -147.487 0.501767 0.114528 -0.220937 0.533391 0.00373076
183.558 29.1346 -123.454 0.512586 0.140517 -0.220937 0.533391 0.00373076
186.685 30.5981 -147.487 0.501767 0.114528 -0.220937 0.533391 0.00373076
183.152 29.1346 -147.487 0.512586 0.114528 -0.220937 0.533391 0.00373076
183.152 29.1346 -112.512 0.512586 0.166507 -0.22092 0.533349 -0.00819317
187.091 30.5981 -123.454 0.501767 0.140517 -0.220937 0.533391 0.00373076
183.558 29.1346 -123.454 0.512586 0.140517 -0.220937 0.533391 0.00373076
183.152 29.1346 -112.512 0.512586 0.166507 -0.22092 0.533349 -0.00819317
186.685 30.5981 -112.512 0.501767 0.166507 -0.22092 0.533349 -0.00819317
187.091 30.5981 -123.454 0.501767 0.140517 -0.220937 0.533391 0.00373076
190.218 29.1346 -147.487 0.486466 0.280113 0 1.18816e-07 -0.577351
191.681 25.6016 -147.487 0.486466 0.300004 0 1.18816e-07 -0.577351
190.218 22.0685 -147.487 0.475646 0.31407 0 1.18816e-07 -0.577351
190.218 22.0685 -147.487 0.475646 0.31407 0 1.18816e-07 -0.577351
186.685 20.6051 -147.487 0.460345 0.31407 0 1.18816e-07 -0.577351
190.218 29.1346 -147.487 0.486466 0.280113 0 1.18816e-07 -0.577351
186.685 20.6051 -147.487 0.460345 0.31407 0 1.18816e-07 -0.577351
186.685 30.5981 -147.487 0.475646 0.266048 0 1.18816e-07 -0.577351
190.218 29.1346 -147.487 0.486466 0.280113 0 1.18816e-07 -0.577351
186.685 20.6051 -147.487 0.460345 0.31407 0 1.18816e-07 -0.577351
183.152 29.1346 -147.487 0.460345 0.266048 0 1.18816e-07 -0.577351
186.685 30.5981 -147.487 0.475646 0.266048 0 1.18816e-07 -0.577351
186.685 20.6051 -147.487 0.460345 0.31407 0 1.18816e-07 -0.577351
183.152 22.0685 -147.487 0.449526 0.300004 0 1.18816e-07 -0.577351
183.152 29.1346 -147.487 0.460345 0.266048 0 1.18816e-07 -0.577351
183.152 22.0685 -147.487 0.449526 0.300004 0 1.18816e-07 -0.577351
181.688 25.6016 -147.487 0.449526 0.280113 0 1.18816e-07 -0.577351
183.152 29.1346 -147.487 0.460345 0.266048 0 1.18816e-07 -0.577351
190.624 29.1346 -123.454 0.449526 0.140517 0.533336 0.220916 -0.00900583
192.087 25.6016 -123.454 0.438706 0.140517 0.533336 0.220916 -0.00900583
191.681 25.6016 -147.487 0.438706 0.114528 0.533336 0.220916 -0.00900583
190.624 29.1346 -123.454 0.449526 0.140517 0.533336 0.220916 -0.00900583
191.681 25.6016 -147.487 0.438706 0.114528 0.533336 0.220916 -0.00900583
190.218 29.1346 -147.487 0.449526 0.114528 0.533336 0.220916 -0.00900583
187.091 30.5981 -123.454 0.501767 0.140517 0.220937 0.533391 -0.00373068
190.624 29.1346 -123.454 0.486466 0.140517 0.220937 0.533391 -0.00373068
190.218 29.1346 -147.487 0.486466 0.114528 0.220937 0.533391 -0.00373068
187.091 30.5981 -123.454 0.501767 0.140517 0.220937 0.533391 -0.00373068
190.218 29.1346 -147.487 0.486466 0.114528 0.220937 0.533391 -0.00373068
186.685 30.5981 -147.487 0.501767 0.114528 0.220937 0.533391 -0.00373068
186.685 30.5981 -112.512 0.501767 0.166507 0.22092 0.533349 0.00819316
190.624 29.1346 -123.454 0.486466 0.140517 0.220937 0.533391 -0.00373068
187.091 30.5981 -123.454 0.501767 0.140517 0.220937 0.533391 -0.00373068
186.685 30.5981 -112.512 0.501767 0.166507 0.22092 0.533349 0.00819316
190.218 29.1346 -112.512 0.486466 0.166507 0.22092 0.533349 0.00819316
190.624 29.1346 -123.454 0.486466 0.140517 0.220937 0.533391 -0.00373068
190.218 22.0685 -112.512 0.412586 0.300004 0 5.9408e-08 0.577351
191.681 25.6016 -112.512 0.412586 0.280113 0 5.9408e-08 0.577351
190.218 29.1346 -112.512 0.423405 0.266048 0 5.9408e-08 0.577351
190.218 29.1346 -112.512 0.423405 0.266048 0 5.9408e-08 0.577351
186.685 20.6051 -112.512 0.423405 0.31407 0 5.9408e-08 0.577351
190.218 22.0685 -112.512 0.412586 0.300004 0 5.9408e-08 0.577351
190.218 29.1346 -112.512 0.423405 0.266048 0 5.9408e-08 0.577351
186.685 30.5981 -112.512 0.438706 0.266048 0 5.9408e-08 0.577351
186.685 20.6051 -112.512 0.423405 0.31407 0 5.9408e-08 0.577351
186.685 30.5981 -112.512 0.438706 0.266048 0 5.9408e-08 0.577351
183.152 29.1346 -112.512 0.449526 0.280113 0 5.9408e-08 0.577351
186.685 20.6051 -112.512 0.423405 0.31407 0 5.9408e-08 0.577351
183.152 29.1346 -112.512 0.449526 0.280113 0 5.9408e-08 0.577351
183.152 22.0685 -112.512 0.438706 0.31407 0 5.9408e-08 0.577351
186.685 20.6051 -112.512 0.423405 0.31407 0 5.9408e-08 0.577351
183.152 29.1346 -112.512 0.449526 0.280113 0 5.9408e-08 0.577351
181.688 25.6016 -112.512 0.449526 0.300004 0 5.9408e-08 0.577351
183.152 22.0685 -112.512 0.438706 0.31407 0 5.9408e-08 0.577351
196.112 17.7946 -140.394 0.438706 0.140517 0.53311 -0.220822 0.0190773
194.648 14.2615 -140.394 0.423405 0.140517 0.53311 -0.220822 0.0190773
194.902 14.2615 -147.487 0.423405 0.114528 0.53311 -0.220822 0.0190773
196.112 17.7946 -140.394 0.438706 0.140517 0.53311 -0.220822 0.0190773
194.902 14.2615 -147.487 0.423405 0.114528 0.53311 -0.220822 0.0190773
196.366 17.7946 -147.487 0.438706 0.114528 0.53311 -0.220822 0.0190773
196.366 17.7946 -112.512 0.438706 0.166507 0.533382 -0.220935 -0.00485605
194.648 14.2615 -140.394 0.423405 0.140517 0.53311 -0.220822 0.0190773
196.112 17.7946 -140.394 0.438706 0.140517 0.53311 -0.220822 0.0190773
196.366 17.7946 -112.512 0.438706 0.166507 0.533382 -0.220935 -0.00485605
194.902 14.2615 -112.512 0.423405 0.166507 0.533382 -0.220935 -0.00485605
194.648 14.2615 -140.394 0.423405 0.140517 0.53311 -0.220822 0.0190773
194.648 14.2615 -140.394 0.423405 0.140517 0.220921 -0.533352 0.00790557
191.115 12.7981 -140.394 0.412586 0.140517 0.220921 -0.533352 0.00790557
191.369 12.7981 -147.487 0.412586 0.114528 0.220921 -0.533352 0.00790557
194.648 14.2615 -140.394 0.423405 0.140517 0.220921 -0.533352 0.00790557
191.369 12.7981 -147.487 0.412586 0.114528 0.220921 -0.533352 0.00790557
194.902 14.2615 -147.487 0.423405 0.114528 0.220921 -0.533352 0.00790557
194.902 14.2615 -112.512 0.423405 0.166507 0.220941 -0.533399 -0.00201153
191.115 12.7981 -140.394 0.412586 0.140517 0.220921 -0.533352 0.00790557
194.648 14.2615 -140.394 0.423405 0.140517 0.220921 -0.533352 0.00790557
194.902 14.2615 -112.512 0.423405 0.166507 0.220941 -0.533399 -0.00201153
191.369 12.7981 -112.512 0.412586 0.166507 0.220941 -0.533399 -0.00201153
191.115 12.7981 -140.394 0.412586 0.140517 0.220921 -0.533352 0.00790557
191.115 12.7981 -140.394 0.449526 0.140517 -0.220921 -0.533353 -0.00790572
187.582 14.2615 -140.394 0.460345 0.140517 -0.220921 -0.533353 -0.00790572
187.836 14.2615 -147.487 0.460345 0.166507 -0.220921 -0.533353 -0.00790572
191.115 12.7981 -140.394 0.449526 0.140517 -0.220921 -0.533353 -0.00790572
187.836 14.2615 -147.487 0.460345 0.166507 -0.220921 -0.533353 -0.00790572
191.369 12.7981 -147.487 0.449526 0.166507 -0.220921 -0.533353 -0.00790572
191.369 12.7981 -112.512 0.449526 0.114528 -0.220941 -0.533399 0.00201146
187.582 14.2615 -140.394 0.460345 0.140517 -0.220921 -0.533353 -0.00790572
191.115 12.7981 -140.394 0.449526 0.140517 -0.220921 -0.533353 -0.00790572
191.369 12.7981 -112.512 0.449526 0.114528 -0.220941 -0.533399 0.00201146
187.836 14.2615 -112.512 0.460345 0.114528 -0.220941 -0.533399 0.00201146
187.582 14.2615 -140.394 0.460345 0.140517 -0.220921 -0.533353 -0.00790572
187.582 14.2615 -140.394 0.460345 0.140517 -0.53311 -0.220822 -0.0190773
186.119 17.7946 -140.394 0.475646 0.140517 -0.53311 -0.220822 -0.0190773
186.373 17.7946 -147.487 0.475646 0.166507 -0.53311 -0.220822 -0.0190773
187.582 14.2615 -140.394 0.460345 0.140517 -0.53311 -0.220822 -0.0190773
186.373 17.7946 -147.487 0.475646 0.166507 -0.53311 -0.220822 -0.0190773
187.836 14.2615 -147.487 0.460345 0.166507 -0.53311 -0.220822 -0.0190773
187.836 14.2615 -112.512 0.460345 0.114528 -0.533382 -0.220935 0.00485604
186.119 17.7946 -140.394 0.475646 0.140517 -0.53311 -0.220822 -0.0190773
187.582 14.2615 -140.394 0.460345 0.140517 -0.53311 -0.220822 -0.0190773
187.836 14.2615 -112.512 0.460345 0.114528 -0.533382 -0.220935 0.00485604
186.373 17.7946 -112.512 0.475646 0.114528 -0.533382 -0.220935 0.00485604
186.119 17.7946 -140.394 0.475646 0.140517 -0.53311 -0.220822 -0.0190773
186.119 17.7946 -140.394 0.475646 0.140517 -0.53311 0.220822 -0.0190773
187.582 21.3276 -140.394 0.486466 0.140517 -0.53311 0.220822 -0.0190773
187.836 21.3276 -147.487 0.486466 0.166507 -0.53311 0.220822 -0.0190773
186.119 17.7946 -140.394 0.475646 0.140517 -0.53311 0.220822 -0.0190773
187.836 21.3276 -147.487 0.486466 0.166507 -0.53311 0.220822 -0.0190773
186.373 17.7946 -147.487 0.475646 0.166507 -0.53311 0.220822 -0.0190773
186.373 17.7946 -112.512 0.475646 0.114528 -0.533382 0.220935 0.00485607
187.582 21.3276 -140.394 0.486466 0.140517 -0.53311 0.220822 -0.0190773
186.119 17.7946 -140.394 0.475646 0.140517 -0.53311 0.220822 -0.0190773
186.373 17.7946 -112.512 0.475646 0.114528 -0.533382 0.220935 0.00485607
187.836 21.3276 -112.512 0.486466 0.114528 -0.533382 0.220935 0.00485607
187.582 21.3276 -140.394 0.486466 0.140517 -0.53311 0.220822 -0.0190773
187.582 21.3276 -140.394 0.512586 0.140517 -0.220921 0.533353 -0.00790558
191.115 22.791 -140.394 0.501767 0.140517 -0.220921 0.533353 -0.00790558
191.369 22.791 -147.487 0.501767 0.114528 -0.220921 0.533353 -0.00790558
187.582 21.3276 -140.394 0.512586 0.140517 -0.220921 0.533353 -0.00790558
191.369 22.791 -147.487 0.501767 0.114528 -0.220921 0.533353 -0.00790558
187.836 21.3276 -147.487 0.512586 0.114528 -0.220921 0.533353 -0.00790558
187.836 21.3276 -112.512 0.512586 0.166507 -0.220941 0.533399 0.00201154
191.115 22.791 -140.394 0.501767 0.140517 -0.220921 0.533353 -0.00790558
187.582 21.3276 -140.394 0.512586 0.140517 -0.220921 0.533353 -0.00790558
187.836 21.3276 -112.512 0.512586 0.166507 -0.220941 0.533399 0.00201154
191.369 22.791 -112.512 0.501767 0.166507 -0.220941 0.533399 0.00201154
191.115 22.791 -140.394 0.501767 0.140517 -0.220921 0.533353 -0.00790558
194.902 21.3276 -147.487 0.486466 0.280113 0 0 -0.577351
196.366 17.7946 -147.487 0.486466 0.300004 0 0 -0.577351
194.902 14.2615 -147.487 0.475646 0.31407 0 0 -0.577351
194.902 14.2615 -147.487 0.475646 0.31407 0 0 -0.577351
191.369 22.791 -147.487 0.475646 0.266048 0 0 -0.577351
194.902 21.3276 -147.487 0.486466 0.280113 0 0 -0.577351
194.902 14.2615 -147.487 0.475646 0.31407 0 0 -0.577351
191.369 12.7981 -147.487 0.460345 0.31407 0 0 -0.577351
191.369 22.791 -147.487 0.475646 0.266048 0 0 -0.577351
191.369 12.7981 -147.487 0.460345 0.31407 0 0 -0.577351
187.836 21.3276 -147.487 0.460345 0.266048 0 0 -0.577351
191.369 22.791 -147.487 0.475646 0.266048 0 0 -0.577351
191.369 12.7981 -147.487 0.460345 0.31407 0 0 -0.577351
187.836 14.2615 -147.487 0.449526 0.300004 0 0 -0.577351
187.836 21.3276 -147.487 0.460345 0.266048 0 0 -0.577351
187.836 14.2615 -147.487 0.449526 0.300004 0 0 -0.577351
186.373 17.7946 -147.487 0.449526 0.280113 0 0 -0.577351
187.836 21.3276 -147.487 0.460345 0.266048 0 0 -0.577351
194.648 21.3276 -140.394 0.449526 0.140517 0.53311 0.220822 0.0190774
196.112 17.7946 -140.394 0.438706 0.140517 0.53311 0.220822 0.0190774
196.366 17.7946 -147.487 0.438706 0.114528 0.53311 0.220822 0.0190774
194.648 21.3276 -140.394 0.449526 0.140517 0.53311 0.220822 0.0190774
196.366 17.7946 -147.487 0.438706 0.114528 0.53311 0.220822 0.0190774
194.902 21.3276 -147.487 0.449526 0.114528 0.53311 0.220822 0.0190774
194.902 21.3276 -112.512 0.449526 0.166507 0.533382 0.220935 -0.00485604
196.112 17.7946 -140.394 0.438706 0.140517 0.53311 0.220822 0.0190774
194.648 21.3276 -140.394 0.449526 0.140517 0.53311 0.220822 0.0190774
194.902 21.3276 -112.512 0.449526 0.166507 0.533382 0.220935 -0.00485604
196.366 17.7946 -112.512 0.438706 0.166507 0.533382 0.220935 -0.00485604
196.112 17.7946 -140.394 0.438706 0.140517 0.53311 0.220822 0.0190774
191.115 22.791 -140.394 0.501767 0.140517 0.220921 0.533353 0.0079057
194.648 21.3276 -140.394 0.486466 0.140517 0.220921 0.533353 0.0079057
194.902 21.3276 -147.487 0.486466 0.114528 0.220921 0.533353 0.0079057
191.115 22.791 -140.394 0.501767 0.140517 0.220921 0.533353 0.0079057
194.902 21.3276 -147.487 0.486466 0.114528 0.220921 0.533353 0.0079057
191.369 22.791 -147.487 0.501767 0.114528 0.220921 0.533353 0.0079057
191.369 22.791 -112.512 0.501767 0.166507 0.220941 0.533399 -0.00201145
194.648 21.3276 -140.394 0.486466 0.140517 0.220921 0.533353 0.0079057
191.115 22.791 -140.394 0.501767 0.140517 0.220921 0.533353 0.0079057
191.369 22.791 -112.512 0.501767 0.166507 0.220941 0.533399 -0.00201145
194.902 21.3276 -112.512 0.486466 0.166507 0.220941 0.533399 -0.00201145
194.648 21.3276 -140.394 0.486466 0.140517 0.220921 0.533353 0.0079057
194.902 14.2615 -112.512 0.412586 0.300004 0 0 0.577351
196.366 17.7946 -112.512 0.412586 0.280113 0 0 0.577351
194.902 21.3276 -112.512 0.423405 0.266048 0 0 0.577351
194.902 21.3276 -112.512 0.423405 0.266048 0 0 0.577351
191.369 12.7981 -112.512 0.423405 0.31407 0 0 0.577351
194.902 14.2615 -112.512 0.412586 0.300004 0 0 0.577351
194.902 21.3276 -112.512 0.423405 0.266048 0 0 0.577351
191.369 22.791 -112.512 0.438706 0.266048 0 0 0.577351
191.369 12.7981 -112.512 0.423405 0.31407 0 0 0.577351
191.369 22.791 -112.512 0.438706 0.266048 0 0 0.577351
187.836 14.2615 -112.512 0.438706 0.31407 0 0 0.577351
191.369 12.7981 -112.512 0.423405 0.31407 0 0 0.577351
191.369 22.791 -112.512 0.438706 0.266048 0 0 0.577351
187.836 21.3276 -112.512 0.449526 0.280113 0 0 0.577351
187.836 14.2615 -112.512 0.438706 0.31407 0 0 0.577351
187.836 21.3276 -112.512 0.449526 0.280113 0 0 0.577351
186.373 17.7946 -112.512 0.449526 0.300004 0 0 0.577351
187.836 14.2615 -112.512 0.438706 0.31407 0 0 0.577351
186.997 17.7946 -112.512 0.438706 0.166507 0.533401 -0.220942 -0
185.534 14.2615 -112.512 0.423405 0.166507 0.533401 -0.220942 -0
185.534 14.2615 -147.487 0.423405 0.114528 0.533401 -0.220942 -0
186.997 17.7946 -112.512 0.438706 0.166507 0.533401 -0.220942 -0
185.534 14.2615 -147.487 0.423405 0.114528 0.533401 -0.220942 -0
186.997 17.7946 -147.487 0.438706 0.114528 0.533401 -0.220942 -0
185.534 14.2615 -112.512 0.423405 0.166507 0.220942 -0.533403 -0
182.001 12.7981 -112.512 0.412586 0.166507 0.220942 -0.533403 -0
182.001 12.7981 -147.487 0.412586 0.114528 0.220942 -0.533403 -0
185.534 14.2615 -112.512 0.423405 0.166507 0.220942 -0.533403 -0
182.001 12.7981 -147.487 0.412586 0.114528 0.220942 -0.533403 -0
185.534 14.2615 -147.487 0.423405 0.114528 0.220942 -0.533403 -0
182.001 12.7981 -112.512 0.449526 0.114528 -0.220942 -0.533403 -0
178.468 14.2615 -112.512 0.460345 0.114528 -0.220942 -0.533403 -0
178.468 14.2615 -147.487 0.460345 0.166507 -0.220942 -0.533403 -0
182.001 12.7981 -112.512 0.449526 0.114528 -0.220942 -0.533403 -0
178.468 14.2615 -147.487 0.460345 0.166507 -0.220942 -0.533403 -0
182.001 12.7981 -147.487 0.449526 0.166507 -0.220942 -0.533403 -0
178.468 14.2615 -112.512 0.460345 0.114528 -0.533401 -0.220943 -0
177.004 17.7946 -112.512 0.475646 0.114528 -0.533401 -0.220943 -0
177.004 17.7946 -147.487 0.475646 0.166507 -0.533401 -0.220943 -0
178.468 14.2615 -112.512 0.460345 0.114528 -0.533401 -0.220943 -0
177.004 17.7946 -147.487 0.475646 0.166507 -0.533401 -0.220943 -0
178.468 14.2615 -147.487 0.460345 0.166507 -0.533401 -0.220943 -0
177.004 17.7946 -112.512 0.475646 0.114528 -0.533401 0.220943 -0
178.468 21.3276 -112.512 0.486466 0.114528 -0.533401 0.220943 -0
178.468 21.3276 -147.487 0.486466 0.166507 -0.533401 0.220943 -0
177.004 17.7946 -112.512 0.475646 0.114528 -0.533401 0.220943 -0
178.468 21.3276 -147.487 0.486466 0.166507 -0.533401 0.220943 -0
177.004 17.7946 -147.487 0.475646 0.166507 -0.533401 0.220943 -0
178.468 21.3276 -112.512 0.512586 0.166507 -0.220942 0.533403 -0
182.001 22.791 -112.512 0.501767 0.166507 -0.220942 0.533403 -0
182.001 22.791 -147.487 0.501767 0.114528 -0.220942 0.533403 -0
178.468 21.3276 -112.512 0.512586 0.166507 -0.220942 0.533403 -0
182.001 22.791 -147.487 0.501767 0.114528 -0.220942 0.533403 -0
178.468 21.3276 -147.487 0.512586 0.114528 -0.220942 0.533403 -0
185.534 21.3276 -147.487 0.486466 0.280113 0 0 -0.577351
186.997 17.7946 -147.487 0.486466 0.300004 0 0 -0.577351
185.534 14.2615 -147.487 0.475646 0.31407 0 0 -0.577351
185.534 14.2615 -147.487 0.475646 0.31407 0 0 -0.577351
182.001 12.7981 -147.487 0.460345 0.31407 0 0 -0.577351
185.534 21.3276 -147.487 0.486466 0.280113 0 0 -0.577351
182.001 12.7981 -147.487 0.460345 0.31407 0 0 -0.577351
182.001 22.791 -147.487 0.475646 0.266048 0 0 -0.577351
185.534 21.3276 -147.487 0.486466 0.280113 0 0 -0.577351
182.001 12.7981 -147.487 0.460345 0.31407 0 0 -0.577351
178.468 21.3276 -147.487 0.460345 0.266048 0 0 -0.577351
182.001 22.791 -147.487 0.475646 0.266048 0 0 -0.577351
182.001 12.7981 -147.487 0.460345 0.31407 0 0 -0.577351
178.468 14.2615 -147.487 0.449526 0.300004 0 0 -0.577351
178.468 21.3276 -147.487 0.460345 0.266048 0 0 -0.577351
178.468 14.2615 -147.487 0.449526 0.300004 0 0 -0.577351
177.004 17.7946 -147.487 0.449526 0.280113 0 0 -0.577351
178.468 21.3276 -147.487 0.460345 0.266048 0 0 -0.577351
185.534 21.3276 -112.512 0.449526 0.166507 0.533401 0.220942 -0
186.997 17.7946 -112.512 0.438706 0.166507 0.533401 0.220942 -0
186.997 17.7946 -147.487 0.438706 0.114528 0.533401 0.220942 -0
185.534 21.3276 -112.512 0.449526 0.166507 0.533401 0.220942 -0
186.997 17.7946 -147.487 0.438706 0.114528 0.533401 0.220942 -0
185.534 21.3276 -147.487 0.449526 0.114528 0.533401 0.220942 -0
182.001 22.791 -112.512 0.501767 0.166507 0.220942 0.533403 -0
185.534 21.3276 -112.512 0.486466 0.166507 0.220942 0.533403 -0
185.534 21.3276 -147.487 0.486466 0.114528 0.220942 0.533403 -0
182.001 22.791 -112.512 0.501767 0.166507 0.220942 0.533403 -0
185.534 21.3276 -147.487 0.486466 0.114528 0.220942 0.533403 -0
182.001 22.791 -147.487 0.501767 0.114528 0.220942 0.533403 -0
185.534 14.2615 -112.512 0.412586 0.300004 0 -5.9408e-08 0.577351
186.997 17.7946 -112.512 0.412586 0.280113 0 -5.9408e-08 0.577351
185.534 21.3276 -112.512 0.423405 0.266048 0 -5.9408e-08 0.577351
185.534 21.3276 -112.512 0.423405 0.266048 0 -5.9408e-08 0.577351
182.001 12.7981 -112.512 0.423405 0.31407 0 -5.9408e-08 0.577351
185.534 14.2615 -112.512 0.412586 0.300004 0 -5.9408e-08 0.577351
185.534 21.3276 -112.512 0.423405 0.266048 0 -5.9408e-08 0.577351
182.001 22.791 -112.512 0.438706 0.266048 0 -5.9408e-08 0.577351
182.001 12.7981 -112.512 0.423405 0.31407 0 -5.9408e-08 0.577351
182.001 22.791 -112.512 0.438706 0.266048 0 -5.9408e-08 0.577351
178.468 21.3276 -112.512 0.449526 0.280113 0 -5.9408e-08 0.577351
182.001 12.7981 -112.512 0.423405 0.31407 0 -5.9408e-08 0.577351
178.468 21.3276 -112.512 0.449526 0.280113 0 -5.9408e-08 0.577351
178.468 14.2615 -112.512 0.438706 0.31407 0 -5.9408e-08 0.577351
182.001 12.7981 -112.512 0.423405 0.31407 0 -5.9408e-08 0.577351
178.468 21.3276 -112.512 0.449526 0.280113 0 -5.9408e-08 0.577351
177.004 17.7946 -112.512 0.449526 0.300004 0 -5.9408e-08 0.577351
178.468 14.2615 -112.512 0.438706 0.31407 0 -5.9408e-08 0.577351
178.2 17.7946 -130 0.438706 0.140517 0.533158 -0.220842 -0.0174246
176.737 14.2615 -130 0.423405 0.140517 0.533158 -0.220842 -0.0174246
176.165 14.2615 -147.487 0.423405 0.114528 0.533158 -0.220842 -0.0174246
178.2 17.7946 -130 0.438706 0.140517 0.533158 -0.220842 -0.0174246
176.165 14.2615 -147.487 0.423405 0.114528 0.533158 -0.220842 -0.0174246
177.629 17.7946 -147.487 0.438706 0.114528 0.533158 -0.220842 -0.0174246
176.737 14.2615 -130 0.423405 0.140517 0.220925 -0.533361 -0.00722024
173.204 12.7981 -130 0.412586 0.140517 0.220925 -0.533361 -0.00722024
172.632 12.7981 -147.487 0.412586 0.114528 0.220925 -0.533361 -0.00722024
176.737 14.2615 -130 0.423405 0.140517 0.220925 -0.533361 -0.00722024
172.632 12.7981 -147.487 0.412586 0.114528 0.220925 -0.533361 -0.00722024
176.165 14.2615 -147.487 0.423405 0.114528 0.220925 -0.533361 -0.00722024
176.165 14.2615 -112.512 0.423405 0.166507 0.220925 -0.533361 0.00722014
173.204 12.7981 -130 0.412586 0.140517 0.220925 -0.533361 -0.00722024
176.737 14.2615 -130 0.423405 0.140517 0.220925 -0.533361 -0.00722024
176.165 14.2615 -112.512 0.423405 0.166507 0.220925 -0.533361 0.00722014
172.632 12.7981 -112.512 0.412586 0.166507 0.220925 -0.533361 0.00722014
173.204 12.7981 -130 0.412586 0.140517 0.220925 -0.533361 -0.00722024
173.204 12.7981 -130 0.449526 0.140517 -0.220925 -0.533361 0.00722019
169.671 14.2615 -130 0.460345 0.140517 -0.220925 -0.533361 0.00722019
169.099 14.2615 -147.487 0.460345 0.166507 -0.220925 -0.533361 0.00722019
173.204 12.7981 -130 0.449526 0.140517 -0.220925 -0.533361 0.00722019
169.099 14.2615 -147.487 0.460345 0.166507 -0.220925 -0.533361 0.00722019
172.632 12.7981 -147.487 0.449526 0.166507 -0.220925 -0.533361 0.00722019
172.632 12.7981 -112.512 0.449526 0.114528 -0.220925 -0.533361 -0.00722025
169.671 14.2615 -130 0.460345 0.140517 -0.220925 -0.533361 0.00722019
173.204 12.7981 -130 0.449526 0.140517 -0.220925 -0.533361 0.00722019
172.632 12.7981 -112.512 0.449526 0.114528 -0.220925 -0.533361 -0.00722025
169.099 14.2615 -112.512 0.460345 0.114528 -0.220925 -0.533361 -0.00722025
169.671 14.2615 -130 0.460345 0.140517 -0.220925 -0.533361 0.00722019
169.671 14.2615 -130 0.460345 0.140517 -0.533158 -0.220842 0.0174246
168.207 17.7946 -130 0.475646 0.140517 -0.533158 -0.220842 0.0174246
167.636 17.7946 -147.487 0.475646 0.166507 -0.533158 -0.220842 0.0174246
169.671 14.2615 -130 0.460345 0.140517 -0.533158 -0.220842 0.0174246
167.636 17.7946 -147.487 0.475646 0.166507 -0.533158 -0.220842 0.0174246
169.099 14.2615 -147.487 0.460345 0.166507 -0.533158 -0.220842 0.0174246
168.207 17.7946 -130 0.475646 0.140517 -0.533158 0.220842 0.0174246
169.671 21.3276 -130 0.486466 0.140517 -0.533158 0.220842 0.0174246
169.099 21.3276 -147.487 0.486466 0.166507 -0.533158 0.220842 0.0174246
168.207 17.7946 -130 0.475646 0.140517 -0.533158 0.220842 0.0174246
169.099 21.3276 -147.487 0.486466 0.166507 -0.533158 0.220842 0.0174246
167.636 17.7946 -147.487 0.475646 0.166507 -0.533158 0.220842 0.0174246
169.671 21.3276 -130 0.512586 0.140517 -0.220925 0.533361 0.00722026
173.204 22.791 -130 0.501767 0.140517 -0.220925 0.533361 0.00722026
172.632 22.791 -147.487 0.501767 0.114528 -0.220925 0.533361 0.00722026
169.671 21.3276 -130 0.512586 0.140517 -0.220925 0.533361 0.00722026
172.632 22.791 -147.487 0.501767 0.114528 -0.220925 0.533361 0.00722026
169.099 21.3276 -147.487 0.512586 0.114528 -0.220925 0.533361 0.00722026
169.099 21.3276 -112.512 0.512586 0.166507 -0.220925 0.533361 -0.00722014
173.204 22.791 -130 0.501767 0.140517 -0.220925 0.533361 0.00722026
169.671 21.3276 -130 0.512586 0.140517 -0.220925 0.533361 0.00722026
169.099 21.3276 -112.512 0.512586 0.166507 -0.220925 0.533361 -0.00722014
172.632 22.791 -112.512 0.501767 0.166507 -0.220925 0.533361 -0.00722014
173.204 22.791 -130 0.501767 0.140517 -0.220925 0.533361 0.00722026
176.165 21.3276 -147.487 0.486466 0.280113 0 0 -0.577351
177.629 17.7946 -147.487 0.486466 0.300004 0 0 -0.577351
176.165 14.2615 -147.487 0.475646 0.31407 0 0 -0.577351
176.165 14.2615 -147.487 0.475646 0.31407 0 0 -0.577351
172.632 12.7981 -147.487 0.460345 0.31407 0 0 -0.577351
176.165 21.3276 -147.487 0.486466 0.280113 0 0 -0.577351
172.632 12.7981 -147.487 0.460345 0.31407 0 0 -0.577351
172.632 22.791 -147.487 0.475646 0.266048 0 0 -0.577351
176.165 21.3276 -147.487 0.486466 0.280113 0 0 -0.577351
172.632 12.7981 -147.487 0.460345 0.31407 0 0 -0.577351
169.099 21.3276 -147.487 0.460345 0.266048 0 0 -0.577351
172.632 22.791 -147.487 0.475646 0.266048 0 0 -0.577351
172.632 12.7981 -147.487 0.460345 0.31407 0 0 -0.577351
169.099 14.2615 -147.487 0.449526 0.300004 0 0 -0.577351
169.099 21.3276 -147.487 0.460345 0.266048 0 0 -0.577351
169.099 14.2615 -147.487 0.449526 0.300004 0 0 -0.577351
167.636 17.7946 -147.487 0.449526 0.280113 0 0 -0.577351
169.099 21.3276 -147.487 0.460345 0.266048 0 0 -0.577351
176.737 21.3276 -130 0.449526 0.140517 0.533158 0.220842 -0.0174246
178.2 17.7946 -130 0.438706 0.140517 0.533158 0.220842 -0.0174246
177.629 17.7946 -147.487 0.438706 0.114528 0.533158 0.220842 -0.0174246
176.737 21.3276 -130 0.449526 0.140517 0.533158 0.220842 -0.0174246
177.629 17.7946 -147.487 0.438706 0.114528 0.533158 0.220842 -0.0174246
176.165 21.3276 -147.487 0.449526 0.114528 0.533158 0.220842 -0.0174246
173.204 22.791 -130 0.501767 0.140517 0.220925 0.533361 -0.00722018
176.737 21.3276 -130 0.486466 0.140517 0.220925 0.533361 -0.00722018
176.165 21.3276 -147.487 0.486466 0.114528 0.220925 0.533361 -0.00722018
173.204 22.791 -130 0.501767 0.140517 0.220925 0.533361 -0.00722018
176.165 21.3276 -147.487 0.486466 0.114528 0.220925 0.533361 -0.00722018
172.632 22.791 -147.487 0.501767 0.114528 0.220925 0.533361 -0.00722018
172.632 22.791 -112.512 0.501767 0.166507 0.220925 0.533361 0.00722024
176.737 21.3276 -130 0.486466 0.140517 0.220925 0.533361 -0.00722018
173.204 22.791 -130 0.501767 0.140517 0.220925 0.533361 -0.00722018
172.632 22.791 -112.512 0.501767 0.166507 0.220925 0.533361 0.00722024
176.165 21.3276 -112.512 0.486466 0.166507 0.220925 0.533361 0.00722024
176.737 21.3276 -130 0.486466 0.140517 0.220925 0.533361 -0.00722018
176.165 14.2615 -112.512 0.412586 0.300004 0 5.9408e-08 0.577351
177.629 17.7946 -112.512 0.412586 0.280113 0 5.9408e-08 0.577351
176.165 21.3276 -112.512 0.423405 0.266048 0 5.9408e-08 0.577351
176.165 21.3276 -112.512 0.423405 0.266048 0 5.9408e-08 0.577351
172.632 12.7981 -112.512 0.423405 0.31407 0 5.9408e-08 0.577351
176.165 14.2615 -112.512 0.412586 0.300004 0 5.9408e-08 0.577351
176.165 21.3276 -112.512 0.423405 0.266048 0 5.9408e-08 0.577351
172.632 22.791 -112.512 0.438706 0.266048 0 5.9408e-08 0.577351
172.632 12.7981 -112.512 0.423405 0.31407 0 5.9408e-08 0.577351
172.632 22.791 -112.512 0.438706 0.266048 0 5.9408e-08 0.577351
169.099 14.2615 -112.512 0.438706 0.31407 0 5.9408e-08 0.577351
172.632 12.7981 -112.512 0.423405 0.31407 0 5.9408e-08 0.577351
172.632 22.791 -112.512 0.438706 0.266048 0 5.9408e-08 0.577351
169.099 21.3276 -112.512 0.449526 0.280113 0 5.9408e-08 0.577351
169.099 14.2615 -112.512 0.438706 0.31407 0 5.9408e-08 0.577351
169.099 21.3276 -112.512 0.449526 0.280113 0 5.9408e-08 0.577351
167.636 17.7946 -112.512 0.449526 0.300004 0 5.9408e-08 0.577351
169.099 14.2615 -112.512 0.438706 0.31407 0 5.9408e-08 0.577351
176.165 21.3276 -112.512 0.449526 0.166507 0.533158 0.220842 0.0174245
177.629 17.7946 -112.512 0.438706 0.166507 0.533158 0.220842 0.0174245
178.2 17.7946 -130 0.438706 0.140517 0.533158 0.220842 0.0174245
176.165 21.3276 -112.512 0.449526 0.166507 0.533158 0.220842 0.0174245
178.2 17.7946 -130 0.438706 0.140517 0.533158 0.220842 0.0174245
176.737 21.3276 -130 0.449526 0.140517 0.533158 0.220842 0.0174245
167.636 17.7946 -112.512 0.475646 0.114528 -0.533158 0.220842 -0.0174245
169.099 21.3276 -112.512 0.486466 0.114528 -0.533158 0.220842 -0.0174245
169.671 21.3276 -130 0.486466 0.140517 -0.533158 0.220842 -0.0174245
167.636 17.7946 -112.512 0.475646 0.114528 -0.533158 0.220842 -0.0174245
169.671 21.3276 -130 0.486466 0.140517 -0.533158 0.220842 -0.0174245
168.207 17.7946 -130 0.475646 0.140517 -0.533158 0.220842 -0.0174245
169.099 14.2615 -112.512 0.460345 0.114528 -0.533158 -0.220842 -0.0174246
167.636 17.7946 -112.512 0.475646 0.114528 -0.533158 -0.220842 -0.0174246
168.207 17.7946 -130 0.475646 0.140517 -0.533158 -0.220842 -0.0174246
169.099 14.2615 -112.512 0.460345 0.114528 -0.533158 -0.220842 -0.0174246
168.207 17.7946 -130 0.475646 0.140517 -0.533158 -0.220842 -0.0174246
169.671 14.2615 -130 0.460345 0.140517 -0.533158 -0.220842 -0.0174246
177.629 17.7946 -112.512 0.438706 0.166507 0.533158 -0.220842 0.0174245
176.165 14.2615 -112.512 0.423405 0.166507 0.533158 -0.220842 0.0174245
176.737 14.2615 -130 0.423405 0.140517 0.533158 -0.220842 0.0174245
177.629 17.7946 -112.512 0.438706 0.166507 0.533158 -0.220842 0.0174245
176.737 14.2615 -130 0.423405 0.140517 0.533158 -0.220842 0.0174245
178.2 17.7946 -130 0.438706 0.140517 0.533158 -0.220842 0.0174245
182.001 38.4051 -112.512 0.501767 0.166507 0.220914 0.533334 0.00922534
185.534 36.9417 -112.512 0.486466 0.166507 0.220914 0.533334 0.00922534
185.534 37.0929 -121.256 0.486466 0.153512 0.220914 0.533334 0.00922534
182.001 38.4051 -112.512 0.501767 0.166507 0.220914 0.533334 0.00922534
185.534 37.0929 -121.256 0.486466 0.153512 0.220914 0.533334 0.00922534
182.001 38.5563 -121.256 0.501767 0.153512 0.220914 0.533334 0.00922534
182.001 38.5563 -121.256 0.501767 0.153512 0.220798 0.533055 -0.0208296
185.534 37.0929 -121.256 0.486466 0.153512 0.220798 0.533055 -0.0208296
185.804 36.6392 -130 0.486466 0.140517 0.220798 0.533055 -0.0208296
182.001 38.5563 -121.256 0.501767 0.153512 0.220798 0.533055 -0.0208296
185.804 36.6392 -130 0.486466 0.140517 0.220798 0.533055 -0.0208296
182.271 38.1026 -130 0.501767 0.140517 0.220798 0.533055 -0.0208296
182.271 38.1026 -130 0.501767 0.140517 0.220798 0.533055 0.0208296
185.804 36.6392 -130 0.486466 0.140517 0.220798 0.533055 0.0208296
185.534 37.0929 -138.743 0.486466 0.127523 0.220798 0.533055 0.0208296
182.271 38.1026 -130 0.501767 0.140517 0.220798 0.533055 0.0208296
185.534 37.0929 -138.743 0.486466 0.127523 0.220798 0.533055 0.0208296
182.001 38.5563 -138.743 0.501767 0.127523 0.220798 0.533055 0.0208296
178.468 36.9417 -112.512 0.512586 0.166507 -0.220914 0.533334 0.00922535
182.001 38.4051 -112.512 0.501767 0.166507 -0.220914 0.533334 0.00922535
182.001 38.5563 -121.256 0.501767 0.153512 -0.220914 0.533334 0.00922535
178.468 36.9417 -112.512 0.512586 0.166507 -0.220914 0.533334 0.00922535
182.001 38.5563 -121.256 0.501767 0.153512 -0.220914 0.533334 0.00922535
178.468 37.0929 -121.256 0.512586 0.153512 -0.220914 0.533334 0.00922535
178.468 37.0929 -121.256 0.512586 0.153512 -0.220548 0.532452 -0.0344539
182.001 38.5563 -121.256 0.501767 0.153512 -0.220548 0.532452 -0.0344539
182.271 38.1026 -130 0.501767 0.140517 -0.220548 0.532452 -0.0344539
178.468 37.0929 -121.256 0.512586 0.153512 -0.220548 0.532452 -0.0344539
182.271 38.1026 -130 0.501767 0.140517 -0.220548 0.532452 -0.0344539
178.738 36.6392 -130 0.512586 0.140517 -0.220548 0.532452 -0.0344539
178.738 36.6392 -130 0.512586 0.140517 -0.220548 0.532452 0.034454
182.271 38.1026 -130 0.501767 0.140517 -0.220548 0.532452 0.034454
182.001 38.5563 -138.743 0.501767 0.127523 -0.220548 0.532452 0.034454
178.738 36.6392 -130 0.512586 0.140517 -0.220548 0.532452 0.034454
182.001 38.5563 -138.743 0.501767 0.127523 -0.220548 0.532452 0.034454
178.468 37.0929 -138.743 0.512586 0.127523 -0.220548 0.532452 0.034454
177.004 33.4086 -112.512 0.475646 0.114528 -0.53339 0.220938 0.00382172
178.468 36.9417 -112.512 0.486466 0.114528 -0.53339 0.220938 0.00382172
178.468 37.0929 -121.256 0.486466 0.127523 -0.53339 0.220938 0.00382172
177.004 33.4086 -112.512 0.475646 0.114528 -0.53339 0.220938 0.00382172
178.468 37.0929 -121.256 0.486466 0.127523 -0.53339 0.220938 0.00382172
177.004 33.5598 -121.256 0.475646 0.127523 -0.53339 0.220938 0.00382172
177.004 33.5598 -121.256 0.475646 0.127523 -0.532776 0.220684 -0.0279362
178.468 37.0929 -121.256 0.486466 0.127523 -0.532776 0.220684 -0.0279362
178.738 36.6392 -130 0.486466 0.140517 -0.532776 0.220684 -0.0279362
177.004 33.5598 -121.256 0.475646 0.127523 -0.532776 0.220684 -0.0279362
178.738 36.6392 -130 0.486466 0.140517 -0.532776 0.220684 -0.0279362
177.275 33.1061 -130 0.475646 0.140517 -0.532776 0.220684 -0.0279362
177.275 33.1061 -130 0.475646 0.140517 -0.532776 0.220684 0.0279363
178.738 36.6392 -130 0.486466 0.140517 -0.532776 0.220684 0.0279363
178.468 37.0929 -138.743 0.486466 0.153512 -0.532776 0.220684 0.0279363
177.275 33.1061 -130 0.475646 0.140517 -0.532776 0.220684 0.0279363
178.468 37.0929 -138.743 0.486466 0.153512 -0.532776 0.220684 0.0279363
177.004 33.5598 -138.743 0.475646 0.153512 -0.532776 0.220684 0.0279363
182.001 28.4121 -112.512 0.449526 0.114528 -0.220914 -0.533334 -0.00922528
178.468 29.8755 -112.512 0.460345 0.114528 -0.220914 -0.533334 -0.00922528
178.468 30.0268 -121.256 0.460345 0.127523 -0.220914 -0.533334 -0.00922528
182.001 28.4121 -112.512 0.449526 0.114528 -0.220914 -0.533334 -0.00922528
178.468 30.0268 -121.256 0.460345 0.127523 -0.220914 -0.533334 -0.00922528
182.001 28.5634 -121.256 0.449526 0.127523 -0.220914 -0.533334 -0.00922528
182.001 28.5634 -121.256 0.449526 0.127523 -0.220798 -0.533055 0.0208296
178.468 30.0268 -121.256 0.460345 0.127523 -0.220798 -0.533055 0.0208296
178.738 29.573 -130 0.460345 0.140517 -0.220798 -0.533055 0.0208296
182.001 28.5634 -121.256 0.449526 0.127523 -0.220798 -0.533055 0.0208296
178.738 29.573 -130 0.460345 0.140517 -0.220798 -0.533055 0.0208296
182.271 28.1096 -130 0.449526 0.140517 -0.220798 -0.533055 0.0208296
182.271 28.1096 -130 0.449526 0.140517 -0.220798 -0.533055 -0.0208297
178.738 29.573 -130 0.460345 0.140517 -0.220798 -0.533055 -0.0208297
178.468 30.0268 -138.743 0.460345 0.153512 -0.220798 -0.533055 -0.0208297
182.271 28.1096 -130 0.449526 0.140517 -0.220798 -0.533055 -0.0208297
178.468 30.0268 -138.743 0.460345 0.153512 -0.220798 -0.533055 -0.0208297
182.001 28.5634 -138.743 0.449526 0.153512 -0.220798 -0.533055 -0.0208297
185.534 29.8755 -112.512 0.423405 0.166507 0.220914 -0.533334 -0.00922529
182.001 28.4121 -112.512 0.412586 0.166507 0.220914 -0.533334 -0.00922529
182.001 28.5634 -121.256 0.412586 0.153512 0.220914 -0.533334 -0.00922529
185.534 29.8755 -112.512 0.423405 0.166507 0.220914 -0.533334 -0.00922529
182.001 28.5634 -121.256 0.412586 0.153512 0.220914 -0.533334 -0.00922529
185.534 30.0268 -121.256 0.423405 0.153512 0.220914 -0.533334 -0.00922529
185.534 30.0268 -121.256 0.423405 0.153512 0.220548 -0.532452 0.0344539
182.001 28.5634 -121.256 0.412586 0.153512 0.220548 -0.532452 0.0344539
182.271 28.1096 -130 0.412586 0.140517 0.220548 -0.532452 0.0344539
185.534 30.0268 -121.256 0.423405 0.153512 0.220548 -0.532452 0.0344539
182.271 28.1096 -130 0.412586 0.140517 0.220548 -0.532452 0.0344539
185.804 29.573 -130 0.423405 0.140517 0.220548 -0.532452 0.0344539
185.804 29.573 -130 0.423405 0.140517 0.220548 -0.532452 -0.034454
182.271 28.1096 -130 0.412586 0.140517 0.220548 -0.532452 -0.034454
182.001 28.5634 -138.743 0.412586 0.127523 0.220548 -0.532452 -0.034454
185.804 29.573 -130 0.423405 0.140517 0.220548 -0.532452 -0.034454
182.001 28.5634 -138.743 0.412586 0.127523 0.220548 -0.532452 -0.034454
185.534 30.0268 -138.743 0.423405 0.127523 0.220548 -0.532452 -0.034454
186.997 33.4086 -112.512 0.438706 0.166507 0.53339 -0.220938 -0.00382167
185.534 29.8755 -112.512 0.423405 0.166507 0.53339 -0.220938 -0.00382167
185.534 30.0268 -121.256 0.423405 0.153512 0.53339 -0.220938 -0.00382167
186.997 33.4086 -112.512 0.438706 0.166507 0.53339 -0.220938 -0.00382167
185.534 30.0268 -121.256 0.423405 0.153512 0.53339 -0.220938 -0.00382167
186.997 33.5598 -121.256 0.438706 0.153512 0.53339 -0.220938 -0.00382167
186.997 33.5598 -121.256 0.438706 0.153512 0.532776 -0.220684 0.0279362
185.534 30.0268 -121.256 0.423405 0.153512 0.532776 -0.220684 0.0279362
185.804 29.573 -130 0.423405 0.140517 0.532776 -0.220684 0.0279362
186.997 33.5598 -121.256 0.438706 0.153512 0.532776 -0.220684 0.0279362
185.804 29.573 -130 0.423405 0.140517 0.532776 -0.220684 0.0279362
187.268 33.1061 -130 0.438706 0.140517 0.532776 -0.220684 0.0279362
187.268 33.1061 -130 0.438706 0.140517 0.532776 -0.220684 -0.0279363
185.804 29.573 -130 0.423405 0.140517 0.532776 -0.220684 -0.0279363
185.534 30.0268 -138.743 0.423405 0.127523 0.532776 -0.220684 -0.0279363
187.268 33.1061 -130 0.438706 0.140517 0.532776 -0.220684 -0.0279363
185.534 30.0268 -138.743 0.423405 0.127523 0.532776 -0.220684 -0.0279363
186.997 33.5598 -138.743 0.438706 0.127523 0.532776 -0.220684 -0.0279363
190.218 29.1346 -112.512 0.449526 0.166507 0.533088 0.220813 0.0197704
191.681 25.6016 -112.512 0.438706 0.166507 0.533088 0.220813 0.0197704
192.087 25.6016 -123.454 0.438706 0.140517 0.533088 0.220813 0.0197704
190.218 29.1346 -112.512 0.449526 0.166507 0.533088 0.220813 0.0197704
192.087 25.6016 -123.454 0.438706 0.140517 0.533088 0.220813 0.0197704
190.624 29.1346 -123.454 0.449526 0.140517 0.533088 0.220813 0.0197704
181.688 25.6016 -112.512 0.475646 0.114528 -0.533088 0.220813 -0.0197704
183.152 29.1346 -112.512 0.486466 0.114528 -0.533088 0.220813 -0.0197704
183.558 29.1346 -123.454 0.486466 0.140517 -0.533088 0.220813 -0.0197704
181.688 25.6016 -112.512 0.475646 0.114528 -0.533088 0.220813 -0.0197704
183.558 29.1346 -123.454 0.486466 0.140517 -0.533088 0.220813 -0.0197704
182.094 25.6016 -123.454 0.475646 0.140517 -0.533088 0.220813 -0.0197704
183.152 22.0685 -112.512 0.460345 0.114528 -0.533088 -0.220813 -0.0197705
181.688 25.6016 -112.512 0.475646 0.114528 -0.533088 -0.220813 -0.0197705
182.094 25.6016 -123.454 0.475646 0.140517 -0.533088 -0.220813 -0.0197705
183.152 22.0685 -112.512 0.460345 0.114528 -0.533088 -0.220813 -0.0197705
182.094 25.6016 -123.454 0.475646 0.140517 -0.533088 -0.220813 -0.0197705
183.558 22.0685 -123.454 0.460345 0.140517 -0.533088 -0.220813 -0.0197705
191.681 25.6016 -112.512 0.438706 0.166507 0.533088 -0.220813 0.0197704
190.218 22.0685 -112.512 0.423405 0.166507 0.533088 -0.220813 0.0197704
190.624 22.0685 -123.454 0.423405 0.140517 0.533088 -0.220813 0.0197704
191.681 25.6016 -112.512 0.438706 0.166507 0.533088 -0.220813 0.0197704
190.624 22.0685 -123.454 0.423405 0.140517 0.533088 -0.220813 0.0197704
192.087 25.6016 -123.454 0.438706 0.140517 0.533088 -0.220813 0.0197704
180.85 29.1346 -112.512 0.449526 0.166507 0.532763 0.220678 -0.0282298
182.313 25.6016 -112.512 0.438706 0.166507 0.532763 0.220678 -0.0282298
181.739 25.6016 -123.341 0.438706 0.153512 0.532763 0.220678 -0.0282298
180.85 29.1346 -112.512 0.449526 0.166507 0.532763 0.220678 -0.0282298
181.739 25.6016 -123.341 0.438706 0.153512 0.532763 0.220678 -0.0282298
180.276 29.1346 -123.341 0.449526 0.153512 0.532763 0.220678 -0.0282298
180.276 29.1346 -123.341 0.449526 0.153512 0.533401 0.220942 -0
181.739 25.6016 -123.341 0.438706 0.153512 0.533401 0.220942 -0
181.739 25.6016 -132.085 0.438706 0.140517 0.533401 0.220942 -0
180.276 29.1346 -123.341 0.449526 0.153512 0.533401 0.220942 -0
181.739 25.6016 -132.085 0.438706 0.140517 0.533401 0.220942 -0
180.276 29.1346 -132.085 0.449526 0.140517 0.533401 0.220942 -0
180.276 29.1346 -132.085 0.449526 0.140517 0.533401 0.220942 -0
181.739 25.6016 -132.085 0.438706 0.140517 0.533401 0.220942 -0
181.739 25.6016 -140.829 0.438706 0.127523 0.533401 0.220942 -0
180.276 29.1346 -132.085 0.449526 0.140517 0.533401 0.220942 -0
181.739 25.6016 -140.829 0.438706 0.127523 0.533401 0.220942 -0
180.276 29.1346 -140.829 0.449526 0.127523 0.533401 0.220942 -0
172.32 25.6016 -112.512 0.475646 0.114528 -0.532763 0.220678 0.0282298
173.783 29.1346 -112.512 0.486466 0.114528 -0.532763 0.220678 0.0282298
173.21 29.1346 -123.341 0.486466 0.127523 -0.532763 0.220678 0.0282298
172.32 25.6016 -112.512 0.475646 0.114528 -0.532763 0.220678 0.0282298
173.21 29.1346 -123.341 0.486466 0.127523 -0.532763 0.220678 0.0282298
171.746 25.6016 -123.341 0.475646 0.127523 -0.532763 0.220678 0.0282298
171.746 25.6016 -123.341 0.475646 0.127523 -0.533401 0.220943 -0
173.21 29.1346 -123.341 0.486466 0.127523 -0.533401 0.220943 -0
173.21 29.1346 -132.085 0.486466 0.140517 -0.533401 0.220943 -0
171.746 25.6016 -123.341 0.475646 0.127523 -0.533401 0.220943 -0
173.21 29.1346 -132.085 0.486466 0.140517 -0.533401 0.220943 -0
171.746 25.6016 -132.085 0.475646 0.140517 -0.533401 0.220943 -0
171.746 25.6016 -132.085 0.475646 0.140517 -0.533401 0.220943 -0
173.21 29.1346 -132.085 0.486466 0.140517 -0.533401 0.220943 -0
173.21 29.1346 -140.829 0.486466 0.153512 -0.533401 0.220943 1.09651e-07
171.746 25.6016 -132.085 0.475646 0.140517 -0.533401 0.220943 -0
173.21 29.1346 -140.829 0.486466 0.153512 -0.533401 0.220943 1.09651e-07
171.746 25.6016 -140.829 0.475646 0.153512 -0.533401 0.220943 1.09651e-07
173.783 22.0685 -112.512 0.460345 0.114528 -0.532763 -0.220678 0.0282298
172.32 25.6016 -112.512 0.475646 0.114528 -0.532763 -0.220678 0.0282298
171.746 25.6016 -123.341 0.475646 0.127523 -0.532763 -0.220678 0.0282298
173.783 22.0685 -112.512 0.460345 0.114528 -0.532763 -0.220678 0.0282298
171.746 25.6016 -123.341 0.475646 0.127523 -0.532763 -0.220678 0.0282298
173.21 22.0685 -123.341 0.460345 0.127523 -0.532763 -0.220678 0.0282298
173.21 22.0685 -123.341 0.460345 0.127523 -0.533401 -0.220943 -0
171.746 25.6016 -123.341 0.475646 0.127523 -0.533401 -0.220943 -0
171.746 25.6016 -132.085 0.475646 0.140517 -0.533401 -0.220943 -0
173.21 22.0685 -123.341 0.460345 0.127523 -0.533401 -0.220943 -0
171.746 25.6016 -132.085 0.475646 0.140517 -0.533401 -0.220943 -0
173.21 22.0685 -132.085 0.460345 0.140517 -0.533401 -0.220943 -0
173.21 22.0685 -132.085 0.460345 0.140517 -0.533401 -0.220943 -0
171.746 25.6016 -132.085 0.475646 0.140517 -0.533401 -0.220943 -0
171.746 25.6016 -140.829 0.475646 0.153512 -0.533401 -0.220943 8.61346e-08
173.21 22.0685 -132.085 0.460345 0.140517 -0.533401 -0.220943 -0
171.746 25.6016 -140.829 0.475646 0.153512 -0.533401 -0.220943 8.61346e-08
173.21 22.0685 -140.829 0.460345 0.153512 -0.533401 -0.220943 8.61346e-08
182.313 25.6016 -112.512 0.438706 0.166507 0.532763 -0.220678 -0.0282298
180.85 22.0685 -112.512 0.423405 0.166507 0.532763 -0.220678 -0.0282298
180.276 22.0685 -123.341 0.423405 0.153512 0.532763 -0.220678 -0.0282298
182.313 25.6016 -112.512 0.438706 0.166507 0.532763 -0.220678 -0.0282298
180.276 22.0685 -123.341 0.423405 0.153512 0.532763 -0.220678 -0.0282298
181.739 25.6016 -123.341 0.438706 0.153512 0.532763 -0.220678 -0.0282298
181.739 25.6016 -123.341 0.438706 0.153512 0.533401 -0.220942 -0
180.276 22.0685 -123.341 0.423405 0.153512 0.533401 -0.220942 -0
180.276 22.0685 -132.085 0.423405 0.140517 0.533401 -0.220942 -0
181.739 25.6016 -123.341 0.438706 0.153512 0.533401 -0.220942 -0
180.276 22.0685 -132.085 0.423405 0.140517 0.533401 -0.220942 -0
181.739 25.6016 -132.085 0.438706 0.140517 0.533401 -0.220942 -0
181.739 25.6016 -132.085 0.438706 0.140517 0.533401 -0.220942 -0
180.276 22.0685 -132.085 0.423405 0.140517 0.533401 -0.220942 -0
180.276 22.0685 -140.829 0.423405 0.127523 0.533401 -0.220942 -0
181.739 25.6016 -132.085 0.438706 0.140517 0.533401 -0.220942 -0
180.276 22.0685 -140.829 0.423405 0.127523 0.533401 -0.220942 -0
181.739 25.6016 -140.829 0.438706 0.127523 0.533401 -0.220942 -0
